#ITER       #BEST_FO       #MEDIA_FO
1                 0    1.15423e+07
2                 0         280178
3                 0          40506
4                 0        31137.4
5                 0        26804.5
6                 0        24840.1
7                 0        21267.2
8                 0        18969.8
9                 0        17728.3
10                 0        16182.2
11                 0        14881.3
12                 0        13906.7
13                 0        12729.4
14                 0        12022.3
15                 0        11789.8
16                 0          11619
17                 0        11286.1
18                 0        11231.7
19                 0        11109.2
20                 0        11106.8
21                 0        10819.9
22                 0        10472.5
23                 0          10346
24                 0        9967.54
25                 0        9823.04
26                 0        9661.04
27                 0        9526.18
28                 0        9379.65
29                 0        9097.32
30                 0        9034.77
31                 0        8822.86
32                 0        8661.85
33                 0        8413.36
34                 0        8188.15
35                 0        8075.37
36                 0        7771.13
37                 0        7612.34
38                 0        7609.16
39                 0        7560.34
40                 0        7520.27
41                 0        7458.55
42                 0        7351.24
43                 0        7269.94
44                 0        7241.49
45                 0        7217.86
46                 0        6994.96
47                 0        6802.24
48                 0        6798.39
49                 0        6786.29
50                 0        6786.05
51                 0        6745.38
52                 0        6605.68
53                 0        6564.68
54                 0        6483.89
55                 0        6475.88
56                 0        6375.96
57                 0        6373.96
58                 0        6258.27
59                 0        6255.95
60                 0        6238.83
61                 0        6195.19
62                 0        6194.32
63                 0        6191.48
64                 0           6120
65                 0        6009.33
66                 0        5982.33
67                 0        5972.82
68                 0        5951.46
69                 0        5891.59
70                 0        5877.12
71                 0        5783.87
72                 0        5782.01
73                 0        5762.84
74                 0        5762.45
75                 0        5752.15
76                 0        5751.95
77                 0        5751.94
78                 0        5751.94
79                 0        5749.71
80                 0        5696.76
81                 0        5682.85
82                 0        5682.57
83                 0        5668.31
84                 0        5618.57
85                 0        5586.41
86                 0         5580.7
87                 0        5570.34
88                 0        5570.14
89                 0        5570.13
90                 0        5539.18
91                 0        5462.18
92                 0        5400.05
93                 0        5398.81
94                 0        5398.79
95                 0        5398.79
96                 0        5398.79
97                 0        5358.48
98                 0        5357.68
99                 0        5277.54
100                 0        5275.94
101                 0        5267.46
102                 0        5254.98
103                 0        5251.43
104                 0        5251.36
105                 0        5179.39
106                 0        5153.54
107                 0           5149
108                 0        5148.91
109                 0        5148.91
110                 0        5148.91
111                 0        5148.58
112                 0         5129.2
113                 0        5128.82
114                 0        5128.81
115                 0        5071.94
116                 0        5069.68
117                 0        5069.63
118                 0        5043.03
119                 0         5042.5
120                 0        5026.35
121                 0        5022.74
122                 0        5022.67
123                 0        5001.65
124                 0        4959.72
125                 0        4958.88
126                 0        4924.09
127                 0         4923.4
128                 0        4900.15
129                 0        4899.68
130                 0        4869.49
131                 0        4845.39
132                 0        4840.71
133                 0        4839.27
134                 0         4816.6
135                 0        4816.14
136                 0        4800.15
137                 0        4799.83
138                 0        4797.39
139                 0        4797.34
140                 0        4777.46
141                 0        4777.06
142                 0        4772.43
143                 0        4724.28
144                 0        4704.64
145                 0        4688.76
146                 0        4688.44
147                 0        4688.44
148                 0        4669.41
149                 0        4669.02
150                 0        4669.02
151                 0        4669.02
152                 0        4669.02
153                 0        4646.46
154                 0           4646
155                 0           4646
156                 0        4641.44
157                 0        4641.35
158                 0        4641.34
159                 0        4641.34
160                 0        4641.34
161                 0        4597.98
162                 0        4580.01
163                 0        4579.65
164                 0        4568.69
165                 0        4550.98
166                 0        4550.62
167                 0        4550.61
168                 0        4550.61
169                 0        4550.61
170                 0        4533.99
171                 0        4533.66
172                 0        4529.26
173                 0        4529.18
174                 0        4529.17
175                 0        4529.17
176                 0        4529.17
177                 0        4523.66
178                 0        4523.55
179                 0        4523.54
180                 0        4512.05
181                 0        4511.82
182                 0        4511.82
183                 0        4497.75
184                 0        4497.47
185                 0        4497.46
186                 0        4479.46
187                 0        4478.56
188                 0        4474.83
189                 0        4474.76
190                 0        4474.76
191                 0        4469.17
192                 0        4469.06
193                 0        4459.53
194                 0        4449.02
195                 0        4448.81
196                 0        4435.59
197                 0        4435.32
198                 0        4435.32
199                 0        4435.32
200                 0        4435.32
201                 0        4435.32
202                 0        4433.26
203                 0        4408.43
204                 0         4401.6
205                 0        4399.04
206                 0        4398.99
207                 0        4398.99
208                 0        4398.99
209                 0        4398.99
210                 0        4389.63
211                 0        4389.44
212                 0        4389.44
213                 0        4389.44
214                 0        4389.44
215                 0        4389.44
216                 0        4389.44
217                 0        4385.29
218                 0        4385.21
219                 0         4385.2
220                 0         4385.2
221                 0        4377.81
222                 0        4366.79
223                 0         4355.1
224                 0        4354.86
225                 0        4354.86
226                 0        4350.29
227                 0        4350.19
228                 0        4331.77
229                 0         4331.2
230                 0        4331.18
231                 0        4331.18
232                 0        4331.18
233                 0         4323.5
234                 0        4323.35
235                 0        4323.35
236                 0        4323.35
237                 0        4323.33
238                 0        4323.33
239                 0        4323.33
240                 0        4323.33
241                 0        4323.33
242                 0        4323.33
243                 0        4323.33
244                 0        4323.33
245                 0        4323.33
246                 0        4323.33
247                 0        4323.33
248                 0        4309.78
249                 0        4309.51
250                 0        4309.51
251                 0        4309.51
252                 0        4309.51
253                 0        4309.51
254                 0        4303.72
255                 0        4303.61
256                 0        4303.61
257                 0        4303.61
258                 0        4303.61
259                 0        4301.15
260                 0         4301.1
261                 0         4301.1
262                 0         4301.1
263                 0         4301.1
264                 0        4289.36
265                 0        4289.13
266                 0        4289.12
267                 0        4289.12
268                 0        4289.12
269                 0        4288.58
270                 0        4288.57
271                 0        4288.57
272                 0        4288.57
273                 0        4285.38
274                 0        4285.32
275                 0        4279.09
276                 0        4278.97
277                 0        4278.96
278                 0        4278.96
279                 0         4270.3
280                 0        4266.82
281                 0        4266.75
282                 0        4266.75
283                 0        4264.24
284                 0        4264.19
285                 0        4264.19
286                 0        4264.19
287                 0        4264.19
288                 0        4264.19
289                 0        4264.19
290                 0        4264.19
291                 0        4264.19
292                 0        4264.19
293                 0        4264.19
294                 0        4264.19
295                 0        4264.19
296                 0         4257.3
297                 0        4251.45
298                 0         4245.3
299                 0        4245.18
300                 0        4244.68
301                 0        4239.94
302                 0        4239.85
303                 0        4239.85
304                 0        4230.67
305                 0        4230.45
306                 0        4230.45
307                 0        4230.45
308                 0        4230.45
309                 0        4224.72
310                 0        4224.61
311                 0         4224.6
312                 0         4224.6
313                 0         4224.6
314                 0        4220.68
315                 0        4218.37
316                 0        4218.32
317                 0        4218.32
318                 0        4218.32
319                 0        4218.32
320                 0        4218.32
321                 0        4218.32
322                 0        4211.67
323                 0        4211.54
324                 0        4211.54
325                 0        4211.54
326                 0        4211.54
327                 0        4211.54
328                 0        4211.18
329                 0        4211.17
330                 0        4204.02
331                 0        4203.88
332                 0        4203.88
333                 0        4203.88
334                 0        4203.88
335                 0        4203.88
336                 0        4203.88
337                 0        4197.15
338                 0        4197.02
339                 0        4197.02
340                 0        4196.76
341                 0        4195.65
342                 0        4195.63
343                 0        4195.63
344                 0        4195.63
345                 0        4189.59
346                 0        4189.47
347                 0        4189.47
348                 0        4183.47
349                 0        4183.35
350                 0        4180.19
351                 0        4180.13
352                 0        4180.13
353                 0        4180.13
354                 0        4180.13
355                 0        4180.13
356                 0        4180.13
357                 0        4180.13
358                 0        4169.68
359                 0        4169.47
360                 0        4169.46
361                 0        4169.46
362                 0        4169.46
363                 0        4169.46
364                 0        4169.46
365                 0        4166.25
366                 0        4166.19
367                 0        4156.19
368                 0        4155.46
369                 0        4155.44
370                 0        4155.44
371                 0        4153.53
372                 0        4153.49
373                 0        4153.49
374                 0        4153.49
375                 0        4153.49
376                 0        4153.49
377                 0        4153.49
378                 0        4153.49
379                 0        4153.49
380                 0        4153.49
381                 0        4152.34
382                 0        4147.85
383                 0        4147.76
384                 0        4147.76
385                 0        4147.76
386                 0        4147.76
387                 0        4147.76
388                 0        4147.76
389                 0        4147.76
390                 0        4147.76
391                 0        4147.76
392                 0        4147.76
393                 0        4147.76
394                 0        4147.76
395                 0        4147.76
396                 0        4147.76
397                 0        4147.76
398                 0         4142.6
399                 0         4142.5
400                 0        4135.61
401                 0        4135.47
402                 0        4135.47
403                 0        4135.47
404                 0        4131.72
405                 0        4131.64
406                 0        4131.64
407                 0        4131.64
408                 0        4131.64
409                 0        4131.64
410                 0        4131.64
411                 0        4123.02
412                 0        4122.85
413                 0        4120.39
414                 0        4120.34
415                 0        4120.34
416                 0        4120.34
417                 0        4120.34
418                 0        4120.34
419                 0        4120.34
420                 0        4120.34
421                 0        4120.34
422                 0        4120.34
423                 0        4120.34
424                 0        4120.34
425                 0        4120.34
426                 0        4116.94
427                 0        4116.87
428                 0        4116.87
429                 0        4116.87
430                 0        4116.87
431                 0        4116.87
432                 0        4116.87
433                 0        4116.85
434                 0        4116.85
435                 0        4116.85
436                 0        4116.85
437                 0        4116.85
438                 0        4113.13
439                 0        4113.05
440                 0        4113.05
441                 0        4113.05
442                 0        4113.05
443                 0        4113.05
444                 0        4113.05
445                 0        4113.05
446                 0        4113.05
447                 0        4111.02
448                 0        4110.98
449                 0        4110.98
450                 0        4110.98
451                 0        4110.98
452                 0        4110.98
453                 0        4109.28
454                 0        4109.24
455                 0        4109.24
456                 0        4109.24
457                 0        4109.24
458                 0        4109.24
459                 0        4105.53
460                 0        4105.45
461                 0        4105.45
462                 0        4105.45
463                 0        4105.45
464                 0        4103.29
465                 0        4103.25
466                 0        4103.25
467                 0        4103.25
468                 0        4103.25
469                 0        4103.25
470                 0        4103.25
471                 0        4103.25
472                 0        4103.25
473                 0        4103.25
474                 0        4103.25
475                 0        4103.25
476                 0        4103.25
477                 0        4103.25
478                 0        4103.25
479                 0        4103.25
480                 0        4103.25
481                 0        4103.25
482                 0        4103.25
483                 0        4103.25
484                 0        4103.25
485                 0        4103.25
486                 0        4103.25
487                 0        4103.25
488                 0        4102.85
489                 0        4102.84
490                 0        4096.85
491                 0        4096.73
492                 0        4096.72
493                 0        4096.72
494                 0        4096.72
495                 0        4096.72
496                 0        4092.91
497                 0        4092.83
498                 0        4092.83
499                 0        4092.83
500                 0        4092.83
501                 0        4092.83
502                 0        4092.83
503                 0        4092.83
504                 0        4092.83
505                 0        4092.83
506                 0        4092.83
507                 0         4089.8
508                 0        4089.74
509                 0        4089.74
510                 0        4089.74
511                 0        4089.74
512                 0        4089.74
513                 0        4089.74
514                 0        4089.74
515                 0        4089.74
516                 0        4088.47
517                 0        4088.45
518                 0        4088.44
519                 0        4088.44
520                 0        4087.81
521                 0         4087.8
522                 0         4087.8
523                 0         4087.8
524                 0         4087.8
525                 0         4087.8
526                 0         4087.8
527                 0         4087.8
528                 0         4087.8
529                 0         4087.8
530                 0         4087.8
531                 0         4087.8
532                 0         4087.8
533                 0         4087.8
534                 0         4087.8
535                 0         4087.8
536                 0         4087.8
537                 0         4087.8
538                 0         4087.8
539                 0         4087.8
540                 0         4087.8
541                 0         4086.4
542                 0        4086.37
543                 0        4086.37
544                 0        4086.37
545                 0        4086.37
546                 0        4084.11
547                 0        4084.07
548                 0        4084.07
549                 0        4084.07
550                 0        4084.07
551                 0        4081.22
552                 0        4081.16
553                 0        4081.16
554                 0        4081.16
555                 0        4081.16
556                 0        4081.16
557                 0        4081.16
558                 0        4081.16
559                 0        4081.16
560                 0        4081.16
561                 0        4081.16
562                 0        4081.16
563                 0        4081.16
564                 0        4081.16
565                 0        4081.16
566                 0        4081.16
567                 0        4081.16
568                 0        4081.16
569                 0        4081.16
570                 0        4081.16
571                 0        4081.16
572                 0        4081.16
573                 0         4075.9
574                 0         4075.8
575                 0         4075.8
576                 0         4075.8
577                 0         4075.8
578                 0         4075.8
579                 0         4075.8
580                 0        4075.39
581                 0        4075.39
582                 0        4075.39
583                 0        4075.39
584                 0        4075.39
585                 0        4075.39
586                 0        4075.39
587                 0        4075.39
588                 0        4075.39
589                 0        4075.39
590                 0        4075.39
591                 0        4075.39
592                 0         4066.4
593                 0        4066.22
594                 0        4066.22
595                 0        4066.22
596                 0        4066.22
597                 0        4066.22
598                 0        4066.22
599                 0        4066.22
600                 0        4066.22
601                 0        4066.22
602                 0        4066.22
603                 0        4066.22
604                 0        4064.46
605                 0        4064.42
606                 0        4064.42
607                 0        4064.42
608                 0        4063.38
609                 0        4063.36
610                 0        4063.36
611                 0        4063.36
612                 0        4063.36
613                 0        4063.36
614                 0        4063.36
615                 0        4063.36
616                 0        4063.36
617                 0        4063.36
618                 0        4063.36
619                 0        4062.96
620                 0        4062.95
621                 0        4062.95
622                 0        4062.95
623                 0        4062.95
624                 0        4062.95
625                 0        4062.95
626                 0        4058.07
627                 0        4055.56
628                 0        4055.51
629                 0        4055.51
630                 0        4055.51
631                 0        4055.51
632                 0        4055.51
633                 0        4055.51
634                 0        4045.34
635                 0        4045.14
636                 0        4045.13
637                 0        4045.13
638                 0        4045.13
639                 0        4045.13
640                 0        4045.13
641                 0        4045.13
642                 0        4045.13
643                 0        4045.13
644                 0        4045.13
645                 0        4045.13
646                 0        4045.13
647                 0        4045.13
648                 0        4045.13
649                 0        4044.49
650                 0        4044.48
651                 0        4043.71
652                 0        4042.39
653                 0        4042.37
654                 0        4042.37
655                 0        4042.37
656                 0        4042.37
657                 0        4042.37
658                 0        4042.37
659                 0        4042.09
660                 0        4042.09
661                 0        4042.09
662                 0        4042.09
663                 0        4042.09
664                 0        4040.09
665                 0        4040.05
666                 0        4040.05
667                 0        4040.05
668                 0        4040.05
669                 0        4040.05
670                 0        4040.05
671                 0        4040.05
672                 0        4039.88
673                 0        4039.88
674                 0        4037.37
675                 0        4037.32
676                 0        4037.32
677                 0        4037.25
678                 0        4037.24
679                 0        4037.24
680                 0        4036.29
681                 0        4036.27
682                 0        4036.27
683                 0        4035.61
684                 0         4035.6
685                 0        4033.94
686                 0         4026.2
687                 0        4026.05
688                 0        4026.05
689                 0        4026.05
690                 0        4026.05
691                 0        4026.05
692                 0        4026.05
693                 0        4026.05
694                 0        4026.05
695                 0        4026.05
696                 0        4026.05
697                 0        4026.05
698                 0        4024.68
699                 0        4024.65
700                 0        4024.65
701                 0        4024.65
702                 0        4024.65
703                 0        4024.65
704                 0        4021.85
705                 0        4021.79
706                 0        4021.79
707                 0        4021.79
708                 0        4021.79
709                 0        4021.79
710                 0        4021.79
711                 0        4019.75
712                 0        4019.71
713                 0        4019.71
714                 0        4019.71
715                 0        4017.83
716                 0        4011.65
717                 0        4010.93
718                 0        4010.91
719                 0        4010.91
720                 0        4010.91
721                 0        4010.91
722                 0        4010.91
723                 0        4010.91
724                 0        4007.16
725                 0        4005.33
726                 0         4005.3
727                 0        4005.29
728                 0        4005.29
729                 0        4002.01
730                 0        4001.94
731                 0        4001.05
732                 0        4001.03
733                 0        4001.03
734                 0        4000.96
735                 0        4000.96
736                 0        4000.96
737                 0        4000.96
738                 0        4000.96
739                 0        4000.96
740                 0        4000.96
741                 0        4000.96
742                 0        3996.34
743                 0        3996.25
744                 0        3996.25
745                 0        3996.25
746                 0        3996.25
747                 0        3996.25
748                 0        3994.59
749                 0        3994.55
750                 0        3994.55
751                 0        3989.41
752                 0        3989.31
753                 0        3989.31
754                 0        3989.31
755                 0        3989.31
756                 0        3989.31
757                 0        3989.31
758                 0        3989.31
759                 0        3989.31
760                 0        3989.31
761                 0        3989.31
762                 0        3989.31
763                 0        3989.31
764                 0        3989.31
765                 0        3989.31
766                 0        3989.31
767                 0        3989.31
768                 0        3989.31
769                 0        3989.31
770                 0        3989.31
771                 0        3984.98
772                 0         3984.9
773                 0        3984.37
774                 0        3984.36
775                 0        3984.36
776                 0        3984.36
777                 0        3984.36
778                 0        3983.78
779                 0        3983.77
780                 0        3983.77
781                 0        3983.77
782                 0        3983.77
783                 0        3983.77
784                 0        3983.77
785                 0        3983.77
786                 0        3983.77
787                 0        3983.77
788                 0        3983.77
789                 0        3983.77
790                 0        3983.77
791                 0        3983.77
792                 0        3980.68
793                 0        3980.62
794                 0        3980.62
795                 0        3980.62
796                 0        3980.62
797                 0        3980.62
798                 0        3980.62
799                 0        3980.62
800                 0        3980.62
801                 0        3980.62
802                 0        3979.55
803                 0        3979.52
804                 0        3979.52
805                 0        3979.52
806                 0        3979.52
807                 0        3979.52
808                 0        3979.52
809                 0        3979.52
810                 0        3979.52
811                 0        3979.52
812                 0         3979.4
813                 0         3979.4
814                 0         3979.4
815                 0         3979.4
816                 0         3979.4
817                 0         3978.5
818                 0        3978.48
819                 0        3978.48
820                 0        3978.48
821                 0        3978.48
822                 0        3978.48
823                 0        3978.48
824                 0        3978.48
825                 0        3976.18
826                 0        3976.13
827                 0        3976.13
828                 0        3976.13
829                 0        3976.13
830                 0        3975.43
831                 0        3975.42
832                 0        3975.42
833                 0        3975.42
834                 0        3975.42
835                 0        3973.42
836                 0        3973.38
837                 0        3972.37
838                 0        3972.35
839                 0        3972.35
840                 0        3972.35
841                 0        3972.21
842                 0         3972.2
843                 0        3971.04
844                 0        3971.01
845                 0        3970.86
846                 0        3970.86
847                 0        3970.86
848                 0        3970.86
849                 0        3970.12
850                 0         3970.1
851                 0         3970.1
852                 0         3970.1
853                 0         3970.1
854                 0         3970.1
855                 0         3970.1
856                 0         3970.1
857                 0         3970.1
858                 0         3970.1
859                 0         3970.1
860                 0         3970.1
861                 0         3970.1
862                 0         3970.1
863                 0         3970.1
864                 0         3970.1
865                 0         3970.1
866                 0         3970.1
867                 0         3970.1
868                 0         3970.1
869                 0         3970.1
870                 0         3970.1
871                 0         3970.1
872                 0         3970.1
873                 0         3970.1
874                 0         3970.1
875                 0        3967.61
876                 0        3966.84
877                 0        3966.83
878                 0        3966.83
879                 0        3966.83
880                 0        3966.83
881                 0        3966.83
882                 0        3966.83
883                 0        3966.83
884                 0        3965.92
885                 0         3965.9
886                 0         3965.9
887                 0         3965.9
888                 0         3965.9
889                 0         3965.9
890                 0         3965.9
891                 0        3964.16
892                 0        3964.12
893                 0        3964.12
894                 0        3964.12
895                 0        3964.12
896                 0        3964.12
897                 0        3964.12
898                 0        3964.12
899                 0        3964.12
900                 0        3964.12
901                 0        3964.08
902                 0        3964.08
903                 0        3964.08
904                 0        3964.08
905                 0        3964.08
906                 0        3964.08
907                 0        3964.08
908                 0        3964.08
909                 0        3964.08
910                 0        3964.08
911                 0        3964.08
912                 0        3964.08
913                 0        3964.08
914                 0        3964.08
915                 0        3964.08
916                 0        3964.08
917                 0        3964.08
918                 0        3964.08
919                 0        3964.08
920                 0        3964.08
921                 0        3963.82
922                 0        3963.82
923                 0        3963.82
924                 0        3963.82
925                 0        3963.82
926                 0        3963.82
927                 0        3963.82
928                 0        3963.82
929                 0        3963.82
930                 0        3962.59
931                 0        3962.57
932                 0        3962.57
933                 0        3962.57
934                 0        3962.57
935                 0        3962.57
936                 0        3962.57
937                 0        3962.57
938                 0        3962.57
939                 0        3962.57
940                 0        3962.57
941                 0        3962.57
942                 0        3962.57
943                 0        3962.57
944                 0        3962.57
945                 0        3962.57
946                 0        3962.57
947                 0        3962.57
948                 0        3962.57
949                 0        3962.57
950                 0        3962.57
951                 0        3962.57
952                 0        3962.57
953                 0        3962.57
954                 0        3962.57
955                 0        3962.57
956                 0        3962.57
957                 0        3962.57
958                 0        3962.57
959                 0        3962.57
960                 0        3962.57
961                 0        3962.57
962                 0        3962.57
963                 0        3962.57
964                 0        3962.57
965                 0        3962.57
966                 0        3962.57
967                 0        3962.57
968                 0        3962.57
969                 0        3962.57
970                 0        3962.57
971                 0        3962.57
972                 0        3962.57
973                 0        3962.57
974                 0        3962.57
975                 0        3962.57
976                 0        3960.58
977                 0        3960.54
978                 0        3960.54
979                 0        3959.62
980                 0        3959.61
981                 0        3959.61
982                 0        3959.61
983                 0        3959.61
984                 0        3959.61
985                 0        3957.01
986                 0        3956.96
987                 0        3956.96
988                 0        3956.96
989                 0        3956.96
990                 0        3956.96
991                 0        3956.96
992                 0        3956.96
993                 0        3956.96
994                 0        3956.96
995                 0        3956.96
996                 0        3956.96
997                 0        3956.96
998                 0        3956.96
999                 0        3956.96
1000                 0        3956.96
1001                 0        3956.96
1002                 0        3956.96
1003                 0        3956.96
1004                 0        3956.96
1005                 0        3956.96
1006                 0        3956.96
1007                 0        3956.96
1008                 0        3956.96
1009                 0        3956.96
1010                 0        3956.96
1011                 0        3956.96
1012                 0        3956.63
1013                 0        3956.62
1014                 0        3956.62
1015                 0        3956.62
1016                 0        3956.62
1017                 0        3956.62
1018                 0        3956.62
1019                 0        3956.62
1020                 0        3956.62
1021                 0        3956.62
1022                 0        3956.62
1023                 0        3956.62
1024                 0        3956.62
1025                 0        3956.62
1026                 0        3956.62
1027                 0        3956.62
1028                 0        3956.62
1029                 0        3956.62
1030                 0        3956.62
1031                 0        3956.62
1032                 0        3956.62
1033                 0        3956.62
1034                 0        3956.62
1035                 0        3956.62
1036                 0        3956.62
1037                 0        3956.62
1038                 0        3956.62
1039                 0        3956.62
1040                 0        3956.62
1041                 0        3956.62
1042                 0        3956.07
1043                 0        3956.06
1044                 0        3956.06
1045                 0        3956.06
1046                 0        3956.06
1047                 0        3956.06
1048                 0        3956.06
1049                 0        3956.06
1050                 0        3956.06
1051                 0        3956.06
1052                 0        3954.49
1053                 0        3954.46
1054                 0        3954.46
1055                 0        3954.46
1056                 0        3954.46
1057                 0        3954.46
1058                 0        3954.46
1059                 0        3954.46
1060                 0        3954.46
1061                 0        3954.46
1062                 0        3954.46
1063                 0        3954.46
1064                 0        3954.46
1065                 0        3954.46
1066                 0        3953.18
1067                 0        3953.15
1068                 0        3953.15
1069                 0        3953.15
1070                 0        3953.15
1071                 0        3953.15
1072                 0        3953.15
1073                 0        3953.15
1074                 0        3953.15
1075                 0        3953.15
1076                 0        3953.15
1077                 0        3953.15
1078                 0        3953.15
1079                 0        3953.15
1080                 0        3953.15
1081                 0        3953.15
1082                 0        3953.15
1083                 0        3953.15
1084                 0        3953.15
1085                 0        3953.15
1086                 0        3952.61
1087                 0         3952.6
1088                 0         3952.6
1089                 0         3952.6
1090                 0         3952.6
1091                 0         3952.6
1092                 0         3952.6
1093                 0         3952.6
1094                 0         3952.6
1095                 0        3952.08
1096                 0        3952.07
1097                 0        3952.07
1098                 0        3952.07
1099                 0        3952.07
1100                 0        3952.07
1101                 0        3952.07
1102                 0        3952.07
1103                 0        3952.07
1104                 0        3952.07
1105                 0        3952.07
1106                 0        3952.07
1107                 0        3952.07
1108                 0        3952.07
1109                 0        3952.07
1110                 0        3952.07
1111                 0        3952.07
1112                 0        3952.07
1113                 0        3952.07
1114                 0        3952.07
1115                 0        3952.07
1116                 0        3952.07
1117                 0        3952.07
1118                 0        3952.07
1119                 0        3952.07
1120                 0        3952.07
1121                 0        3952.07
1122                 0        3952.07
1123                 0        3952.07
1124                 0        3950.25
1125                 0        3950.22
1126                 0        3950.22
1127                 0        3950.22
1128                 0        3950.22
1129                 0        3950.22
1130                 0        3950.22
1131                 0        3950.22
1132                 0        3950.22
1133                 0        3950.22
1134                 0        3950.22
1135                 0        3950.22
1136                 0        3950.22
1137                 0        3950.22
1138                 0        3950.22
1139                 0        3950.22
1140                 0        3950.22
1141                 0        3950.22
1142                 0        3950.22
1143                 0        3948.41
1144                 0        3948.38
1145                 0        3948.38
1146                 0        3948.38
1147                 0        3948.38
1148                 0        3948.38
1149                 0        3948.38
1150                 0        3948.38
1151                 0        3948.38
1152                 0        3948.38
1153                 0        3948.38
1154                 0        3948.38
1155                 0        3948.38
1156                 0        3948.38
1157                 0        3948.38
1158                 0        3948.38
1159                 0        3948.38
1160                 0        3948.38
1161                 0        3948.38
1162                 0        3948.38
1163                 0        3948.38
1164                 0        3948.38
1165                 0        3948.38
1166                 0        3948.38
1167                 0        3948.38
1168                 0        3948.38
1169                 0        3948.38
1170                 0        3948.38
1171                 0        3948.38
1172                 0        3948.38
1173                 0        3948.38
1174                 0        3948.38
1175                 0        3948.38
1176                 0        3948.38
1177                 0        3948.38
1178                 0        3948.38
1179                 0        3948.38
1180                 0        3948.38
1181                 0        3948.38
1182                 0        3948.38
1183                 0        3948.38
1184                 0        3948.38
1185                 0        3948.38
1186                 0        3948.38
1187                 0        3948.38
1188                 0        3948.38
1189                 0        3948.38
1190                 0        3948.38
1191                 0        3948.38
1192                 0        3948.38
1193                 0        3948.38
1194                 0        3948.38
1195                 0        3948.31
1196                 0        3948.31
1197                 0        3948.31
1198                 0        3948.07
1199                 0        3948.06
1200                 0        3948.06
1201                 0        3948.06
1202                 0        3948.06
1203                 0        3948.06
1204                 0        3948.06
1205                 0        3948.06
1206                 0        3948.06
1207                 0        3948.06
1208                 0        3948.06
1209                 0        3948.06
1210                 0        3948.06
1211                 0        3948.06
1212                 0        3948.06
1213                 0        3948.06
1214                 0        3948.06
1215                 0        3948.06
1216                 0        3948.06
1217                 0        3946.97
1218                 0        3946.95
1219                 0        3946.95
1220                 0        3946.95
1221                 0        3946.95
1222                 0        3946.95
1223                 0        3946.95
1224                 0        3946.95
1225                 0        3946.95
1226                 0        3946.95
1227                 0        3946.95
1228                 0        3946.95
1229                 0        3946.95
1230                 0        3946.95
1231                 0        3946.95
1232                 0        3946.95
1233                 0        3946.95
1234                 0        3946.95
1235                 0        3946.95
1236                 0        3946.92
1237                 0        3946.92
1238                 0        3946.92
1239                 0        3946.92
1240                 0        3946.92
1241                 0        3946.92
1242                 0        3946.92
1243                 0        3946.92
1244                 0        3946.92
1245                 0        3946.92
1246                 0        3946.92
1247                 0        3946.92
1248                 0        3946.92
1249                 0        3946.92
1250                 0        3946.92
1251                 0        3946.92
1252                 0        3946.92
1253                 0        3946.92
1254                 0        3946.92
1255                 0        3946.92
1256                 0        3946.92
1257                 0        3946.92
1258                 0        3946.92
1259                 0        3946.92
1260                 0        3946.92
1261                 0        3946.92
1262                 0        3946.24
1263                 0        3946.23
1264                 0        3946.23
1265                 0        3946.23
1266                 0        3946.23
1267                 0        3946.23
1268                 0        3946.23
1269                 0        3946.23
1270                 0        3946.23
1271                 0        3946.23
1272                 0        3946.23
1273                 0        3946.23
1274                 0        3946.23
1275                 0        3946.23
1276                 0        3946.23
1277                 0        3946.23
1278                 0        3946.23
1279                 0        3946.23
1280                 0        3946.23
1281                 0        3946.23
1282                 0        3946.23
1283                 0        3946.23
1284                 0        3946.23
1285                 0        3946.23
1286                 0        3946.23
1287                 0        3946.23
1288                 0        3946.23
1289                 0        3946.23
1290                 0        3946.19
1291                 0        3946.19
1292                 0        3946.19
1293                 0        3946.19
1294                 0        3946.19
1295                 0        3946.19
1296                 0        3946.19
1297                 0        3946.19
1298                 0        3946.19
1299                 0        3946.19
1300                 0        3946.19
1301                 0        3946.19
1302                 0        3946.19
1303                 0        3946.19
1304                 0        3946.19
1305                 0        3946.19
1306                 0        3946.19
1307                 0        3946.19
1308                 0        3946.19
1309                 0        3946.19
1310                 0        3946.19
1311                 0        3946.19
1312                 0        3946.19
1313                 0        3946.19
1314                 0        3946.19
1315                 0        3946.19
1316                 0        3946.19
1317                 0        3946.19
1318                 0        3946.19
1319                 0        3946.19
1320                 0        3946.19
1321                 0        3946.19
1322                 0        3946.19
1323                 0        3946.19
1324                 0        3946.19
1325                 0        3946.19
1326                 0        3946.19
1327                 0        3945.83
1328                 0        3945.83
1329                 0        3945.83
1330                 0        3945.83
1331                 0        3945.83
1332                 0        3945.83
1333                 0        3945.83
1334                 0        3945.83
1335                 0        3945.83
1336                 0        3945.83
1337                 0        3945.83
1338                 0        3945.68
1339                 0        3945.68
1340                 0        3945.68
1341                 0        3945.68
1342                 0        3945.68
1343                 0        3945.68
1344                 0        3945.68
1345                 0        3945.68
1346                 0        3945.68
1347                 0        3945.68
1348                 0        3945.68
1349                 0        3945.28
1350                 0        3945.27
1351                 0        3944.66
1352                 0        3944.65
1353                 0        3944.65
1354                 0        3944.65
1355                 0        3944.65
1356                 0        3944.65
1357                 0        3944.65
1358                 0        3944.65
1359                 0        3944.65
1360                 0        3944.65
1361                 0        3944.65
1362                 0        3944.45
1363                 0        3944.44
1364                 0        3944.44
1365                 0        3944.44
1366                 0        3944.44
1367                 0        3944.44
1368                 0        3944.44
1369                 0        3944.44
1370                 0        3944.44
1371                 0        3944.44
1372                 0        3944.44
1373                 0        3944.44
1374                 0        3943.13
1375                 0         3943.1
1376                 0         3943.1
1377                 0         3943.1
1378                 0         3943.1
1379                 0         3943.1
1380                 0         3943.1
1381                 0         3943.1
1382                 0         3943.1
1383                 0         3943.1
1384                 0         3943.1
1385                 0         3943.1
1386                 0         3943.1
1387                 0         3943.1
1388                 0         3943.1
1389                 0         3943.1
1390                 0        3943.02
1391                 0        3943.02
1392                 0        3943.02
1393                 0        3943.02
1394                 0        3943.02
1395                 0        3943.02
1396                 0        3943.02
1397                 0        3943.02
1398                 0        3943.02
1399                 0        3943.02
1400                 0        3943.02
1401                 0        3943.02
1402                 0        3943.02
1403                 0        3943.02
1404                 0        3943.02
1405                 0        3943.02
1406                 0        3943.02
1407                 0        3943.02
1408                 0        3943.02
1409                 0        3943.02
1410                 0        3943.02
1411                 0        3943.02
1412                 0        3943.02
1413                 0        3943.02
1414                 0        3943.02
1415                 0        3943.02
1416                 0        3943.02
1417                 0        3943.02
1418                 0        3943.02
1419                 0        3943.02
1420                 0        3943.02
1421                 0        3943.02
1422                 0        3943.02
1423                 0        3943.02
1424                 0        3943.02
1425                 0        3943.02
1426                 0        3943.02
1427                 0        3943.02
1428                 0        3943.02
1429                 0        3943.02
1430                 0        3943.02
1431                 0        3943.02
1432                 0        3943.02
1433                 0        3943.02
1434                 0        3943.02
1435                 0        3943.02
1436                 0        3943.02
1437                 0        3943.02
1438                 0        3943.02
1439                 0        3943.02
1440                 0        3943.02
1441                 0        3943.02
1442                 0        3943.02
1443                 0        3943.02
1444                 0        3942.08
1445                 0        3942.06
1446                 0        3942.06
1447                 0        3942.06
1448                 0        3942.06
1449                 0        3942.06
1450                 0        3942.06
1451                 0        3942.06
1452                 0        3941.93
1453                 0        3941.92
1454                 0        3941.92
1455                 0        3941.92
1456                 0        3941.92
1457                 0        3941.92
1458                 0        3941.92
1459                 0        3941.92
1460                 0        3941.92
1461                 0        3941.92
1462                 0        3941.92
1463                 0        3941.92
1464                 0        3941.83
1465                 0        3941.83
1466                 0        3941.83
1467                 0        3941.83
1468                 0        3941.83
1469                 0        3941.83
1470                 0        3941.83
1471                 0        3941.83
1472                 0        3941.83
1473                 0        3941.83
1474                 0        3941.83
1475                 0        3941.83
1476                 0        3941.83
1477                 0        3941.83
1478                 0        3941.83
1479                 0        3941.83
1480                 0        3941.83
1481                 0        3941.83
1482                 0        3941.83
1483                 0        3941.83
1484                 0        3941.83
1485                 0        3941.83
1486                 0        3941.83
1487                 0        3941.26
1488                 0         3940.6
1489                 0        3940.58
1490                 0        3940.41
1491                 0        3940.41
1492                 0        3940.41
1493                 0        3940.41
1494                 0        3940.41
1495                 0        3940.41
1496                 0        3940.41
1497                 0        3940.41
1498                 0        3940.41
1499                 0        3940.41
1500                 0        3940.41
1501                 0        3940.41
1502                 0        3940.41
1503                 0        3940.41
1504                 0        3940.41
1505                 0        3940.41
1506                 0        3940.41
1507                 0        3940.41
1508                 0        3940.41
1509                 0        3940.41
1510                 0        3940.41
1511                 0        3940.41
1512                 0        3940.41
1513                 0        3940.41
1514                 0        3940.41
1515                 0        3940.41
1516                 0        3940.41
1517                 0        3940.41
1518                 0        3940.41
1519                 0        3940.41
1520                 0        3940.41
1521                 0        3940.41
1522                 0        3940.41
1523                 0        3940.41
1524                 0        3940.41
1525                 0        3940.41
1526                 0        3940.41
1527                 0        3940.41
1528                 0        3940.41
1529                 0        3940.41
1530                 0        3940.41
1531                 0        3940.41
1532                 0        3940.41
1533                 0         3940.2
1534                 0        3940.19
1535                 0        3940.19
1536                 0        3940.11
1537                 0        3938.44
1538                 0        3938.41
1539                 0        3938.41
1540                 0        3938.41
1541                 0        3938.41
1542                 0        3938.41
1543                 0        3938.41
1544                 0        3938.41
1545                 0        3938.41
1546                 0        3938.41
1547                 0        3938.41
1548                 0        3938.41
1549                 0        3938.41
1550                 0        3938.41
1551                 0        3938.41
1552                 0        3938.41
1553                 0        3938.41
1554                 0        3938.41
1555                 0        3938.41
1556                 0        3938.41
1557                 0        3936.99
1558                 0        3936.96
1559                 0        3936.96
1560                 0        3936.96
1561                 0        3936.96
1562                 0        3936.96
1563                 0        3936.96
1564                 0        3936.96
1565                 0        3936.96
1566                 0        3936.96
1567                 0        3936.96
1568                 0        3936.96
1569                 0        3936.96
1570                 0        3936.96
1571                 0        3936.96
1572                 0        3936.96
1573                 0        3936.96
1574                 0        3935.38
1575                 0        3935.35
1576                 0        3935.35
1577                 0        3935.35
1578                 0        3935.35
1579                 0        3935.35
1580                 0        3935.35
1581                 0        3935.35
1582                 0        3935.35
1583                 0        3935.35
1584                 0        3935.35
1585                 0        3935.35
1586                 0        3935.35
1587                 0        3935.35
1588                 0        3935.35
1589                 0        3935.35
1590                 0        3935.35
1591                 0        3935.25
1592                 0        3935.25
1593                 0        3935.25
1594                 0        3935.25
1595                 0        3935.25
1596                 0        3935.25
1597                 0        3935.25
1598                 0        3935.25
1599                 0        3935.25
1600                 0        3935.25
1601                 0        3935.25
1602                 0        3935.25
1603                 0        3935.25
1604                 0        3935.25
1605                 0        3935.25
1606                 0        3935.25
1607                 0        3935.25
1608                 0        3935.25
1609                 0        3935.25
1610                 0        3935.25
1611                 0        3934.59
1612                 0        3934.58
1613                 0        3934.58
1614                 0        3934.58
1615                 0        3934.58
1616                 0        3934.58
1617                 0        3934.58
1618                 0        3934.58
1619                 0        3934.58
1620                 0        3934.58
1621                 0        3934.58
1622                 0        3934.58
1623                 0        3934.58
1624                 0        3934.58
1625                 0        3934.58
1626                 0        3934.58
1627                 0        3934.58
1628                 0        3934.58
1629                 0        3934.58
1630                 0        3934.58
1631                 0        3934.58
1632                 0        3934.58
1633                 0        3934.52
1634                 0        3934.51
1635                 0        3934.51
1636                 0        3934.51
1637                 0        3934.51
1638                 0        3934.51
1639                 0        3934.51
1640                 0        3933.99
1641                 0        3933.98
1642                 0        3933.98
1643                 0        3933.98
1644                 0        3933.98
1645                 0        3933.98
1646                 0        3933.98
1647                 0        3933.98
1648                 0        3933.98
1649                 0        3933.98
1650                 0        3933.98
1651                 0        3933.98
1652                 0        3933.98
1653                 0        3933.98
1654                 0        3933.98
1655                 0        3933.98
1656                 0        3933.98
1657                 0        3933.98
1658                 0        3933.98
1659                 0        3933.98
1660                 0        3933.98
1661                 0        3933.98
1662                 0        3933.98
1663                 0        3933.98
1664                 0        3933.98
1665                 0        3933.33
1666                 0        3933.31
1667                 0        3933.31
1668                 0        3933.31
1669                 0        3933.31
1670                 0        3931.94
1671                 0        3931.91
1672                 0        3931.91
1673                 0        3931.91
1674                 0        3931.91
1675                 0        3931.91
1676                 0        3931.91
1677                 0        3931.91
1678                 0        3931.91
1679                 0        3931.91
1680                 0        3931.91
1681                 0        3931.91
1682                 0        3931.91
1683                 0        3931.91
1684                 0        3931.91
1685                 0        3931.91
1686                 0        3931.91
1687                 0        3931.91
1688                 0        3931.91
1689                 0        3931.91
1690                 0        3931.91
1691                 0        3931.91
1692                 0        3931.91
1693                 0        3931.91
1694                 0        3931.91
1695                 0        3931.91
1696                 0        3931.91
1697                 0        3931.91
1698                 0        3931.91
1699                 0        3931.91
1700                 0        3931.91
1701                 0        3931.61
1702                 0         3931.6
1703                 0         3931.6
1704                 0         3931.6
1705                 0         3931.6
1706                 0         3931.6
1707                 0         3931.6
1708                 0         3931.6
1709                 0         3931.6
1710                 0         3931.6
1711                 0         3931.6
1712                 0         3931.6
1713                 0         3931.6
1714                 0         3931.6
1715                 0         3931.6
1716                 0         3931.6
1717                 0         3931.6
1718                 0         3931.6
1719                 0         3931.6
1720                 0         3931.6
1721                 0         3931.6
1722                 0         3931.6
1723                 0         3931.6
1724                 0         3931.6
1725                 0         3931.6
1726                 0         3931.6
1727                 0        3930.82
1728                 0        3930.23
1729                 0        3930.22
1730                 0        3930.22
1731                 0        3930.22
1732                 0        3930.22
1733                 0        3930.22
1734                 0        3930.22
1735                 0        3930.22
1736                 0        3930.22
1737                 0        3930.22
1738                 0        3930.22
1739                 0        3930.22
1740                 0        3930.22
1741                 0        3930.22
1742                 0        3930.22
1743                 0        3930.22
1744                 0        3930.22
1745                 0        3930.22
1746                 0        3930.22
1747                 0        3930.22
1748                 0        3930.22
1749                 0        3930.22
1750                 0        3930.22
1751                 0        3930.22
1752                 0        3930.22
1753                 0        3930.22
1754                 0        3930.22
1755                 0        3930.22
1756                 0        3930.22
1757                 0        3930.22
1758                 0        3930.22
1759                 0        3930.22
1760                 0        3930.22
1761                 0        3930.22
1762                 0        3930.22
1763                 0        3930.22
1764                 0        3930.22
1765                 0        3930.22
1766                 0        3930.22
1767                 0        3930.22
1768                 0        3930.22
1769                 0        3930.22
1770                 0        3930.22
1771                 0        3930.22
1772                 0        3930.22
1773                 0        3930.22
1774                 0        3930.22
1775                 0        3930.22
1776                 0        3930.22
1777                 0        3930.22
1778                 0        3930.22
1779                 0        3930.22
1780                 0        3930.22
1781                 0        3930.22
1782                 0        3930.22
1783                 0        3930.22
1784                 0        3930.22
1785                 0        3930.22
1786                 0        3930.22
1787                 0        3930.22
1788                 0        3930.22
1789                 0        3930.22
1790                 0        3930.22
1791                 0        3930.22
1792                 0        3929.69
1793                 0        3929.68
1794                 0        3929.68
1795                 0        3929.68
1796                 0        3929.68
1797                 0        3929.68
1798                 0        3929.68
1799                 0        3929.68
1800                 0        3929.68
1801                 0        3929.68
1802                 0        3929.68
1803                 0        3929.68
1804                 0        3929.68
1805                 0        3929.68
1806                 0        3929.38
1807                 0        3929.38
1808                 0        3929.38
1809                 0        3929.38
1810                 0        3929.38
1811                 0        3929.38
1812                 0        3929.38
1813                 0        3929.38
1814                 0        3929.38
1815                 0        3929.38
1816                 0        3929.38
1817                 0        3929.38
1818                 0        3929.38
1819                 0        3929.38
1820                 0        3929.38
1821                 0        3929.38
1822                 0        3929.38
1823                 0        3929.38
1824                 0        3929.38
1825                 0        3929.38
1826                 0        3929.38
1827                 0        3929.38
1828                 0        3929.38
1829                 0        3929.38
1830                 0        3929.38
1831                 0        3929.38
1832                 0        3929.38
1833                 0        3929.38
1834                 0        3929.38
1835                 0        3929.38
1836                 0        3929.38
1837                 0        3929.38
1838                 0        3929.38
1839                 0        3929.38
1840                 0        3929.38
1841                 0        3929.38
1842                 0        3929.38
1843                 0        3929.38
1844                 0        3929.38
1845                 0        3929.38
1846                 0        3929.38
1847                 0        3929.38
1848                 0        3929.38
1849                 0        3929.38
1850                 0        3929.38
1851                 0        3929.38
1852                 0        3929.38
1853                 0        3929.38
1854                 0        3929.38
1855                 0        3929.38
1856                 0        3929.38
1857                 0        3929.38
1858                 0        3929.38
1859                 0        3929.38
1860                 0        3929.38
1861                 0        3929.38
1862                 0        3929.38
1863                 0        3929.38
1864                 0        3929.38
1865                 0        3929.38
1866                 0        3928.79
1867                 0        3928.78
1868                 0        3928.78
1869                 0        3928.78
1870                 0        3928.78
1871                 0        3928.78
1872                 0        3928.78
1873                 0        3928.78
1874                 0        3928.78
1875                 0        3928.78
1876                 0        3928.78
1877                 0        3928.78
1878                 0        3928.78
1879                 0        3928.78
1880                 0        3928.78
1881                 0        3928.78
1882                 0        3928.78
1883                 0        3928.78
1884                 0        3928.78
1885                 0        3928.78
1886                 0        3928.78
1887                 0        3928.78
1888                 0        3928.78
1889                 0        3928.78
1890                 0        3928.78
1891                 0        3928.78
1892                 0        3928.78
1893                 0        3928.78
1894                 0        3928.78
1895                 0        3928.78
1896                 0        3928.78
1897                 0        3928.78
1898                 0        3928.78
1899                 0        3928.78
1900                 0        3928.78
1901                 0        3928.78
1902                 0        3928.78
1903                 0        3928.78
1904                 0        3928.78
1905                 0        3928.78
1906                 0        3928.78
1907                 0        3928.78
1908                 0        3928.78
1909                 0        3928.78
1910                 0        3928.78
1911                 0        3928.78
1912                 0        3928.78
1913                 0        3928.78
1914                 0        3928.78
1915                 0        3928.78
1916                 0        3928.78
1917                 0        3928.78
1918                 0        3928.78
1919                 0        3928.78
1920                 0        3928.78
1921                 0        3928.78
1922                 0        3928.78
1923                 0        3928.78
1924                 0        3928.78
1925                 0        3928.78
1926                 0        3928.78
1927                 0        3928.78
1928                 0        3928.78
1929                 0        3928.78
1930                 0        3928.68
1931                 0        3927.88
1932                 0        3927.87
1933                 0        3927.87
1934                 0        3927.79
1935                 0        3927.79
1936                 0        3927.79
1937                 0        3927.79
1938                 0        3927.79
1939                 0        3927.79
1940                 0        3927.79
1941                 0        3927.79
1942                 0        3927.79
1943                 0        3927.79
1944                 0        3927.79
1945                 0        3927.79
1946                 0        3927.79
1947                 0        3927.79
1948                 0        3927.79
1949                 0        3927.76
1950                 0        3927.76
1951                 0        3927.76
1952                 0        3927.76
1953                 0        3927.76
1954                 0        3927.76
1955                 0        3927.76
1956                 0        3927.76
1957                 0        3927.76
1958                 0        3927.76
1959                 0        3927.76
1960                 0        3927.76
1961                 0        3927.76
1962                 0        3927.76
1963                 0        3927.76
1964                 0        3927.76
1965                 0        3927.76
1966                 0        3927.76
1967                 0        3927.76
1968                 0        3927.76
1969                 0        3927.76
1970                 0        3927.76
1971                 0        3927.76
1972                 0        3927.76
1973                 0        3927.76
1974                 0        3927.76
1975                 0        3927.76
1976                 0        3927.76
1977                 0        3927.76
1978                 0        3927.76
1979                 0        3927.76
1980                 0        3927.76
1981                 0        3927.76
1982                 0        3927.76
1983                 0        3927.76
1984                 0        3927.76
1985                 0        3927.76
1986                 0        3927.76
1987                 0        3927.76
1988                 0        3927.76
1989                 0        3927.76
1990                 0        3927.76
1991                 0        3927.76
1992                 0        3927.76
1993                 0        3927.76
1994                 0        3927.76
1995                 0        3927.76
1996                 0        3927.76
1997                 0        3927.76
1998                 0        3927.76
1999                 0        3927.76
2000                 0        3927.76
2001                 0        3927.76
2002                 0        3927.76
2003                 0        3927.76
2004                 0        3927.76
2005                 0        3927.76
2006                 0        3927.76
2007                 0        3927.76
2008                 0        3927.76
2009                 0        3927.76
2010                 0        3927.76
2011                 0        3927.76
2012                 0        3927.76
2013                 0        3927.76
2014                 0        3927.76
2015                 0        3927.76
2016                 0        3927.76
2017                 0        3927.76
2018                 0        3927.76
2019                 0        3927.76
2020                 0        3927.76
2021                 0        3927.76
2022                 0        3927.76
2023                 0        3926.99
2024                 0        3926.98
2025                 0        3926.98
2026                 0        3926.98
2027                 0        3926.98
2028                 0        3926.98
2029                 0        3926.98
2030                 0        3926.98
2031                 0        3926.98
2032                 0        3926.98
2033                 0        3926.98
2034                 0        3926.98
2035                 0        3926.98
2036                 0        3926.98
2037                 0        3926.98
2038                 0        3926.98
2039                 0        3926.98
2040                 0        3926.98
2041                 0        3926.98
2042                 0        3926.98
2043                 0        3926.98
2044                 0        3926.98
2045                 0        3926.98
2046                 0        3926.98
2047                 0        3926.98
2048                 0        3926.98
2049                 0        3926.98
2050                 0        3926.98
2051                 0        3926.98
2052                 0        3926.98
2053                 0        3926.98
2054                 0        3926.98
2055                 0        3926.98
2056                 0        3926.98
2057                 0        3926.98
2058                 0        3926.98
2059                 0        3926.98
2060                 0        3926.98
2061                 0        3926.98
2062                 0        3926.98
2063                 0        3926.98
2064                 0        3926.98
2065                 0        3926.98
2066                 0        3926.98
2067                 0        3926.98
2068                 0        3926.98
2069                 0        3926.98
2070                 0        3926.98
2071                 0        3926.98
2072                 0        3926.98
2073                 0        3926.98
2074                 0        3926.98
2075                 0        3926.98
2076                 0        3926.98
2077                 0        3926.98
2078                 0        3926.98
2079                 0        3926.98
2080                 0        3926.98
2081                 0        3926.98
2082                 0        3926.98
2083                 0         3926.5
2084                 0        3926.49
2085                 0        3926.49
2086                 0        3926.49
2087                 0        3925.71
2088                 0        3925.69
2089                 0        3925.69
2090                 0        3925.69
2091                 0        3925.69
2092                 0        3925.69
2093                 0        3925.69
2094                 0        3925.69
2095                 0        3925.69
2096                 0        3925.69
2097                 0        3925.69
2098                 0        3925.69
2099                 0        3925.69
2100                 0        3925.69
2101                 0        3925.69
2102                 0        3925.69
2103                 0        3925.69
2104                 0        3925.69
2105                 0        3925.69
2106                 0        3925.69
2107                 0        3925.69
2108                 0        3925.69
2109                 0        3925.69
2110                 0        3925.69
2111                 0        3925.69
2112                 0        3925.69
2113                 0        3925.69
2114                 0        3925.69
2115                 0        3925.69
2116                 0        3925.69
2117                 0        3925.69
2118                 0        3925.69
2119                 0        3925.69
2120                 0        3925.69
2121                 0        3925.59
2122                 0        3925.59
2123                 0        3925.59
2124                 0        3925.59
2125                 0        3925.59
2126                 0        3925.59
2127                 0        3925.39
2128                 0        3925.39
2129                 0        3925.39
2130                 0        3925.39
2131                 0        3925.39
2132                 0        3925.39
2133                 0        3925.39
2134                 0        3925.39
2135                 0        3925.39
2136                 0        3925.39
2137                 0        3925.39
2138                 0        3925.39
2139                 0        3925.39
2140                 0        3925.39
2141                 0        3925.39
2142                 0        3925.39
2143                 0        3925.39
2144                 0        3925.39
2145                 0        3925.39
2146                 0        3925.39
2147                 0        3925.39
2148                 0        3925.39
2149                 0        3925.39
2150                 0        3925.39
2151                 0        3925.39
2152                 0        3925.39
2153                 0        3925.39
2154                 0        3925.39
2155                 0        3925.39
2156                 0        3925.39
2157                 0        3925.39
2158                 0        3925.39
2159                 0        3925.39
2160                 0        3925.39
2161                 0        3925.39
2162                 0        3925.39
2163                 0        3925.39
2164                 0        3925.39
2165                 0        3925.39
2166                 0        3925.39
2167                 0        3925.39
2168                 0        3925.39
2169                 0        3925.39
2170                 0        3925.39
2171                 0        3925.39
2172                 0        3925.39
2173                 0        3925.39
2174                 0        3925.13
2175                 0        3925.12
2176                 0        3925.12
2177                 0        3925.12
2178                 0        3925.12
2179                 0        3925.12
2180                 0        3925.12
2181                 0        3925.12
2182                 0        3925.12
2183                 0        3925.12
2184                 0        3925.12
2185                 0        3925.12
2186                 0        3925.12
2187                 0        3925.12
2188                 0        3925.12
2189                 0        3925.12
2190                 0        3925.12
2191                 0        3925.12
2192                 0        3925.12
2193                 0        3925.12
2194                 0        3925.12
2195                 0        3925.12
2196                 0        3925.12
2197                 0        3925.12
2198                 0        3925.12
2199                 0        3925.12
2200                 0        3925.12
2201                 0        3925.12
2202                 0        3925.12
2203                 0        3925.12
2204                 0        3925.12
2205                 0        3925.12
2206                 0        3925.12
2207                 0        3925.12
2208                 0        3925.12
2209                 0        3925.12
2210                 0        3925.12
2211                 0        3925.12
2212                 0        3925.12
2213                 0        3925.12
2214                 0        3925.12
2215                 0        3925.12
2216                 0        3925.12
2217                 0        3925.12
2218                 0        3925.12
2219                 0        3925.12
2220                 0        3925.12
2221                 0        3925.12
2222                 0        3925.12
2223                 0        3925.12
2224                 0        3925.12
2225                 0        3925.12
2226                 0        3925.12
2227                 0        3925.12
2228                 0        3925.12
2229                 0        3924.51
2230                 0        3924.49
2231                 0        3924.49
2232                 0        3924.49
2233                 0        3924.49
2234                 0        3924.49
2235                 0        3924.49
2236                 0        3924.49
2237                 0        3924.49
2238                 0        3924.49
2239                 0        3924.49
2240                 0        3924.49
2241                 0        3924.49
2242                 0        3924.49
2243                 0        3924.49
2244                 0        3924.49
2245                 0        3924.49
2246                 0        3924.49
2247                 0        3924.49
2248                 0        3924.49
2249                 0        3924.49
2250                 0        3924.49
2251                 0        3924.49
2252                 0        3924.49
2253                 0        3924.49
2254                 0        3924.49
2255                 0        3924.49
2256                 0        3924.49
2257                 0        3924.49
2258                 0        3924.49
2259                 0        3924.49
2260                 0        3924.49
2261                 0        3924.49
2262                 0        3924.49
2263                 0        3924.49
2264                 0        3924.49
2265                 0        3924.49
2266                 0        3924.49
2267                 0        3924.49
2268                 0        3924.49
2269                 0        3924.49
2270                 0        3924.49
2271                 0        3924.49
2272                 0        3924.49
2273                 0        3924.49
2274                 0        3924.49
2275                 0        3924.49
2276                 0        3924.49
2277                 0        3924.49
2278                 0        3924.49
2279                 0        3924.49
2280                 0        3924.49
2281                 0        3924.49
2282                 0        3924.49
2283                 0        3924.49
2284                 0        3924.49
2285                 0        3924.49
2286                 0        3924.49
2287                 0        3924.41
2288                 0        3924.41
2289                 0        3924.41
2290                 0        3924.41
2291                 0        3924.41
2292                 0        3924.41
2293                 0        3924.41
2294                 0        3924.41
2295                 0        3924.41
2296                 0        3924.41
2297                 0        3924.41
2298                 0        3924.41
2299                 0        3924.41
2300                 0        3924.41
2301                 0        3924.41
2302                 0        3924.41
2303                 0        3924.41
2304                 0        3924.41
2305                 0        3924.41
2306                 0        3924.41
2307                 0        3924.41
2308                 0        3924.41
2309                 0        3924.41
2310                 0        3924.41
2311                 0        3924.41
2312                 0        3924.41
2313                 0        3924.41
2314                 0        3924.41
2315                 0        3924.41
2316                 0        3924.41
2317                 0        3924.41
2318                 0        3924.41
2319                 0        3924.41
2320                 0        3924.41
2321                 0        3924.41
2322                 0        3924.41
2323                 0        3924.41
2324                 0        3924.41
2325                 0        3924.41
2326                 0        3924.41
2327                 0        3924.41
2328                 0        3924.41
2329                 0        3924.41
2330                 0        3924.41
2331                 0        3924.41
2332                 0        3924.41
2333                 0        3924.41
2334                 0        3924.41
2335                 0        3924.41
2336                 0        3924.41
2337                 0        3924.41
2338                 0        3924.41
2339                 0        3924.41
2340                 0        3924.41
2341                 0        3924.41
2342                 0        3924.41
2343                 0        3924.41
2344                 0        3924.41
2345                 0        3924.41
2346                 0        3924.41
2347                 0        3924.41
2348                 0        3924.41
2349                 0        3924.41
2350                 0        3924.41
2351                 0        3924.41
2352                 0        3924.41
2353                 0        3924.41
2354                 0        3924.41
2355                 0        3924.41
2356                 0        3924.41
2357                 0        3924.41
2358                 0        3924.41
2359                 0        3924.41
2360                 0        3924.41
2361                 0        3924.41
2362                 0        3924.41
2363                 0        3924.41
2364                 0        3924.41
2365                 0        3924.41
2366                 0        3924.41
2367                 0        3924.41
2368                 0        3924.41
2369                 0        3924.41
2370                 0        3924.41
2371                 0        3924.41
2372                 0        3924.41
2373                 0        3924.41
2374                 0        3924.41
2375                 0        3924.41
2376                 0        3924.41
2377                 0        3924.41
2378                 0        3924.41
2379                 0        3924.41
2380                 0        3924.41
2381                 0        3924.41
2382                 0        3924.41
2383                 0        3924.41
2384                 0        3924.41
2385                 0        3924.41
2386                 0        3924.41
2387                 0        3924.41
2388                 0        3924.41
2389                 0        3924.41
2390                 0        3924.41
2391                 0        3924.41
2392                 0        3924.41
2393                 0        3924.41
2394                 0        3924.41
2395                 0        3924.41
2396                 0        3924.41
2397                 0        3924.41
2398                 0        3924.41
2399                 0        3924.41
2400                 0        3924.41
2401                 0        3924.41
2402                 0        3924.41
2403                 0        3924.41
2404                 0        3924.41
2405                 0        3924.41
2406                 0        3924.41
2407                 0        3924.41
2408                 0        3924.41
2409                 0        3924.41
2410                 0        3924.41
2411                 0        3924.41
2412                 0        3924.41
2413                 0        3924.41
2414                 0        3924.41
2415                 0        3924.41
2416                 0        3924.41
2417                 0        3924.41
2418                 0        3924.41
2419                 0        3924.41
2420                 0        3924.41
2421                 0        3924.41
2422                 0        3924.41
2423                 0        3924.41
2424                 0        3924.41
2425                 0        3924.41
2426                 0        3924.41
2427                 0        3924.41
2428                 0        3924.41
2429                 0        3924.41
2430                 0        3924.41
2431                 0        3924.41
2432                 0        3924.41
2433                 0        3924.41
2434                 0        3924.41
2435                 0        3924.41
2436                 0        3924.41
2437                 0        3924.41
2438                 0        3924.41
2439                 0        3924.41
2440                 0        3924.41
2441                 0        3924.41
2442                 0        3924.41
2443                 0        3924.41
2444                 0        3924.41
2445                 0        3924.41
2446                 0        3924.41
2447                 0        3924.41
2448                 0        3924.41
2449                 0        3924.41
2450                 0        3924.41
2451                 0        3924.41
2452                 0        3924.41
2453                 0        3924.41
2454                 0        3924.41
2455                 0        3924.41
2456                 0        3924.41
2457                 0        3924.41
2458                 0        3924.41
2459                 0        3924.41
2460                 0        3924.41
2461                 0        3924.41
2462                 0        3924.41
2463                 0        3924.41
2464                 0        3924.41
2465                 0        3924.41
2466                 0        3924.41
2467                 0        3924.41
2468                 0        3924.41
2469                 0        3924.41
2470                 0        3924.41
2471                 0        3924.41
2472                 0        3924.41
2473                 0        3924.41
2474                 0        3924.41
2475                 0        3924.41
2476                 0        3924.41
2477                 0        3924.41
2478                 0        3924.41
2479                 0        3924.41
2480                 0        3924.41
2481                 0        3924.41
2482                 0        3924.41
2483                 0        3924.41
2484                 0        3924.41
2485                 0        3924.41
2486                 0        3924.41
2487                 0        3924.41
2488                 0        3924.41
2489                 0        3924.41
2490                 0        3924.41
2491                 0        3924.41
2492                 0        3924.41
2493                 0        3924.41
2494                 0        3924.41
2495                 0        3924.41
2496                 0        3924.41
2497                 0        3923.54
2498                 0        3923.52
2499                 0        3923.52
2500                 0        3923.52
