#ITER       #BEST_FO       #MEDIA_FO
1           20676.7    2.38685e+19
2           8715.61    9.76742e+18
3              8645    1.95348e+17
4              8645    3.90697e+15
5           7928.37    7.81393e+13
6           7928.37    1.56279e+12
7           7928.37    3.12557e+10
8           7928.37    6.25127e+08
9           7523.89    1.25134e+07
10           7523.89         260392
11           7472.94        14539.7
12           7456.01        9230.23
13           7456.01        8848.17
14           7456.01        8734.08
15           7182.02        8463.82
16           7103.36        8305.27
17           6718.07        8168.87
18           6658.18        8011.09
19           6658.18         7977.8
20           6658.18        7935.22
21           6658.18        7870.76
22           6658.18        7806.77
23           6450.19        7716.16
24           6450.19        7608.22
25           6432.83        7566.98
26           6432.83        7545.88
27           6432.83        7515.83
28           6432.83        7505.16
29           6432.83        7494.29
30           6432.83        7479.52
31           6432.83        7430.48
32           6432.83        7418.64
33           6406.51        7355.21
34           6233.89        7313.65
35           6233.89         7298.2
36           6233.89        7274.46
37           6233.89        7206.23
38           6233.89        7142.51
39           6233.89        7051.78
40           6233.89        7024.87
41           6233.89        6957.22
42           6214.69        6953.84
43           6148.67        6932.77
44           6148.67        6873.07
45           6148.67        6860.68
46           6148.67        6832.84
47           6137.42        6809.46
48           6137.42        6807.44
49           6137.42        6800.83
50           6137.42        6791.64
51           6046.42        6766.78
52           6046.42        6705.75
53           6046.42         6700.9
54           6046.42        6686.38
55           6046.42        6681.35
56           6046.42        6673.95
57           6046.42        6673.38
58           6046.42        6664.98
59           6046.42        6647.24
60           6046.42        6632.86
61           6046.42        6620.04
62           6046.42        6613.39
63           6046.42        6608.74
64           6046.42           6594
65           6046.42        6589.66
66           6046.42        6579.33
67           6046.42        6556.54
68           6022.29        6551.67
69           6022.29        6536.38
70           6007.25        6512.69
71           5988.52         6502.7
72           5988.52        6475.37
73           5988.52        6474.82
74           5988.52        6474.81
75           5988.52         6465.4
76           5988.52        6458.29
77           5988.52        6458.15
78           5988.52        6458.14
79           5988.52        6458.14
80           5988.52        6458.14
81           5988.52        6455.15
82           5988.52        6455.09
83           5988.52        6455.09
84           5988.52        6455.09
85           5988.52        6455.09
86           5988.52        6451.62
87           5988.52        6445.24
88           5988.52        6445.11
89           5974.12        6427.45
90           5974.12        6414.18
91           5957.01        6405.88
92           5957.01        6404.66
93           5957.01        6404.17
94           5957.01        6389.42
95           5957.01        6387.65
96           5957.01        6372.92
97           5957.01        6364.47
98           5957.01        6344.93
99           5948.75           6330
100           5940.33        6322.68
101            5931.6        6318.78
102            5931.6        6315.77
103            5931.6        6314.57
104            5931.6        6309.79
105            5931.6        6301.77
106            5931.6        6291.82
107            5931.6         6289.1
108            5931.6        6281.18
109            5931.6        6280.59
110            5931.6        6275.06
111            5931.6        6267.25
112            5931.6        6266.49
113            5931.6        6265.45
114            5931.6        6261.93
115            5931.6         6261.2
116            5931.6        6257.69
117            5931.6        6247.73
118            5931.6        6247.12
119            5931.6         6247.1
120            5931.6        6241.91
121            5931.6        6241.81
122            5931.6        6241.32
123            5931.6        6238.15
124           5928.86        6236.49
125           5914.33        6233.98
126           5914.33        6231.19
127           5914.33        6224.62
128           5914.33        6224.49
129           5914.33        6210.12
130           5914.33        6209.84
131           5914.33        6208.85
132           5914.33        6208.83
133           5914.33        6206.93
134           5914.33        6206.89
135           5914.33        6206.17
136           5914.33        6204.88
137           5914.33        6204.86
138           5914.33        6204.86
139           5914.33        6203.41
140           5914.33        6203.38
141           5914.33        6203.38
142           5914.33        6203.24
143           5914.33        6203.24
144           5914.33        6202.71
145           5914.33        6200.77
146           5914.33        6200.73
147           5914.33        6200.73
148           5914.33        6200.73
149           5914.33        6200.73
150           5914.33        6200.68
151           5914.33        6200.68
152           5914.33         6186.3
153           5914.33        6184.62
154           5914.33        6183.89
155           5914.33        6183.88
156           5914.33        6183.88
157           5914.33        6183.88
158           5914.33        6183.88
159           5904.25        6183.26
160           5904.25        6183.25
161           5904.25        6183.25
162           5904.25        6183.25
163           5904.25        6183.25
164           5904.25        6183.25
165           5904.25        6183.25
166           5904.25        6183.25
167           5904.25        6183.25
168           5904.25        6183.25
169           5904.25        6183.25
170           5904.25        6183.25
171           5904.25        6183.25
172           5904.25        6181.53
173           5904.25         6181.5
174           5904.25        6181.49
175           5904.25        6181.49
176           5904.25        6181.49
177           5904.25        6181.49
178           5904.25        6181.49
179           5904.25        6181.49
180           5904.25        6181.49
181           5904.25        6181.49
182           5904.25        6181.49
183           5904.25        6181.49
184           5904.25        6167.46
185           5904.25        6167.18
186           5904.25        6166.79
187           5904.25        6166.78
188           5904.25        6166.78
189           5904.25        6166.78
190           5904.25        6166.78
191           5904.25        6166.78
192           5904.25        6166.78
193           5904.25        6166.78
194           5904.25        6166.78
195           5904.25        6166.78
196           5904.25        6166.78
197           5904.25        6165.65
198           5904.25        6165.62
199           5904.25        6165.62
200           5904.25        6165.62
201           5904.25        6165.62
202           5904.25        6165.62
203           5904.25        6165.62
204           5904.25        6165.62
205           5904.25        6165.62
206           5904.25        6165.62
207           5904.25        6165.62
208           5904.25        6165.62
209           5904.25        6165.62
210           5904.25        6159.95
211           5904.25        6159.83
212           5904.25        6159.83
213           5904.25        6159.83
214           5904.25        6159.83
215           5904.25        6159.83
216           5904.25        6159.83
217           5904.25        6159.28
218           5904.25        6159.27
219           5904.25        6159.27
220           5904.25        6159.22
221           5904.25        6159.21
222           5904.25        6159.21
223           5904.25        6159.21
224           5904.25        6159.02
225           5904.25        6159.01
226           5904.25        6159.01
227           5904.25        6159.01
228           5904.25        6159.01
229           5904.25        6159.01
230           5904.25        6159.01
231           5904.25        6157.63
232           5904.25        6157.61
233           5904.25        6157.61
234           5904.25        6157.61
235           5904.25        6157.61
236           5904.25        6157.61
237           5904.25        6157.61
238           5904.25        6157.61
239           5904.25        6157.61
240           5904.25        6156.99
241           5904.25        6156.98
242           5904.25        6147.58
243           5904.25         6147.4
244           5904.25        6147.39
245           5904.25        6147.39
246           5904.25        6147.39
247           5904.25        6147.39
248           5904.25        6146.31
249           5904.25        6146.29
250           5904.25        6146.29
251           5904.25        6146.29
252           5904.25        6146.29
253           5904.25        6146.29
254           5904.25        6146.29
255           5904.25        6146.29
256           5904.25        6146.29
257           5904.25        6146.29
258           5904.25        6146.29
259           5904.25        6146.29
260           5904.25        6146.29
261           5904.25        6146.29
262           5904.25        6146.29
263           5904.25        6146.29
264           5904.25        6146.29
265           5904.25        6146.29
266           5904.25        6146.29
267           5904.25        6146.29
268           5904.25        6146.29
269           5904.25        6146.29
270           5904.25        6146.29
271           5904.25        6146.29
272           5904.25        6146.29
273           5904.25        6146.29
274           5904.25        6146.29
275           5904.25        6146.29
276           5904.25        6146.29
277           5904.25        6146.29
278           5904.25        6145.28
279           5904.25        6145.26
280           5904.25        6139.83
281           5904.25        6139.72
282           5904.25        6139.71
283           5904.25        6139.71
284           5904.25        6139.71
285           5904.25        6139.71
286           5904.25        6134.57
287           5904.25        6134.46
288           5904.25        6134.46
289           5904.25        6134.46
290           5904.25        6134.46
291           5904.25        6134.46
292           5904.25        6134.46
293           5904.25        6134.46
294           5904.25        6134.46
295           5904.25        6134.46
296           5904.25        6134.46
297           5904.25        6134.46
298           5904.25        6130.03
299           5904.25        6129.94
300           5904.25        6129.94
301           5904.25        6129.94
302           5904.25        6129.94
303           5904.25        6129.94
304           5904.25        6129.94
305           5904.25        6129.94
306           5904.25        6129.94
307           5904.25        6129.94
308           5904.25        6129.94
309           5904.25        6129.94
310           5904.25        6129.94
311           5904.25        6129.94
312           5904.25        6129.94
313           5904.25        6129.94
314           5904.25        6129.94
315           5904.25        6129.94
316           5904.25        6129.94
317           5904.25        6129.94
318           5904.25        6129.94
319           5904.25        6129.94
320           5904.25        6129.94
321           5904.25        6129.94
322           5904.25        6129.94
323           5904.25        6129.94
324           5904.25        6129.94
325           5904.25        6129.94
326           5904.25        6129.94
327           5904.25        6129.94
328           5904.25        6129.94
329           5904.25        6129.94
330           5904.25        6129.55
331           5904.25        6129.54
332           5904.25        6129.54
333           5904.25        6129.54
334           5904.25        6129.54
335           5904.25        6129.54
336           5904.25        6129.54
337           5904.25        6129.54
338           5904.25        6129.54
339           5904.25        6129.54
340           5904.25        6129.54
341           5904.25        6129.54
342           5904.25        6129.54
343           5904.25        6129.54
344           5904.25        6129.54
345           5904.25        6129.54
346           5904.25        6129.54
347           5904.25        6129.54
348           5904.25        6129.54
349           5904.25         6129.4
350           5904.25        6122.85
351           5904.25        6122.72
352           5904.25        6122.72
353           5904.25        6122.72
354           5904.25        6122.72
355           5904.25        6122.72
356           5904.25        6121.46
357           5904.25        6117.46
358           5904.25        6117.38
359           5904.25        6117.06
360           5904.25        6117.06
361           5904.25        6117.06
362           5904.25         6116.4
363           5904.25        6116.38
364           5904.25        6116.38
365           5904.25        6116.38
366           5904.25        6116.38
367           5904.25        6116.38
368           5904.25        6116.38
369           5904.25        6116.38
370           5904.25        6116.38
371           5904.25        6116.38
372           5904.25        6116.38
373           5904.25        6114.16
374           5904.25        6114.12
375           5904.25        6114.12
376           5904.25        6114.12
377           5904.25        6114.12
378           5904.25        6114.12
379           5904.25        6114.12
380           5904.25        6114.12
381           5904.25        6114.12
382           5904.25         6111.6
383           5904.25        6111.55
384           5904.25        6109.81
385           5904.25        6109.78
386           5904.25        6109.77
387           5904.25        6109.77
388           5904.25        6109.77
389           5904.25        6109.77
390           5904.25        6109.77
391           5904.25        6109.77
392           5904.25        6109.77
393           5904.25        6109.77
394           5904.25        6109.77
395           5904.25        6109.77
396           5904.25        6109.77
397           5904.25        6109.77
398           5904.25        6109.77
399           5904.25        6109.77
400           5904.25        6106.11
401           5904.25        6104.73
402           5904.25         6104.7
403           5904.25         6104.7
404           5904.25         6104.7
405           5904.25         6104.7
406           5904.25         6104.7
407           5904.25         6104.7
408           5904.25         6104.7
409           5904.25         6104.7
410           5904.25         6104.7
411           5904.25         6104.7
412           5904.25         6104.7
413           5904.25         6104.7
414           5904.25         6104.7
415           5904.25         6104.7
416           5904.25         6104.7
417           5904.25         6104.7
418           5904.25         6104.7
419           5904.25         6104.7
420           5904.25        6104.04
421           5904.25        6104.03
422           5904.25        6104.03
423           5904.25        6104.03
424           5904.25        6104.03
425           5904.25        6104.03
426           5904.25        6104.03
427           5904.25        6104.03
428           5904.25        6104.03
429           5904.25        6104.03
430           5904.25        6104.03
431           5904.25        6104.03
432           5904.25        6104.03
433           5904.25        6104.03
434           5904.25        6104.03
435           5904.25        6104.03
436           5904.25        6104.03
437           5904.25        6104.03
438           5904.25        6104.03
439           5904.25        6104.03
440           5904.25        6104.03
441           5904.25        6104.03
442           5904.25        6104.03
443           5904.25        6104.03
444           5904.25        6104.03
445           5904.25        6104.03
446           5904.25        6104.03
447           5904.25        6104.03
448           5904.25        6104.03
449           5904.25        6104.03
450           5904.25        6104.03
451           5904.25        6104.03
452           5904.25        6104.03
453           5904.25        6104.03
454           5904.25        6104.03
455           5904.25        6104.01
456           5904.25        6104.01
457           5904.25        6104.01
458           5904.25        6104.01
459           5904.25        6104.01
460           5904.25        6104.01
461           5904.25        6104.01
462           5904.25        6104.01
463           5904.25        6104.01
464           5904.25        6104.01
465           5904.25        6101.61
466           5904.25        6099.47
467           5904.25        6099.43
468           5904.25        6099.43
469           5904.25        6099.43
470           5904.25        6099.43
471           5904.25        6099.43
472           5904.25        6099.43
473           5904.25        6099.43
474           5904.25        6099.43
475           5904.25        6099.43
476           5904.25        6099.43
477           5904.25        6099.43
478           5904.25        6099.43
479           5904.25        6099.43
480           5904.25        6099.43
481           5904.25        6099.43
482           5904.25        6099.43
483           5904.25        6098.32
484           5904.25        6098.29
485           5904.25        6098.29
486           5904.25        6098.29
487           5904.25        6098.29
488           5904.25        6098.29
489           5904.25        6098.29
490           5904.25        6098.29
491           5904.25        6098.29
492           5904.25        6098.29
493           5904.25        6098.29
494           5904.25        6098.29
495           5904.25        6098.29
496           5904.25        6097.43
497           5904.25        6097.42
498           5904.25        6094.64
499           5904.25        6094.59
500           5904.25        6094.59
501           5904.25        6094.59
502           5904.25        6094.59
503           5904.25        6094.59
504           5904.25        6094.59
505           5904.25        6094.59
506           5904.25        6094.59
507           5904.25        6094.59
508           5904.25        6094.59
509           5904.25        6093.77
510           5904.25        6093.75
511           5904.25        6093.75
512           5904.25        6093.75
513           5904.25        6093.75
514           5904.25        6093.75
515           5904.25        6093.75
516           5904.25        6093.75
517           5904.25        6093.75
518           5904.25        6093.75
519           5904.25        6093.75
520           5904.25        6093.75
521           5904.25        6093.75
522           5904.25        6092.92
523           5904.25         6092.9
524           5904.25         6092.9
525           5904.25        6091.34
526           5904.25         6091.3
527           5904.25         6091.3
528           5904.25         6091.3
529           5904.25         6091.3
530           5904.25         6091.3
531           5904.25         6091.3
532           5904.25         6091.3
533           5904.25         6091.3
534           5904.25         6091.3
535           5904.25         6091.3
536           5904.25         6091.3
537           5904.25         6091.3
538           5904.25         6091.3
539           5904.25         6091.3
540           5904.25         6091.3
541           5904.25         6091.3
542           5904.25         6091.3
543           5904.25         6091.3
544           5904.25         6091.3
545           5904.25         6091.3
546           5904.25         6091.3
547           5904.25         6091.3
548           5904.25         6091.3
549           5904.25         6091.3
550           5904.25         6091.3
551           5904.25         6091.3
552           5904.25         6091.3
553           5904.25        6090.43
554           5904.25        6090.41
555           5904.25        6090.41
556           5904.25        6090.41
557           5904.25        6090.41
558           5904.25        6090.41
559           5904.25        6090.41
560           5904.25        6090.41
561           5904.25        6090.41
562           5904.25        6090.41
563           5904.25        6090.41
564           5904.25        6090.41
565           5904.25        6090.41
566           5904.25        6090.41
567           5904.25        6090.41
568           5904.25        6090.41
569           5904.25        6090.41
570           5904.25        6090.41
571           5904.25        6089.13
572           5904.25        6089.11
573           5904.25        6089.11
574           5904.25        6089.11
575           5904.25        6088.25
576           5904.25        6088.24
577           5904.25        6088.24
578           5904.25        6088.24
579           5904.25        6088.24
580           5904.25        6087.93
581           5904.25        6087.93
582           5904.25        6087.93
583           5904.25        6087.93
584           5904.25        6087.93
585           5904.25        6087.93
586           5904.25        6087.93
587           5904.25        6087.93
588           5904.25        6087.93
589           5904.25        6087.93
590           5904.25        6087.93
591           5904.25        6087.93
592           5904.25        6084.63
593           5904.25        6084.57
594           5904.25        6084.57
595           5904.25        6084.57
596           5904.25        6084.57
597           5904.25        6084.57
598           5904.25        6084.57
599           5904.25        6084.57
600           5904.25        6084.57
601           5904.25        6084.57
602           5904.25        6084.57
603           5904.25        6084.57
604           5904.25        6084.57
605           5904.25        6084.57
606           5904.25        6084.57
607           5904.25        6084.57
608           5904.25        6084.57
609           5904.25        6084.57
610           5904.25        6084.57
611           5904.25        6084.57
612           5904.25        6084.57
613           5904.25        6084.57
614           5904.25        6084.57
615           5904.25        6084.57
616           5904.25        6084.57
617           5904.25        6084.57
618           5904.25        6083.79
619           5904.25        6083.78
620           5904.25        6083.78
621           5904.25        6083.78
622           5904.25        6083.78
623           5904.25        6083.78
624           5904.25        6083.78
625           5904.25        6083.78
626           5904.25        6083.78
627           5904.25        6083.78
628           5904.25        6083.78
629           5904.25        6083.78
630           5904.25        6083.78
631           5904.25        6083.78
632           5904.25        6083.78
633           5904.25        6083.78
634           5904.25        6083.78
635           5904.25        6083.78
636           5904.25        6083.78
637           5904.25        6083.78
638           5904.25        6083.78
639           5904.25        6083.78
640           5904.25        6083.78
641           5904.25        6083.78
642           5904.25        6083.78
643           5904.25        6083.78
644           5904.25        6083.78
645           5904.25        6083.78
646           5904.25        6083.78
647           5904.25        6083.78
648           5904.25        6083.78
649           5904.25        6083.78
650           5904.25        6083.78
651           5904.25        6083.78
652           5904.25        6083.78
653           5904.25        6083.78
654           5904.25        6083.78
655           5904.25        6083.78
656           5904.25        6083.78
657           5904.25        6083.78
658           5904.25        6083.78
659           5904.25         6083.2
660           5904.25        6083.19
661           5904.25        6083.19
662           5904.25        6083.19
663           5904.25        6083.19
664           5904.25        6083.19
665           5904.25        6083.19
666           5904.25        6083.19
667           5904.25        6083.19
668           5904.25        6083.19
669           5904.25        6083.19
670           5904.25        6083.19
671           5904.25        6083.19
672           5904.25        6083.19
673           5904.25        6083.19
674           5904.25        6083.19
675           5904.25        6083.19
676           5904.25        6083.19
677           5904.25        6083.19
678           5904.25        6083.19
679           5904.25        6083.19
680           5904.25        6083.19
681           5904.25        6083.19
682           5904.25        6082.92
683           5904.25        6082.92
684           5904.25        6082.92
685           5904.25        6082.92
686           5904.25        6082.92
687           5904.25        6082.92
688           5904.25        6082.92
689           5904.25        6082.92
690           5904.25        6082.92
691           5904.25        6082.92
692           5904.25        6082.92
693           5904.25        6082.92
694           5904.25        6082.92
695           5904.25        6082.92
696           5904.25        6082.92
697           5904.25        6081.98
698           5904.25        6081.97
699           5904.25        6081.97
700           5904.25        6081.97
701           5904.25        6081.97
702           5904.25        6081.97
703           5904.25        6081.97
704           5904.25        6081.97
705           5904.25        6081.97
706           5904.25        6081.97
707           5904.25        6081.97
708           5904.25        6081.97
709           5904.25        6081.97
710           5904.25        6081.97
711           5904.25        6081.97
712           5904.25        6081.97
713           5904.25        6081.97
714           5904.25        6081.77
715           5904.25        6079.85
716           5904.25        6079.81
717           5904.25        6079.81
718           5904.25        6079.81
719           5904.25        6079.81
720           5904.25        6079.81
721           5904.25        6079.81
722           5904.25        6079.81
723           5904.25        6079.75
724           5904.25        6079.75
725           5904.25        6079.39
726           5904.25        6078.92
727           5904.25        6078.91
728           5904.25        6078.91
729           5904.25        6078.91
730           5904.25        6078.91
731           5904.25        6078.91
732           5904.25        6078.91
733           5904.25        6078.91
734           5904.25        6078.91
735           5904.25        6078.91
736           5904.25        6078.91
737           5904.25        6078.91
738           5904.25        6078.91
739           5904.25        6077.71
740           5904.25        6077.68
741           5904.25        6077.68
742           5904.25        6077.68
743           5904.25        6077.68
744           5904.25        6077.68
745           5904.25        6077.68
746           5904.25        6077.68
747           5904.25        6077.68
748           5904.25        6077.68
749           5904.25        6077.68
750           5904.25        6077.68
751           5904.25        6077.68
752           5904.25        6077.68
753           5904.25        6077.68
754           5904.25        6077.68
755           5904.25        6077.68
756           5904.25        6077.68
757           5904.25        6077.68
758           5904.25        6077.68
759           5904.25        6077.68
760           5904.25        6077.68
761           5904.25        6077.68
762           5904.25        6077.68
763           5904.25        6077.68
764           5904.25        6077.68
765           5904.25        6077.49
766           5904.25        6077.49
767           5904.25        6077.49
768           5904.25        6077.49
769           5904.25        6077.49
770           5904.25        6077.49
771           5904.25        6077.49
772           5904.25        6077.49
773           5904.25        6077.49
774           5904.25        6077.49
775           5904.25        6077.49
776           5904.25        6077.49
777           5904.25        6077.29
778           5904.25        6077.28
779           5904.25        6077.28
780           5904.25        6077.28
781           5904.25        6077.28
782           5904.25        6077.28
783           5904.25        6077.28
784           5904.25        6077.28
785           5904.25        6077.28
786           5904.25        6077.28
787           5904.25        6077.28
788           5904.25        6077.28
789           5904.25        6077.28
790           5904.25        6077.28
791           5904.25        6077.28
792           5904.25        6077.28
793           5904.25        6077.28
794           5904.25        6077.28
795           5904.25        6077.28
796           5904.25        6077.28
797           5904.25        6077.28
798           5904.25        6077.28
799           5904.25        6077.28
800           5904.25        6077.28
801           5904.25        6077.28
802           5904.25        6077.28
803           5904.25        6077.28
804           5904.25        6077.28
805           5904.25        6077.28
806           5904.25        6077.28
807           5904.25        6077.28
808           5904.25        6077.28
809           5904.25        6077.28
810           5904.25        6077.28
811           5904.25        6077.28
812           5904.25        6077.28
813           5904.25        6077.28
814           5904.25        6077.28
815           5904.25        6077.28
816           5904.25        6077.28
817           5904.25        6077.28
818           5904.25        6077.28
819           5904.25        6077.13
820           5904.25        6077.13
821           5904.25        6077.13
822           5904.25        6077.13
823           5904.25        6076.47
824           5904.25        6076.45
825           5904.25        6076.45
826           5904.25        6076.45
827           5904.25        6076.45
828           5904.25        6075.84
829           5904.25        6075.83
830           5904.25        6075.83
831           5904.25        6075.83
832           5904.25        6075.83
833           5904.25        6075.83
834           5904.25        6075.83
835           5904.25        6075.83
836           5904.25        6075.83
837           5904.25        6075.83
838           5904.25        6075.83
839           5904.25        6075.83
840           5904.25        6075.83
841           5904.25        6075.83
842           5904.25        6075.66
843           5904.25        6075.66
844           5904.25        6075.66
845           5904.25        6075.66
846           5904.25        6075.66
847           5904.25        6075.66
848           5904.25        6075.66
849           5904.25        6075.66
850           5904.25        6075.66
851           5904.25        6075.66
852           5904.25        6075.66
853           5904.25        6074.14
854           5904.25         6074.1
855           5904.25        6073.49
856           5904.25        6073.35
857           5904.25        6073.35
858           5904.25        6073.35
859           5904.25        6073.35
860           5904.25        6073.35
861           5904.25        6072.77
862           5904.25        6072.76
863           5904.25        6072.76
864           5904.25        6072.76
865           5904.25        6072.76
866           5904.25        6072.76
867           5904.25        6072.76
868           5904.25        6072.76
869           5904.25        6072.76
870           5904.25        6072.76
871           5904.25        6071.76
872           5904.25        6071.74
873           5904.25        6071.74
874           5904.25        6071.74
875           5904.25        6071.74
876           5904.25        6071.74
877           5904.25        6071.74
878           5904.25        6071.74
879           5904.25        6071.74
880           5904.25        6071.74
881           5904.25        6071.74
882           5904.25        6071.74
883           5904.25        6071.74
884           5904.25         6071.6
885           5904.25         6071.6
886           5904.25         6071.6
887           5904.25         6071.6
888           5904.25         6071.6
889           5904.25         6071.6
890           5904.25         6071.6
891           5904.25         6071.6
892           5904.25         6071.6
893           5904.25         6071.6
894           5904.25         6071.6
895           5904.25         6071.6
896           5904.25         6071.6
897           5904.25         6071.6
898           5904.25         6071.6
899           5904.25         6071.6
900           5904.25         6071.6
901           5904.25         6071.6
902           5904.25         6071.6
903           5904.25         6071.6
904           5904.25         6071.6
905           5904.25         6071.6
906           5904.25        6071.36
907           5904.25        6071.35
908           5904.25        6071.35
909           5904.25        6071.35
910           5904.25        6071.08
911           5904.25        6071.08
912           5904.25        6071.08
913           5904.25        6070.63
914           5904.25        6070.62
915           5904.25        6070.62
916           5904.25        6070.62
917           5904.25        6070.62
918           5904.25        6070.62
919           5904.25        6070.62
920           5904.25        6070.62
921           5904.25        6070.62
922           5904.25        6070.62
923           5904.25        6070.62
924           5904.25        6070.62
925           5904.25        6070.62
926           5904.25        6070.62
927           5904.25        6070.62
928           5904.25        6070.62
929           5904.25        6070.62
930           5904.25        6069.96
931           5904.25        6069.95
932           5904.25        6069.95
933           5904.25        6069.95
934           5904.25         6069.1
935           5904.25        6069.08
936           5904.25        6069.08
937           5904.25        6069.08
938           5904.25        6069.08
939           5904.25        6069.08
940           5904.25        6069.08
941           5904.25        6069.08
942           5904.25        6069.08
943           5904.25        6069.08
944           5904.25        6069.08
945           5904.25        6069.08
946           5904.25        6069.08
947           5904.25        6069.08
948           5904.25        6069.08
949           5904.25        6069.08
950           5904.25        6069.08
951           5904.25        6069.08
952           5904.25        6069.08
953           5904.25        6069.08
954           5904.25        6069.08
955           5904.25        6069.08
956           5904.25        6069.08
957           5904.25         6068.9
958           5904.25        6068.71
959           5904.25        6068.71
960           5904.25        6068.71
961           5904.25        6068.71
962           5904.25        6068.71
963           5904.25        6068.71
964           5904.25        6068.71
965           5904.25        6068.71
966           5904.25        6068.24
967           5904.25        6068.23
968           5904.25        6068.23
969           5904.25        6066.92
970           5904.25         6066.9
971           5904.25         6066.9
972           5904.25         6066.9
973           5904.25         6066.9
974           5904.25         6066.9
975           5904.25         6066.9
976           5904.25         6066.9
977           5904.25         6066.9
978           5904.25         6066.9
979           5904.25         6066.9
980           5904.25         6066.9
981           5904.25         6066.9
982           5904.25         6066.9
983           5904.25         6066.9
984           5904.25         6066.9
985           5904.25         6066.9
986           5904.25         6066.9
987           5904.25         6066.9
988           5904.25         6066.9
989           5904.25         6066.9
990           5904.25         6066.9
991           5904.25         6066.9
992           5904.25         6066.9
993           5904.25         6066.9
994           5904.25         6066.9
995           5904.25         6066.9
996           5904.25         6066.9
997           5904.25         6066.9
998           5904.25         6066.9
999           5904.25         6066.9
1000           5904.25         6066.9
1001           5904.25         6066.9
1002           5904.25         6066.9
1003           5904.25         6066.9
1004           5904.25         6066.9
1005           5904.25         6066.7
1006           5904.25        6066.69
1007           5904.25        6066.69
1008           5904.25        6066.69
1009           5904.25        6066.69
1010           5904.25        6066.69
1011           5904.25        6066.69
1012           5904.25        6066.69
1013           5904.25        6066.69
1014           5904.25        6066.69
1015           5904.25        6066.69
1016           5904.25        6066.69
1017           5904.25        6066.69
1018           5904.25        6066.69
1019           5904.25        6066.69
1020           5904.25        6066.69
1021           5904.25        6066.69
1022           5904.25        6066.69
1023           5904.25        6066.69
1024           5904.25        6066.69
1025           5904.25        6066.69
1026           5904.25        6066.69
1027           5904.25        6066.69
1028           5904.25        6066.69
1029           5904.25        6066.69
1030           5904.25        6066.69
1031           5904.25        6066.69
1032           5904.25        6066.69
1033           5904.25        6066.69
1034           5904.25        6066.69
1035           5904.25        6066.69
1036           5904.25        6066.69
1037           5904.25        6066.69
1038           5904.25        6066.69
1039           5904.25        6066.69
1040           5904.25        6066.69
1041           5904.25        6066.69
1042           5904.25        6066.69
1043           5904.25        6066.69
1044           5904.25        6066.69
1045           5904.25        6066.69
1046           5904.25        6065.87
1047           5904.25        6065.85
1048           5904.25        6065.85
1049           5904.25        6065.85
1050           5904.25        6065.85
1051           5904.25        6065.85
1052           5904.25        6065.85
1053           5904.25        6065.85
1054           5904.25        6065.85
1055           5904.25        6065.85
1056           5904.25        6065.85
1057           5904.25        6065.85
1058           5904.25        6065.85
1059           5904.25        6065.85
1060           5904.25        6065.49
1061           5904.25        6065.48
1062           5904.25        6065.48
1063           5904.25        6065.48
1064           5904.25        6065.48
1065           5904.25        6065.48
1066           5904.25        6065.48
1067           5904.25        6065.48
1068           5904.25        6065.48
1069           5904.25        6065.48
1070           5904.25        6065.48
1071           5904.25        6065.19
1072           5904.25        6065.19
1073           5904.25        6065.19
1074           5904.25        6065.19
1075           5904.25        6065.19
1076           5904.25        6064.55
1077           5904.25        6064.54
1078           5904.25        6064.54
1079           5904.25        6064.54
1080           5904.25        6064.54
1081           5904.25        6064.54
1082           5904.25        6064.54
1083           5904.25        6064.54
1084           5904.25        6064.54
1085           5904.25        6064.54
1086           5904.25        6064.54
1087           5904.25        6064.54
1088           5904.25        6064.54
1089           5904.25        6064.54
1090           5904.25        6064.41
1091           5904.25        6064.41
1092           5904.25        6064.41
1093           5904.25        6064.41
1094           5904.25        6064.41
1095           5904.25        6064.41
1096           5904.25        6064.41
1097           5904.25        6064.41
1098           5904.25        6064.31
1099           5904.25        6064.31
1100           5904.25        6064.31
1101           5904.25        6064.31
1102           5904.25        6064.31
1103           5904.25        6064.31
1104           5904.25        6064.31
1105           5904.25        6064.31
1106           5904.25        6064.31
1107           5904.25        6064.31
1108           5904.25        6064.31
1109           5904.25        6064.31
1110           5904.25        6064.31
1111           5904.25        6064.31
1112           5904.25        6064.31
1113           5904.25        6064.22
1114           5904.25        6064.22
1115           5904.25        6064.22
1116           5904.25        6064.22
1117           5904.25        6063.66
1118           5904.25        6063.65
1119           5904.25        6063.65
1120           5904.25        6063.65
1121           5904.25        6063.65
1122           5904.25        6063.65
1123           5904.25        6063.65
1124           5904.25        6063.65
1125           5904.25        6063.65
1126           5904.25        6063.65
1127           5904.25        6063.65
1128           5904.25        6063.65
1129           5904.25        6063.65
1130           5904.25        6063.65
1131           5904.25        6063.65
1132           5904.25        6063.65
1133           5904.25        6063.65
1134           5904.25        6063.65
1135           5904.25        6063.65
1136           5904.25        6063.09
1137           5904.25        6063.08
1138           5904.25        6063.08
1139           5904.25        6061.92
1140           5904.25         6061.9
1141           5904.25         6061.9
1142           5904.25         6061.9
1143           5904.25         6061.9
1144           5904.25        6061.48
1145           5904.25        6061.47
1146           5904.25        6061.47
1147           5904.25        6061.47
1148           5904.25        6061.47
1149           5904.25        6061.47
1150           5904.25        6060.62
1151           5904.25         6060.6
1152           5904.25         6060.6
1153           5904.25         6060.6
1154           5904.25         6060.6
1155           5904.25         6060.6
1156           5904.25         6060.6
1157           5904.25         6060.6
1158           5904.25         6060.6
1159           5904.25         6060.6
1160           5904.25         6060.6
1161           5904.25         6060.6
1162           5904.25         6060.6
1163           5904.25         6060.6
1164           5904.25         6060.6
1165           5904.25         6060.6
1166           5904.25         6060.6
1167           5904.25         6060.6
1168           5904.25         6060.6
1169           5904.25         6060.6
1170           5904.25         6060.6
1171           5904.25         6060.6
1172           5904.25         6060.6
1173           5904.25         6059.8
1174           5904.25        6059.79
1175           5904.25        6059.79
1176           5904.25        6059.79
1177           5904.25        6059.79
1178           5904.25        6059.79
1179           5904.25        6059.79
1180           5904.25        6059.79
1181           5904.25        6059.79
1182           5904.25        6059.79
1183           5904.25        6059.79
1184           5904.25        6059.79
1185           5904.25        6059.79
1186           5904.25        6059.79
1187           5904.25        6059.79
1188           5904.25        6059.79
1189           5904.25        6059.79
1190           5904.25        6059.79
1191           5904.25        6059.79
1192           5904.25        6059.79
1193           5904.25        6059.79
1194           5904.25        6059.79
1195           5904.25        6059.79
1196           5904.25        6058.93
1197           5904.25        6058.92
1198           5904.25        6058.91
1199           5904.25        6058.91
1200           5904.25        6058.91
1201           5904.25        6057.91
1202           5904.25        6057.89
1203           5904.25        6057.89
1204           5904.25        6057.89
1205           5904.25        6057.89
1206           5904.25        6057.89
1207           5904.25        6057.89
1208           5904.25        6057.89
1209           5904.25        6057.89
1210           5904.25        6057.89
1211           5904.25        6057.89
1212           5904.25        6057.89
1213           5904.25        6057.89
1214           5904.25        6057.89
1215           5904.25        6057.89
1216           5904.25        6057.89
1217           5904.25        6057.89
1218           5904.25        6057.89
1219           5904.25        6057.89
1220           5904.25        6057.89
1221           5904.25        6057.89
1222           5904.25        6057.86
1223           5904.25        6057.58
1224           5904.25        6057.58
1225           5904.25        6056.77
1226           5904.25        6056.75
1227           5904.25        6056.75
1228           5904.25        6056.75
1229           5904.25        6056.75
1230           5904.25        6056.75
1231           5904.25        6056.75
1232           5904.25        6056.75
1233           5904.25        6056.75
1234           5904.25        6056.75
1235           5904.25        6056.75
1236           5904.25        6056.75
1237           5904.25        6056.75
1238           5904.25        6056.75
1239           5904.25        6056.75
1240           5904.25        6056.75
1241           5904.25        6056.75
1242           5904.25        6056.75
1243           5904.25        6056.75
1244           5904.25        6056.75
1245           5904.25        6056.75
1246           5904.25        6056.75
1247           5904.25        6056.75
1248           5904.25        6056.75
1249           5904.25        6056.75
1250           5904.25        6056.75
1251           5904.25        6056.75
1252           5904.25        6056.75
1253           5904.25        6056.75
1254           5904.25        6056.75
1255           5904.25        6056.75
1256           5904.25        6056.75
1257           5904.25        6056.75
1258           5904.25        6056.75
1259           5904.25        6056.75
1260           5904.25        6056.75
1261           5904.25        6056.75
1262           5904.25        6056.75
1263           5904.25        6056.75
1264           5904.25        6056.75
1265           5904.25        6056.75
1266           5904.25        6056.75
1267           5904.25        6056.75
1268           5904.25        6056.75
1269           5904.25        6056.75
1270           5904.25        6056.75
1271           5904.25        6056.75
1272           5904.25        6056.75
1273           5904.25        6056.75
1274           5904.25        6056.75
1275           5904.25        6056.75
1276           5904.25        6056.75
1277           5904.25        6056.75
1278           5904.25        6056.75
1279           5904.25        6056.75
1280           5904.25        6056.75
1281           5904.25        6056.75
1282           5904.25        6056.75
1283           5904.25        6056.75
1284           5904.25        6056.75
1285           5904.25        6056.75
1286           5904.25        6056.75
1287           5904.25        6056.75
1288           5904.25        6056.75
1289           5904.25        6056.75
1290           5904.25        6056.75
1291           5904.25        6056.75
1292           5904.25        6056.75
1293           5904.25        6056.75
1294           5904.25        6056.75
1295           5904.25        6056.75
1296           5904.25        6056.75
1297           5904.25        6056.75
1298           5904.25        6056.75
1299           5904.25        6056.75
1300           5904.25        6056.75
1301           5904.25        6056.75
1302           5904.25        6056.75
1303           5904.25        6056.75
1304           5904.25        6056.75
1305           5904.25        6056.75
1306           5904.25        6056.75
1307           5904.25        6056.75
1308           5904.25        6056.75
1309           5904.25        6056.75
1310           5904.25        6056.75
1311           5904.25        6056.75
1312           5904.25        6056.75
1313           5904.25        6056.75
1314           5904.25        6056.75
1315           5904.25        6056.75
1316           5904.25        6056.75
1317           5904.25        6056.75
1318           5904.25        6056.75
1319           5904.25        6056.75
1320           5904.25        6056.75
1321           5904.25        6056.75
1322           5904.25        6056.75
1323           5904.25        6056.75
1324           5904.25        6056.35
1325           5904.25        6056.35
1326           5904.25        6056.35
1327           5904.25        6056.35
1328           5904.25        6056.35
1329           5904.25        6056.35
1330           5904.25        6056.35
1331           5904.25        6056.35
1332           5904.25        6056.35
1333           5904.25        6056.35
1334           5904.25        6056.35
1335           5904.25        6056.35
1336           5904.25        6056.35
1337           5904.25        6056.35
1338           5904.25        6056.35
1339           5904.25        6056.35
1340           5904.25        6056.35
1341           5904.25        6056.35
1342           5904.25        6056.35
1343           5904.25        6056.35
1344           5904.25        6056.35
1345           5904.25        6056.35
1346           5904.25        6056.35
1347           5904.25        6056.35
1348           5904.25        6056.35
1349           5904.25        6056.35
1350           5904.25        6056.35
1351           5904.25        6056.35
1352           5904.25        6056.35
1353           5904.25        6056.35
1354           5904.25        6056.35
1355           5904.25        6056.35
1356           5904.25        6056.35
1357           5904.25        6056.35
1358           5904.25        6056.35
1359           5904.25        6056.35
1360           5904.25        6056.35
1361           5904.25        6056.35
1362           5904.25        6056.31
1363           5904.25        6056.31
1364           5904.25        6056.31
1365           5904.25        6056.31
1366           5904.25        6056.31
1367           5904.25        6056.31
1368           5904.25        6056.31
1369           5904.25        6056.31
1370           5904.25        6056.31
1371           5904.25        6056.31
1372           5904.25        6056.31
1373           5904.25        6056.31
1374           5904.25        6056.31
1375           5904.25        6056.31
1376           5904.25        6056.31
1377           5904.25        6056.31
1378           5904.25        6056.31
1379           5904.25        6056.31
1380           5904.25        6056.31
1381           5904.25        6056.31
1382           5904.25        6056.31
1383           5904.25        6056.31
1384           5904.25        6056.31
1385           5904.25        6056.31
1386           5904.25        6056.31
1387           5904.25        6056.31
1388           5904.25        6056.31
1389           5904.25        6056.31
1390           5904.25        6056.31
1391           5904.25        6056.31
1392           5904.25        6056.31
1393           5904.25        6056.31
1394           5904.25        6056.31
1395           5904.25        6056.31
1396           5904.25        6056.31
1397           5904.25        6056.31
1398           5904.25        6056.31
1399           5904.25        6056.31
1400           5904.25        6056.31
1401           5904.25        6056.31
1402           5904.25        6056.31
1403           5904.25        6055.86
1404           5904.25        6055.85
1405           5904.25        6055.85
1406           5904.25        6055.85
1407           5904.25        6055.85
1408           5904.25        6055.85
1409           5904.25        6055.85
1410           5904.25        6055.85
1411           5904.25        6055.85
1412           5904.25        6055.85
1413           5904.25        6055.12
1414           5904.25        6055.11
1415           5904.25        6055.11
1416           5904.25        6055.11
1417           5904.25        6055.11
1418           5904.25        6055.11
1419           5904.25        6055.11
1420           5904.25        6055.11
1421           5904.25        6055.11
1422           5904.25        6055.11
1423           5904.25        6055.11
1424           5904.25        6055.11
1425           5904.25        6055.11
1426           5904.25        6055.11
1427           5904.25        6055.11
1428           5904.25        6055.11
1429           5904.25        6055.11
1430           5904.25        6055.11
1431           5904.25        6055.11
1432           5904.25        6055.11
1433           5904.25        6055.11
1434           5904.25        6055.11
1435           5904.25        6055.11
1436           5904.25        6055.11
1437           5904.25        6055.11
1438           5904.25        6055.11
1439           5904.25        6055.11
1440           5904.25        6055.11
1441           5904.25        6055.11
1442           5904.25        6055.11
1443           5904.25        6055.11
1444           5904.25        6055.11
1445           5904.25        6055.11
1446           5904.25        6054.81
1447           5904.25        6054.81
1448           5904.25        6054.81
1449           5904.25        6054.81
1450           5904.25        6054.81
1451           5904.25        6054.81
1452           5904.25        6054.81
1453           5904.25        6054.81
1454           5904.25        6054.81
1455           5904.25        6054.81
1456           5904.25        6054.81
1457           5904.25        6054.81
1458           5904.25        6054.81
1459           5904.25        6054.81
1460           5904.25        6054.81
1461           5904.25        6054.81
1462           5904.25        6054.81
1463           5904.25        6054.81
1464           5904.25        6054.81
1465           5904.25        6054.81
1466           5904.25        6054.81
1467           5904.25        6054.81
1468           5904.25        6054.81
1469           5904.25        6054.81
1470           5900.67        6052.45
1471           5900.67        6048.76
1472           5900.67        6046.15
1473           5900.67        6044.09
1474           5900.67        6043.82
1475           5900.67        6043.03
1476            5895.7         6041.4
1477            5895.7        6038.52
1478            5894.4        6036.96
1479            5894.4        6036.92
1480            5894.4        6036.92
1481            5894.4        6036.92
1482            5894.4        6036.92
1483            5894.4        6036.92
1484            5894.4        6036.92
1485            5894.4        6036.92
1486            5894.4        6036.92
1487            5894.4        6036.92
1488            5894.4        6036.92
1489            5894.4        6036.92
1490            5894.4        6036.92
1491            5894.4        6036.92
1492            5894.4        6036.92
1493            5894.4        6036.92
1494            5894.4        6036.92
1495            5894.4        6036.92
1496            5894.4        6036.92
1497            5894.4        6036.92
1498            5894.4        6036.92
1499            5894.4        6036.92
1500            5894.4        6036.92
1501            5894.4        6036.92
1502            5894.4        6036.92
1503            5894.4        6036.92
1504            5894.4        6036.92
1505            5894.4        6036.92
1506            5894.4        6036.92
1507            5894.4        6036.92
1508            5894.4        6036.92
1509            5894.4        6036.92
1510            5894.4        6036.92
1511            5894.4        6036.92
1512            5894.4        6036.92
1513            5894.4        6036.92
1514            5894.4        6036.92
1515            5894.4        6036.92
1516            5894.4        6036.92
1517            5894.4        6036.92
1518            5894.4        6036.92
1519            5894.4        6036.92
1520            5894.4        6036.92
1521            5894.4        6036.92
1522            5894.4        6036.92
1523            5894.4        6036.92
1524            5894.4        6036.92
1525            5894.4        6036.92
1526            5894.4        6036.92
1527            5894.4        6036.92
1528            5894.4        6036.92
1529            5894.4        6036.92
1530            5894.4        6036.92
1531            5894.4        6036.92
1532            5894.4        6036.92
1533            5894.4        6036.92
1534            5894.4        6036.92
1535            5894.4        6036.92
1536            5894.4        6036.92
1537            5894.4        6036.92
1538            5894.4        6036.92
1539            5894.4        6036.92
1540            5894.4        6036.92
1541            5894.4        6036.92
1542            5894.4        6036.92
1543            5894.4        6036.92
1544            5894.4        6036.92
1545            5894.4        6036.92
1546            5894.4        6036.92
1547            5894.4        6036.92
1548            5894.4        6036.92
1549            5894.4        6036.92
1550            5894.4        6036.92
1551            5894.4        6036.92
1552            5894.4        6036.92
1553            5894.4        6036.92
1554            5894.4        6036.92
1555            5894.4        6036.92
1556            5894.4        6036.92
1557            5894.4        6036.92
1558            5894.4        6036.92
1559            5894.4        6036.92
1560            5894.4        6036.92
1561            5894.4        6036.92
1562            5894.4        6036.92
1563            5894.4        6036.92
1564            5894.4        6036.92
1565            5894.4        6036.92
1566            5894.4        6036.92
1567            5894.4        6036.92
1568            5894.4        6036.92
1569            5894.4        6036.92
1570            5894.4        6036.92
1571            5894.4        6036.92
1572            5894.4        6036.92
1573            5894.4        6036.92
1574            5894.4        6036.92
1575            5894.4        6036.92
1576            5894.4        6036.92
1577            5894.4        6036.92
1578            5894.4        6036.92
1579            5894.4        6036.92
1580            5894.4        6036.92
1581            5894.4        6036.92
1582            5894.4        6036.92
1583            5894.4        6036.92
1584            5894.4        6036.92
1585            5894.4        6036.92
1586            5894.4        6036.92
1587            5894.4        6036.92
1588            5894.4        6036.92
1589            5894.4        6036.92
1590            5894.4        6036.92
1591            5894.4        6036.92
1592            5894.4        6036.92
1593            5894.4        6036.92
1594            5894.4        6036.92
1595            5894.4        6036.92
1596            5894.4        6036.92
1597            5894.4        6036.92
1598            5894.4        6036.92
1599            5894.4        6036.67
1600            5894.4        6036.67
1601            5894.4        6036.67
1602            5894.4        6036.67
1603            5894.4        6036.67
1604            5894.4        6036.67
1605            5894.4        6036.67
1606            5894.4        6036.67
1607            5894.4        6036.67
1608            5894.4        6036.67
1609            5894.4        6036.67
1610            5894.4        6036.67
1611            5894.4        6036.67
1612            5894.4        6036.67
1613            5894.4        6036.67
1614            5894.4        6036.67
1615            5894.4        6036.67
1616            5894.4        6036.67
1617            5894.4        6036.67
1618            5894.4        6036.67
1619            5894.4        6036.67
1620            5894.4        6036.67
1621            5894.4        6036.67
1622            5894.4        6036.67
1623            5894.4        6036.67
1624            5894.4        6036.67
1625            5894.4        6036.67
1626            5894.4        6036.67
1627            5894.4        6036.67
1628            5894.4        6036.67
1629            5894.4        6036.67
1630            5894.4        6036.67
1631            5894.4        6036.67
1632            5894.4        6036.67
1633            5894.4        6036.67
1634            5894.4        6036.67
1635            5894.4        6036.67
1636            5894.4        6036.67
1637            5894.4        6036.67
1638            5894.4        6036.67
1639            5894.4        6036.67
1640            5894.4        6036.67
1641            5894.4        6036.67
1642            5894.4        6036.67
1643            5894.4        6036.67
1644            5894.4        6036.67
1645            5894.4        6036.67
1646            5894.4        6036.67
1647            5894.4        6036.67
1648            5894.4        6036.67
1649            5894.4        6036.67
1650            5894.4        6036.67
1651            5894.4        6036.67
1652            5894.4        6036.67
1653            5894.4        6036.67
1654            5894.4        6036.67
1655            5894.4        6036.67
1656            5894.4        6036.67
1657            5894.4        6036.67
1658            5894.4        6036.67
1659            5894.4        6036.67
1660            5894.4        6036.67
1661            5894.4        6036.67
1662            5894.4        6036.67
1663            5894.4        6036.67
1664            5894.4        6036.67
1665            5894.4        6036.67
1666            5894.4        6036.67
1667            5894.4        6036.67
1668            5894.4        6036.67
1669            5894.4        6036.67
1670            5894.4        6036.67
1671            5894.4        6036.67
1672            5894.4        6036.67
1673            5894.4        6036.67
1674            5894.4        6036.67
1675            5894.4        6036.67
1676            5894.4        6036.67
1677            5894.4        6036.67
1678            5894.4        6036.67
1679            5894.4        6036.67
1680            5894.4        6036.67
1681            5894.4        6036.67
1682            5894.4        6036.67
1683            5894.4        6036.67
1684            5894.4        6036.67
1685            5894.4        6036.67
1686            5894.4        6036.67
1687            5894.4        6036.12
1688            5894.4        6036.11
1689            5894.4        6036.11
1690            5894.4        6036.11
1691            5894.4        6036.11
1692            5894.4        6036.11
1693            5894.4        6036.11
1694            5894.4        6036.11
1695            5894.4        6036.11
1696            5894.4        6036.11
1697            5894.4        6036.11
1698            5894.4        6036.11
1699            5894.4        6036.11
1700            5894.4        6036.11
1701            5894.4        6036.11
1702            5894.4        6036.11
1703            5894.4        6036.11
1704            5894.4        6036.11
1705            5894.4        6036.11
1706            5894.4        6036.11
1707            5894.4        6036.11
1708            5894.4        6036.11
1709            5894.4        6036.11
1710            5894.4        6036.11
1711            5894.4        6036.11
1712            5894.4        6036.11
1713            5894.4        6036.11
1714            5894.4        6036.11
1715            5894.4        6036.11
1716            5894.4        6036.11
1717            5894.4        6036.11
1718            5894.4        6036.11
1719            5894.4        6036.11
1720            5894.4        6036.11
1721            5894.4        6036.11
1722            5894.4        6036.11
1723            5894.4        6036.11
1724            5894.4        6036.11
1725            5894.4        6036.11
1726            5894.4        6036.11
1727            5894.4        6036.11
1728            5894.4        6036.11
1729            5894.4        6036.11
1730            5894.4        6036.11
1731            5894.4        6036.11
1732            5894.4        6036.11
1733            5894.4        6036.11
1734            5894.4        6036.11
1735            5894.4        6036.11
1736            5894.4        6036.11
1737            5894.4        6036.11
1738            5894.4        6036.11
1739            5894.4        6036.11
1740            5894.4        6036.11
1741            5894.4        6036.01
1742            5894.4        6036.01
1743            5894.4        6036.01
1744            5894.4        6036.01
1745            5894.4        6036.01
1746            5894.4        6036.01
1747            5894.4        6036.01
1748            5894.4        6036.01
1749            5894.4        6036.01
1750            5894.4        6036.01
1751            5894.4        6036.01
1752            5894.4        6036.01
1753            5894.4        6036.01
1754            5894.4        6036.01
1755            5894.4        6036.01
1756            5894.4        6036.01
1757            5894.4        6036.01
1758            5894.4        6036.01
1759            5894.4        6036.01
1760            5894.4        6036.01
1761            5894.4        6036.01
1762            5894.4           6036
1763            5894.4           6036
1764            5894.4           6036
1765            5894.4           6036
1766            5894.4           6036
1767            5894.4           6036
1768            5894.4           6036
1769            5894.4           6036
1770            5894.4           6036
1771            5894.4           6036
1772            5894.4           6036
1773            5894.4           6036
1774            5894.4           6036
1775            5894.4           6036
1776            5894.4           6036
1777            5894.4        6035.91
1778            5894.4        6035.91
1779            5894.4        6035.91
1780            5894.4        6035.91
1781            5894.4        6035.91
1782            5894.4        6035.91
1783            5894.4        6035.91
1784            5894.4        6035.91
1785            5894.4        6035.91
1786            5894.4        6035.91
1787            5894.4        6035.91
1788            5894.4        6035.91
1789            5894.4        6035.91
1790            5894.4        6035.91
1791            5894.4        6035.91
1792            5894.4        6035.91
1793            5894.4        6035.91
1794            5894.4        6035.91
1795            5894.4        6035.91
1796            5894.4        6035.91
1797            5894.4        6035.91
1798            5894.4        6035.91
1799            5894.4        6035.91
1800            5894.4        6035.91
1801            5894.4        6035.91
1802            5894.4        6035.91
1803            5894.4        6035.91
1804            5894.4        6035.91
1805            5894.4        6035.91
1806            5894.4        6035.91
1807            5894.4        6035.91
1808            5894.4        6035.91
1809            5894.4        6035.91
1810            5894.4        6035.91
1811            5894.4        6035.91
1812            5894.4        6035.91
1813            5894.4        6035.91
1814            5894.4        6035.91
1815            5894.4        6035.91
1816            5894.4        6035.91
1817            5894.4        6035.91
1818            5894.4        6035.91
1819            5894.4        6035.91
1820            5894.4        6035.91
1821            5894.4        6035.91
1822            5894.4        6035.91
1823            5894.4        6035.91
1824            5894.4        6035.91
1825            5894.4        6035.91
1826            5894.4        6035.91
1827            5894.4        6035.91
1828            5894.4        6035.91
1829            5894.4        6035.91
1830            5894.4        6035.91
1831            5894.4        6035.91
1832            5894.4        6035.91
1833            5894.4        6035.91
1834            5894.4        6035.91
1835            5894.4        6035.91
1836            5894.4        6035.91
1837            5894.4        6035.91
1838            5894.4        6035.91
1839            5894.4        6035.91
1840            5894.4        6035.91
1841            5894.4        6035.91
1842            5894.4        6035.91
1843            5894.4        6035.91
1844            5894.4        6035.91
1845            5894.4        6035.91
1846            5894.4        6035.91
1847            5894.4        6035.91
1848            5894.4        6035.91
1849            5894.4        6035.91
1850            5894.4        6035.91
1851            5894.4        6035.91
1852            5894.4        6035.91
1853            5894.4        6035.91
1854            5894.4        6035.91
1855            5894.4        6035.91
1856            5894.4        6035.91
1857            5894.4        6035.91
1858            5894.4        6035.91
1859            5894.4        6035.91
1860            5894.4        6035.91
1861            5894.4        6035.91
1862            5894.4        6035.91
1863            5894.4        6035.84
1864            5894.4        6035.83
1865            5894.4        6035.83
1866            5894.4        6035.83
1867            5894.4        6035.83
1868            5894.4        6035.83
1869            5894.4        6035.83
1870            5894.4        6035.83
1871            5894.4        6035.83
1872            5894.4        6035.83
1873            5894.4        6035.83
1874            5894.4        6035.83
1875            5894.4        6035.83
1876            5894.4        6035.83
1877            5894.4        6035.83
1878            5894.4        6035.83
1879            5894.4        6035.83
1880            5894.4        6035.83
1881            5894.4        6035.83
1882            5894.4        6035.83
1883            5894.4        6035.83
1884            5894.4        6035.83
1885            5894.4        6035.83
1886            5894.4        6035.83
1887            5894.4        6035.83
1888            5894.4        6035.83
1889            5894.4        6035.54
1890            5894.4        6035.53
1891            5894.4        6035.53
1892            5894.4        6035.53
1893            5894.4        6035.53
1894            5894.4        6035.53
1895            5894.4        6035.53
1896            5894.4        6035.53
1897            5894.4        6035.53
1898            5894.4        6035.53
1899            5894.4        6035.53
1900            5894.4        6035.53
1901            5894.4        6035.53
1902            5894.4        6035.53
1903            5894.4        6035.53
1904            5894.4        6035.53
1905            5894.4        6035.53
1906            5894.4        6035.53
1907            5894.4        6035.53
1908            5894.4        6035.53
1909            5894.4        6035.53
1910            5894.4        6035.53
1911            5894.4        6035.53
1912            5894.4        6035.53
1913            5894.4        6035.53
1914            5894.4        6035.53
1915            5894.4        6035.53
1916            5894.4        6035.53
1917            5894.4        6035.53
1918            5894.4        6035.53
1919            5894.4        6035.53
1920            5894.4        6035.53
1921            5894.4        6035.53
1922            5894.4        6035.53
1923            5894.4        6035.53
1924            5894.4        6035.53
1925            5894.4        6035.53
1926            5894.4        6035.53
1927            5894.4        6035.53
1928            5894.4        6035.53
1929            5894.4        6035.53
1930            5894.4        6035.53
1931            5894.4        6035.53
1932            5894.4        6035.53
1933            5894.4        6035.53
1934            5894.4        6035.53
1935            5894.4        6035.53
1936            5894.4        6035.53
1937            5894.4        6035.53
1938            5894.4        6035.53
1939            5894.4        6035.53
1940            5894.4        6035.53
1941            5894.4        6035.53
1942            5894.4        6035.53
1943            5894.4        6035.53
1944            5894.4        6035.53
1945            5894.4        6035.53
1946            5894.4        6035.53
1947            5894.4        6035.53
1948            5894.4        6035.53
1949            5894.4        6035.53
1950            5894.4        6035.53
1951            5894.4        6035.53
1952            5894.4        6035.53
1953            5894.4        6035.53
1954            5894.4        6035.53
1955            5894.4        6035.53
1956            5894.4        6035.53
1957            5894.4        6035.53
1958            5894.4        6035.53
1959            5894.4        6035.53
1960            5894.4        6035.53
1961            5894.4        6035.53
1962            5894.4        6035.53
1963            5894.4        6035.53
1964            5894.4        6035.53
1965            5894.4        6035.53
1966            5894.4        6035.53
1967            5894.4        6035.53
1968            5894.4        6035.53
1969            5894.4        6035.53
1970            5894.4        6035.48
1971            5894.4        6035.48
1972            5894.4        6035.48
1973            5894.4        6035.48
1974            5894.4        6035.48
1975            5894.4        6035.48
1976            5894.4        6035.48
1977            5894.4        6035.48
1978            5894.4        6035.48
1979            5894.4        6035.48
1980            5894.4        6035.48
1981            5894.4        6035.48
1982            5894.4        6035.48
1983            5894.4        6035.48
1984            5894.4        6035.48
1985            5894.4        6035.48
1986            5894.4        6035.48
1987            5894.4        6035.48
1988            5894.4        6035.48
1989            5894.4        6035.48
1990            5894.4        6035.48
1991            5894.4        6035.48
1992            5894.4        6035.48
1993            5894.4        6035.48
1994            5894.4        6035.44
1995            5894.4        6035.44
1996            5894.4        6035.44
1997            5894.4        6035.44
1998            5894.4        6035.44
1999            5894.4        6035.44
2000            5894.4        6035.44
2001            5894.4        6035.44
2002            5894.4        6035.44
2003            5894.4        6035.44
2004            5894.4        6035.44
2005            5894.4        6035.44
2006            5894.4        6035.44
2007            5894.4        6035.44
2008            5894.4        6035.44
2009            5894.4        6035.44
2010            5894.4        6035.44
2011            5894.4        6035.44
2012            5894.4        6035.44
2013            5894.4        6035.44
2014            5894.4        6035.44
2015            5894.4        6035.44
2016            5894.4        6035.43
2017            5894.4        6035.43
2018            5894.4        6035.43
2019            5894.4        6035.43
2020            5894.4        6035.43
2021            5894.4        6035.43
2022            5894.4        6035.43
2023            5894.4        6035.43
2024            5894.4        6035.43
2025            5894.4        6035.43
2026            5894.4        6035.43
2027            5894.4        6035.43
2028            5894.4        6035.43
2029            5894.4        6035.43
2030            5894.4        6035.43
2031            5894.4        6035.43
2032            5894.4        6035.43
2033            5894.4        6035.43
2034            5894.4        6035.43
2035            5894.4        6035.43
2036            5894.4        6035.43
2037            5894.4        6035.27
2038            5894.4        6035.26
2039            5894.4        6035.26
2040            5894.4        6035.26
2041            5894.4        6035.26
2042            5894.4        6035.26
2043            5894.4        6035.26
2044            5894.4        6035.26
2045            5894.4        6035.26
2046            5894.4        6035.26
2047            5894.4        6035.26
2048            5894.4        6035.26
2049            5894.4        6035.26
2050            5894.4        6035.26
2051            5894.4        6035.26
2052            5894.4        6035.26
2053            5894.4        6035.26
2054            5894.4        6035.26
2055            5894.4        6035.26
2056            5894.4        6035.26
2057            5894.4        6035.26
2058            5894.4        6035.26
2059            5894.4        6035.26
2060            5894.4        6035.26
2061            5894.4        6035.26
2062            5894.4        6035.26
2063            5894.4        6035.26
2064            5894.4        6035.26
2065            5894.4        6035.26
2066            5894.4        6035.26
2067            5894.4        6035.26
2068            5894.4        6035.26
2069            5894.4        6035.26
2070            5894.4        6035.26
2071            5894.4        6035.26
2072            5894.4        6035.26
2073            5894.4        6035.26
2074            5894.4        6035.26
2075            5894.4        6035.26
2076            5894.4        6035.26
2077            5894.4        6035.26
2078            5894.4        6035.26
2079            5894.4        6035.26
2080            5894.4        6035.26
2081            5894.4        6035.26
2082            5894.4        6035.26
2083            5894.4        6035.26
2084            5894.4        6035.26
2085            5894.4        6035.26
2086            5894.4        6035.26
2087            5894.4        6035.26
2088            5894.4        6035.26
2089            5894.4        6035.26
2090            5894.4        6035.26
2091            5894.4        6035.26
2092            5894.4        6035.26
2093            5894.4        6035.26
2094            5894.4        6035.26
2095            5894.4        6035.26
2096            5894.4        6035.26
2097            5894.4        6035.26
2098            5894.4        6035.26
2099            5894.4        6035.26
2100            5894.4        6035.26
2101            5894.4        6035.26
2102            5894.4        6035.26
2103            5894.4        6035.26
2104            5894.4        6035.26
2105            5894.4        6035.26
2106            5894.4        6035.26
2107            5894.4        6035.26
2108            5894.4        6035.26
2109            5894.4        6035.26
2110            5894.4        6035.26
2111            5894.4        6035.26
2112            5894.4        6035.26
2113            5894.4        6035.26
2114            5894.4        6035.26
2115            5894.4        6035.26
2116            5894.4        6035.26
2117            5894.4        6035.26
2118            5894.4        6035.26
2119            5894.4        6035.26
2120            5894.4        6035.25
2121            5894.4        6035.25
2122            5894.4        6035.25
2123            5894.4        6035.25
2124            5894.4        6035.25
2125            5894.4        6035.25
2126            5894.4        6035.25
2127            5894.4        6035.25
2128            5894.4        6035.25
2129            5894.4        6035.25
2130            5894.4        6035.25
2131            5894.4        6035.25
2132            5894.4        6035.25
2133            5894.4        6035.25
2134            5894.4        6035.25
2135            5894.4        6035.25
2136            5894.4        6035.25
2137            5894.4        6035.25
2138            5894.4        6035.25
2139            5894.4        6035.25
2140            5894.4        6035.25
2141            5894.4        6035.25
2142            5894.4        6035.25
2143            5894.4        6035.25
2144            5894.4        6035.25
2145            5894.4        6035.25
2146            5894.4        6035.25
2147            5894.4        6035.25
2148            5894.4        6035.25
2149            5894.4        6035.25
2150            5894.4        6035.25
2151            5894.4        6034.47
2152            5894.4        6034.46
2153            5894.4        6034.46
2154            5894.4        6034.46
2155            5894.4        6034.46
2156            5894.4        6034.46
2157            5894.4        6034.46
2158            5894.4        6034.46
2159            5894.4        6034.46
2160            5894.4        6034.46
2161            5894.4        6034.46
2162            5894.4        6034.46
2163            5894.4        6034.46
2164            5894.4        6034.46
2165            5894.4        6034.46
2166            5894.4        6034.46
2167            5894.4        6034.46
2168            5894.4        6034.46
2169            5894.4        6034.46
2170            5894.4        6034.46
2171            5894.4        6034.46
2172            5894.4        6034.46
2173            5894.4        6034.46
2174            5894.4        6034.46
2175            5894.4        6034.46
2176            5894.4        6034.46
2177            5894.4        6034.46
2178            5894.4        6034.46
2179            5894.4        6034.46
2180            5894.4        6034.46
2181            5894.4        6034.46
2182            5894.4        6034.46
2183            5894.4        6034.46
2184            5894.4        6034.46
2185            5894.4        6034.46
2186            5894.4        6034.46
2187            5894.4        6034.36
2188            5894.4        6034.36
2189            5894.4        6034.36
2190            5894.4        6034.36
2191            5894.4        6034.36
2192            5894.4        6034.36
2193            5894.4        6034.36
2194            5894.4        6034.36
2195            5894.4        6034.36
2196            5894.4        6034.36
2197            5894.4        6034.36
2198            5894.4        6034.36
2199            5894.4        6034.36
2200            5894.4        6034.36
2201            5894.4        6034.36
2202            5894.4        6034.36
2203            5894.4        6034.36
2204            5894.4        6034.36
2205            5894.4        6034.36
2206            5894.4        6034.36
2207            5894.4        6034.36
2208            5894.4        6034.36
2209            5894.4        6034.36
2210            5894.4        6034.36
2211            5894.4        6034.36
2212            5894.4        6034.36
2213            5894.4        6034.36
2214            5894.4        6034.36
2215            5894.4        6034.36
2216            5894.4        6034.36
2217            5894.4        6034.36
2218            5894.4        6034.36
2219            5894.4        6034.36
2220            5894.4        6034.36
2221            5894.4        6034.36
2222            5894.4        6034.36
2223            5894.4        6034.36
2224            5894.4        6034.36
2225            5894.4        6034.36
2226            5894.4        6034.36
2227            5894.4        6034.36
2228            5894.4        6034.36
2229            5894.4        6034.36
2230            5894.4        6034.36
2231            5894.4        6034.36
2232            5894.4        6034.36
2233            5894.4        6034.36
2234            5894.4        6034.36
2235            5894.4        6034.36
2236            5894.4        6034.36
2237            5894.4        6034.36
2238            5894.4        6034.36
2239            5894.4        6034.36
2240            5894.4        6034.36
2241            5894.4        6034.36
2242            5894.4        6034.36
2243            5894.4        6034.36
2244            5894.4        6034.36
2245            5894.4        6034.36
2246            5894.4        6034.36
2247            5894.4        6034.36
2248            5894.4        6034.36
2249            5894.4        6034.36
2250            5894.4        6034.36
2251            5894.4        6034.36
2252            5894.4        6034.36
2253            5894.4        6034.36
2254            5894.4        6034.36
2255            5894.4        6034.36
2256            5894.4        6034.36
2257            5894.4        6034.36
2258            5894.4        6034.36
2259            5894.4        6034.36
2260            5894.4        6034.36
2261            5894.4        6034.36
2262            5894.4        6034.36
2263            5894.4        6034.36
2264            5894.4        6034.36
2265            5894.4        6034.36
2266            5894.4        6034.36
2267            5894.4        6034.36
2268            5894.4        6034.36
2269            5894.4        6034.36
2270            5894.4        6034.36
2271            5894.4        6034.36
2272            5894.4        6034.36
2273            5894.4        6034.36
2274            5894.4        6034.36
2275            5894.4        6034.36
2276            5894.4        6034.36
2277            5894.4        6034.36
2278            5894.4        6034.15
2279            5894.4        6034.06
2280            5894.4        6034.06
2281            5894.4        6034.06
2282            5894.4        6034.06
2283            5894.4        6034.06
2284            5894.4        6033.95
2285            5894.4        6033.35
2286            5894.4        6033.33
2287            5894.4        6033.33
2288            5894.4        6033.33
2289            5894.4        6033.33
2290            5894.4        6033.33
2291            5894.4        6033.33
2292            5894.4        6033.33
2293            5894.4        6033.33
2294            5894.4        6033.33
2295            5894.4        6033.33
2296            5894.4        6033.33
2297            5894.4        6033.33
2298            5894.4        6033.33
2299            5894.4        6033.33
2300            5894.4        6033.33
2301            5894.4        6033.33
2302            5894.4        6033.33
2303            5894.4        6033.33
2304            5894.4        6033.33
2305            5894.4        6033.33
2306            5894.4        6033.33
2307            5894.4        6033.33
2308            5894.4        6033.33
2309            5894.4        6033.33
2310            5894.4        6033.33
2311            5894.4        6033.26
2312            5894.4        6033.26
2313            5894.4        6033.26
2314            5894.4        6033.26
2315            5894.4        6033.26
2316            5894.4        6033.26
2317            5894.4        6033.26
2318            5894.4        6033.26
2319            5894.4        6033.26
2320            5894.4        6033.26
2321            5894.4        6033.26
2322            5894.4        6033.26
2323            5894.4        6033.26
2324            5894.4        6033.26
2325            5894.4        6032.96
2326            5894.4        6032.95
2327            5894.4        6032.91
2328            5894.4        6032.91
2329            5894.4        6032.91
2330            5894.4        6032.91
2331            5894.4        6032.91
2332            5894.4        6032.91
2333            5894.4        6032.91
2334            5894.4        6032.91
2335            5894.4        6032.91
2336            5894.4        6032.91
2337            5894.4        6032.91
2338            5894.4        6032.91
2339            5894.4        6032.91
2340            5894.4        6032.91
2341            5894.4        6032.91
2342            5894.4        6032.91
2343            5894.4        6032.91
2344            5894.4        6032.91
2345            5894.4        6032.91
2346            5894.4        6032.91
2347            5894.4        6032.91
2348            5894.4        6032.91
2349            5894.4        6032.91
2350            5894.4        6032.91
2351            5894.4        6032.91
2352            5894.4        6032.91
2353            5894.4        6032.91
2354            5894.4        6032.91
2355            5894.4        6032.91
2356            5894.4        6032.91
2357            5894.4        6032.91
2358            5894.4        6032.91
2359            5894.4        6032.91
2360            5894.4        6032.91
2361            5894.4        6032.91
2362            5894.4        6032.91
2363            5894.4         6032.6
2364            5894.4         6032.6
2365            5894.4         6032.6
2366            5894.4         6032.6
2367            5894.4         6032.6
2368            5894.4         6032.6
2369            5894.4         6032.6
2370            5894.4         6032.6
2371            5894.4         6032.6
2372            5894.4         6032.6
2373            5894.4         6032.6
2374            5894.4         6032.6
2375            5894.4         6032.6
2376            5894.4         6032.6
2377            5894.4         6032.6
2378            5894.4         6032.6
2379            5894.4         6032.6
2380            5894.4         6032.6
2381            5894.4         6032.6
2382            5894.4         6032.6
2383            5894.4         6032.6
2384            5894.4         6032.6
2385            5894.4         6032.6
2386            5894.4         6032.6
2387            5894.4         6032.6
2388            5894.4         6032.6
2389            5894.4         6032.6
2390            5894.4         6032.6
2391            5894.4         6032.6
2392            5894.4         6032.6
2393            5894.4         6032.6
2394            5894.4         6032.6
2395            5894.4         6032.6
2396            5894.4         6032.6
2397            5894.4         6032.6
2398            5894.4         6032.6
2399            5894.4         6032.6
2400            5894.4         6032.6
2401            5894.4         6032.6
2402            5894.4         6032.6
2403            5894.4         6032.6
2404            5894.4         6032.6
2405            5894.4         6032.6
2406            5894.4         6032.6
2407            5894.4         6032.6
2408            5894.4         6032.6
2409            5894.4         6032.6
2410            5894.4         6032.6
2411            5894.4         6032.6
2412            5894.4         6032.6
2413            5894.4         6032.6
2414            5894.4         6032.6
2415            5894.4         6032.6
2416            5894.4         6032.6
2417            5894.4         6032.6
2418            5894.4         6032.6
2419            5894.4         6032.6
2420            5894.4         6032.6
2421            5894.4         6032.6
2422            5894.4         6032.6
2423            5894.4         6032.6
2424            5894.4         6032.6
2425            5894.4         6032.6
2426            5894.4         6032.6
2427            5894.4         6032.6
2428            5894.4         6032.6
2429            5894.4         6032.6
2430            5894.4         6032.6
2431            5894.4         6032.6
2432            5894.4         6032.6
2433            5894.4         6032.6
2434            5894.4         6032.6
2435            5894.4        6032.12
2436            5894.4        6032.11
2437            5894.4        6032.11
2438            5894.4        6032.11
2439            5894.4        6031.28
2440            5894.4        6031.27
2441            5894.4        6031.27
2442            5894.4        6031.27
2443            5894.4        6031.27
2444            5894.4        6031.27
2445            5894.4        6031.27
2446            5894.4        6031.27
2447            5894.4        6031.27
2448            5894.4        6031.27
2449            5894.4        6031.27
2450            5894.4        6031.27
2451            5894.4        6031.27
2452            5894.4        6031.27
2453            5894.4        6031.27
2454            5894.4        6031.27
2455            5894.4        6031.27
2456            5894.4        6031.27
2457            5894.4        6031.27
2458            5894.4        6031.27
2459            5894.4        6031.27
2460            5894.4        6031.27
2461            5894.4        6031.27
2462            5894.4        6031.27
2463            5894.4        6031.27
2464            5894.4        6031.27
2465            5894.4        6031.27
2466            5894.4        6031.27
2467            5894.4        6031.27
2468            5894.4        6031.27
2469            5894.4        6031.27
2470            5894.4        6031.27
2471            5894.4        6031.27
2472            5894.4        6031.27
2473            5894.4        6031.27
2474            5894.4        6031.27
2475            5894.4        6031.27
2476            5894.4        6031.27
2477            5894.4        6031.27
2478            5894.4        6031.27
2479            5894.4        6031.27
2480            5894.4        6031.27
2481            5894.4        6031.27
2482            5894.4        6031.27
2483            5894.4        6031.27
2484            5894.4        6031.27
2485            5894.4        6031.27
2486            5894.4        6031.27
2487            5894.4        6031.27
2488            5894.4        6031.27
2489            5894.4        6031.27
2490            5894.4        6031.27
2491            5894.4        6031.27
2492            5894.4        6031.27
2493            5894.4        6031.27
2494            5894.4        6031.27
2495            5894.4        6031.27
2496            5894.4        6031.27
2497            5894.4        6031.27
2498            5894.4        6031.27
2499            5894.4        6031.27
2500            5894.4        6031.27
