#ITER       #BEST_FO       #MEDIA_FO
1           16445.2    2.67925e+19
2           14800.7     5.3585e+17
3           12996.2     1.0717e+16
4           12996.2     2.1434e+14
5             11777     4.2868e+12
6             10361    8.57361e+10
7             10361    1.71474e+09
8           8763.23    3.43109e+07
9           8763.23         701021
10           8763.23        27419.4
11           8323.69        12671.9
12           7969.41        11909.3
13           7969.41        11834.3
14           7969.41          11368
15           7969.41        10907.9
16           7536.67        10759.9
17            7350.6        10292.8
18           7139.61        10094.1
19           7139.61        9769.04
20           6876.08         9530.3
21            6680.2        9109.94
22            6680.2        8626.04
23            6680.2        8593.22
24           6542.21        8376.26
25           6542.21        8243.68
26           6542.21        7994.88
27           6542.21        7899.62
28           6542.21        7839.96
29           6504.84        7746.35
30           6466.54        7571.55
31           6466.54        7407.47
32           6466.54        7321.55
33           6325.45        7294.94
34           6325.45        7274.38
35           6325.45        7226.79
36           6325.45        7167.43
37           6325.45        7139.57
38           6325.45        7132.55
39           6325.45        7124.16
40           6325.45        7117.26
41           6325.45        7116.25
42           6325.45        7110.24
43           6325.45        7061.31
44           6325.45        7038.28
45           6325.45         7018.2
46           6325.45        7005.88
47           6325.45        6988.78
48           6325.45        6969.85
49           6288.34        6890.32
50           6288.34        6874.33
51           6288.34        6864.23
52           6288.34        6863.94
53           6288.34        6849.88
54           6288.34        6837.93
55           6288.34         6837.7
56           6288.34        6837.69
57           6288.34        6824.01
58           6288.34         6823.3
59           6288.34        6820.64
60           6288.34        6818.75
61           6288.34        6812.31
62           6288.34        6756.76
63           6288.34        6743.99
64           6288.34        6736.01
65           6288.34        6733.09
66           6288.34        6725.97
67           6288.34        6721.81
68           6288.34        6715.27
69           6288.34        6714.24
70           6288.34        6714.21
71           6288.34        6711.46
72           6288.34        6711.41
73           6207.48        6709.05
74           6207.48        6697.46
75           6207.48         6695.7
76           6207.48        6690.15
77           6207.48        6688.72
78           6150.76        6677.97
79           6077.35        6662.48
80           6077.35        6661.14
81           6077.35        6652.68
82           6077.35        6630.17
83           6077.35        6618.84
84           6077.35         6614.7
85           6077.35        6614.62
86           6077.35        6600.68
87           6077.35         6591.1
88           6077.35        6579.43
89           6077.35        6565.91
90           6077.35        6559.53
91           5997.48        6548.89
92           5997.48        6541.48
93           5997.48        6520.54
94           5997.48        6509.31
95           5997.48        6492.68
96           5997.48        6484.43
97           5997.48        6477.95
98           5997.48        6456.04
99           5997.48         6455.6
100           5997.48         6431.3
101           5997.48        6430.22
102           5997.48        6427.39
103           5997.48        6409.75
104           5997.48        6405.74
105           5992.75        6403.13
106           5992.75        6403.08
107           5992.75        6402.88
108           5992.75        6401.27
109           5992.75        6399.43
110           5992.75        6389.17
111           5992.75        6388.97
112           5992.75        6388.96
113           5992.75        6388.96
114           5992.75        6386.91
115           5992.75        6386.87
116           5992.75        6384.05
117           5992.75        6378.08
118           5992.75        6377.96
119           5992.75        6377.96
120           5992.75        6377.96
121           5992.75        6377.96
122           5992.75        6377.96
123           5992.75        6377.96
124           5992.75        6377.96
125           5992.75        6377.96
126           5992.75        6377.96
127           5992.75        6370.93
128           5992.75        6370.79
129           5992.75        6368.25
130           5992.75        6368.19
131           5992.75        6368.19
132           5992.75        6368.19
133           5992.75        6368.19
134           5992.75        6364.18
135           5992.75         6364.1
136           5992.75         6364.1
137           5992.75         6364.1
138           5992.75         6364.1
139           5992.75        6358.98
140           5992.75         6351.8
141           5992.75        6351.47
142           5992.75        6351.46
143           5992.75        6351.46
144           5992.75        6351.15
145           5992.75        6351.14
146           5992.75        6351.14
147           5992.75        6343.15
148           5992.75        6342.99
149           5992.75        6342.99
150           5992.75        6342.99
151           5992.75        6342.99
152           5992.75        6334.05
153           5992.75        6332.92
154           5992.75        6332.89
155           5992.75        6332.89
156           5992.75        6329.69
157           5992.75        6328.11
158           5992.75        6328.07
159           5992.38        6309.96
160           5992.38        6298.99
161           5992.38        6288.38
162           5962.83        6284.87
163           5962.83        6281.35
164           5962.83        6275.73
165           5962.83        6271.99
166           5962.83        6267.75
167           5962.83        6266.04
168           5962.83        6264.39
169           5962.83        6247.63
170           5962.83        6247.29
171           5962.83        6246.82
172           5962.83        6243.24
173           5962.83        6242.85
174           5962.83        6238.26
175           5962.83        6237.53
176           5947.55        6236.54
177           5947.55        6234.41
178           5947.55        6232.65
179           5946.51        6232.59
180           5946.51        6226.77
181           5946.51        6226.65
182           5946.51        6226.65
183           5946.51        6226.65
184           5946.51         6218.1
185           5944.76        6215.99
186           5944.76        6212.61
187           5944.76        6209.29
188           5944.76        6209.23
189              5925        6208.03
190              5925        6206.24
191              5925         6206.2
192              5925        6204.88
193           5921.29        6197.81
194           5921.29        6194.02
195           5921.29        6192.51
196           5921.29        6188.56
197           5921.29        6188.48
198           5921.29        6187.47
199           5921.29        6184.57
200           5921.29        6182.13
201           5921.29        6180.87
202           5921.29        6180.84
203           5921.29        6179.36
204           5921.29        6178.01
205           5921.29        6169.22
206           5921.29        6168.48
207           5921.29        6167.67
208           5921.29        6167.22
209           5921.29        6162.26
210           5921.29        6162.16
211           5921.29        6161.78
212           5921.29        6160.03
213           5904.65        6157.96
214           5904.65        6157.92
215           5904.65        6156.19
216           5904.65        6156.15
217           5904.65        6156.07
218           5904.65        6154.07
219           5904.65        6153.67
220           5904.65        6153.66
221           5904.65        6152.33
222           5904.65        6146.29
223           5904.65        6145.97
224           5904.65        6144.38
225           5904.65        6144.34
226           5904.65        6143.43
227           5904.65        6142.75
228           5904.65        6142.74
229           5904.65         6142.7
230           5904.65        6137.56
231           5903.02        6136.87
232           5903.02        6136.85
233           5892.48         6134.3
234           5892.48        6134.25
235           5892.48        6134.25
236           5892.48        6134.25
237           5892.48        6134.24
238           5892.48        6134.24
239           5892.48        6131.41
240           5892.48        6129.79
241           5892.48        6128.77
242           5892.48        6128.35
243           5892.48        6128.35
244           5892.48        6128.35
245           5892.48         6128.2
246           5892.48         6125.9
247           5892.48        6125.59
248           5892.48        6125.45
249           5892.48        6119.49
250           5892.48        6119.23
251           5892.48        6119.22
252           5892.48        6118.39
253           5890.94        6117.09
254           5890.94        6117.06
255           5890.94        6117.06
256           5890.94        6117.06
257           5890.94        6117.06
258           5890.94        6117.06
259           5890.94        6117.06
260           5890.94        6117.06
261           5890.94        6116.43
262           5890.94         6115.3
263           5890.94        6115.16
264           5890.94        6114.62
265           5890.94        6114.61
266           5890.94        6114.58
267           5890.94        6114.58
268           5890.94        6114.58
269           5890.94        6114.58
270           5890.94        6114.58
271           5890.94        6110.92
272           5890.94        6110.84
273           5890.94        6110.84
274           5890.94        6110.76
275           5890.94        6110.75
276           5890.94        6110.73
277           5890.94        6110.65
278           5890.94         6110.6
279           5890.94         6110.6
280           5890.94         6110.6
281           5890.94        6110.48
282           5890.94        6110.28
283           5890.94        6109.96
284           5890.94        6109.29
285           5890.94        6108.73
286           5890.94        6108.54
287           5890.94        6108.49
288           5890.94        6108.49
289           5890.94        6108.35
290           5890.94        6108.35
291           5890.94        6108.35
292           5890.94        6107.77
293           5890.94        6107.76
294           5890.94        6107.75
295           5890.94        6107.75
296           5890.94        6107.75
297           5890.94        6107.07
298           5890.94        6107.06
299           5890.94        6107.06
300           5890.94        6106.96
301           5890.94        6106.96
302           5890.94        6106.93
303           5890.94        6106.81
304           5890.94         6106.8
305           5890.94         6106.8
306           5890.94         6106.3
307           5890.94        6106.29
308           5890.94        6106.26
309           5890.94        6105.72
310           5890.94        6105.49
311           5890.94        6105.49
312           5890.94        6105.49
313           5890.94        6105.46
314           5890.94        6105.15
315           5890.94        6105.14
316           5890.94        6105.14
317           5890.94        6105.14
318           5890.94        6105.14
319           5890.94        6105.14
320           5890.94        6105.14
321           5890.94         6104.8
322           5890.94        6104.79
323           5890.94        6104.79
324           5890.94        6104.77
325           5890.94        6104.77
326           5890.94        6102.59
327           5890.94        6102.07
328           5890.94        6102.03
329           5890.94        6101.99
330           5890.94        6101.99
331           5890.94        6101.51
332           5888.23         6101.2
333           5888.23        6100.91
334           5888.23        6100.91
335           5888.23        6100.49
336           5888.23        6100.48
337           5888.23        6100.48
338           5888.23        6100.32
339           5888.23        6100.27
340           5888.23        6100.27
341           5888.23        6100.27
342           5888.23        6100.27
343           5888.23        6099.46
344           5888.23        6099.44
345           5888.23        6099.44
346           5888.23        6099.44
347           5888.23        6099.44
348           5888.23        6099.44
349           5888.23        6099.37
350           5888.23        6099.16
351           5888.23        6099.16
352           5888.23        6099.16
353           5888.23         6099.1
354           5888.23         6099.1
355           5887.85        6097.91
356           5887.85        6097.88
357           5887.85        6097.88
358           5887.85        6097.88
359           5887.85        6097.85
360           5887.85        6097.85
361           5887.85        6097.85
362           5887.85        6097.47
363           5887.85        6097.46
364           5887.85        6097.46
365           5887.85        6097.46
366           5887.85        6095.99
367           5887.85        6095.96
368           5887.85         6095.6
369           5887.85        6095.59
370           5887.85        6095.55
371           5887.85        6095.39
372           5887.85        6095.39
373           5887.85        6095.34
374           5887.85        6095.34
375           5887.85        6095.34
376           5887.85        6095.34
377           5887.85        6095.24
378           5887.85        6095.24
379           5887.85        6094.88
380           5887.85        6094.87
381           5887.85        6094.21
382           5887.21        6093.95
383           5887.21        6093.95
384           5887.21        6093.95
385           5887.21        6093.95
386           5887.21        6093.95
387           5887.21        6093.95
388           5887.21        6093.78
389           5887.21        6093.72
390           5887.21        6093.37
391           5887.21        6093.36
392           5887.21        6093.36
393           5887.21        6092.97
394           5887.21        6092.96
395           5887.21        6092.96
396           5887.21        6092.96
397           5887.21        6092.96
398           5887.21        6092.96
399           5887.21        6092.96
400           5887.21        6092.91
401           5887.21        6092.91
402           5887.21        6092.91
403           5887.21        6092.33
404           5887.21        6092.32
405           5887.21        6091.88
406           5887.21        6091.87
407           5887.21        6091.83
408           5887.21        6091.83
409           5887.16        6091.82
410           5887.16        6090.94
411           5887.16        6090.92
412           5887.16        6090.03
413           5887.16        6089.98
414           5887.16        6089.98
415           5887.16        6089.98
416           5887.16        6089.92
417           5887.16        6089.49
418           5887.16        6089.48
419           5887.16        6089.48
420           5887.16         6088.8
421           5887.16        6086.38
422           5887.16        6086.22
423           5887.16        6085.32
424           5887.16        6085.26
425           5887.16        6085.16
426           5887.16           6085
427           5887.16        6084.99
428           5886.43        6084.98
429           5886.43        6084.98
430           5886.43        6084.55
431           5886.43        6084.49
432           5886.43        6084.49
433           5886.43        6084.35
434           5886.43        6084.24
435           5886.43        6084.02
436           5886.43        6083.76
437           5886.43         6083.7
438           5886.43        6083.56
439           5886.43        6083.55
440           5886.43        6083.52
441           5886.43        6083.51
442           5886.43        6083.49
443           5886.43        6083.17
444           5886.43        6083.16
445           5886.43        6082.79
446           5886.43        6082.49
447           5886.43        6082.48
448           5886.43        6082.26
449           5886.43        6082.11
450           5886.43        6082.11
451           5886.43        6082.11
452           5886.43        6082.01
453           5886.43        6081.98
454           5886.43        6081.98
455           5886.43         6081.8
456           5886.43         6081.8
457           5886.43         6081.6
458           5886.43        6081.32
459           5886.43        6081.31
460           5886.43        6081.31
461           5886.43        6081.31
462           5886.43        6081.24
463           5886.43        6081.24
464           5886.43        6081.24
465           5886.43        6081.24
466           5886.43        6081.24
467           5886.43        6081.24
468           5886.43        6081.24
469           5886.43        6081.24
470           5886.43        6081.24
471           5886.43        6081.24
472           5886.43        6081.24
473           5886.43        6081.24
474           5886.43        6081.24
475           5886.43        6081.24
476           5886.43        6081.24
477           5886.43        6081.24
478           5886.43        6081.24
479           5886.43        6081.24
480           5886.43         6081.1
481           5886.43        6081.09
482           5886.43        6080.62
483           5886.43        6080.61
484           5886.43        6080.61
485           5886.43        6080.61
486           5886.43        6080.61
487           5886.43        6080.61
488           5886.43        6080.61
489           5886.43        6080.58
490           5886.43        6080.58
491           5886.43        6078.25
492           5886.43         6078.2
493           5886.43         6078.2
494           5886.43         6078.2
495           5886.43         6078.2
496           5886.43        6078.19
497           5886.43        6078.19
498           5886.43        6078.16
499           5886.43        6078.16
500           5886.43        6078.16
501           5886.43        6078.16
502           5886.43        6077.53
503           5886.43        6077.52
504           5886.43        6077.52
505           5886.43        6077.52
506           5886.43        6077.49
507           5886.43        6077.49
508           5886.43        6077.47
509           5886.43        6077.42
510           5886.43        6077.31
511           5886.43         6077.3
512           5886.43        6074.35
513           5886.43        6074.18
514           5886.43        6074.18
515           5886.43        6074.14
516           5886.43        6074.14
517           5886.43        6074.14
518           5886.43         6073.2
519           5886.43        6073.18
520           5886.43        6073.18
521           5886.43        6073.01
522           5886.43        6072.95
523           5886.43        6072.88
524           5886.43        6072.88
525           5886.43        6072.88
526           5886.43        6072.63
527           5886.43        6072.32
528           5886.43        6072.04
529           5886.43        6072.03
530           5886.43        6070.92
531           5886.43        6070.58
532           5886.43        6070.58
533           5886.43        6070.58
534           5886.43        6070.58
535           5886.43         6069.4
536           5886.43        6069.37
537           5886.43        6068.84
538           5886.43        6068.43
539           5886.43        6068.42
540           5886.43        6068.12
541           5886.43        6068.11
542           5886.43        6067.83
543           5886.43        6067.82
544           5886.43        6067.82
545           5886.43        6067.82
546           5886.43        6067.82
547           5886.43        6067.81
548           5886.43        6067.81
549           5886.43         6067.7
550           5886.43        6067.44
551           5886.43         6067.1
552           5886.43        6066.79
553           5886.43        6066.38
554           5886.43        6066.37
555           5886.43        6066.33
556           5886.43        6065.72
557           5886.43        6065.71
558           5886.43        6065.33
559           5886.43        6065.31
560           5886.43        6065.31
561           5886.43        6065.26
562           5886.43        6065.26
563           5886.43        6065.26
564           5886.37        6065.26
565           5886.37        6065.26
566           5886.37        6065.26
567           5886.37        6065.26
568           5886.37        6065.26
569           5886.37        6064.79
570           5886.23        6064.58
571           5885.92         6064.5
572           5885.92           6064
573           5885.92        6063.99
574           5885.92        6063.98
575           5885.92        6063.98
576           5885.92        6063.98
577           5885.92        6063.96
578           5885.92        6063.93
579           5885.92        6063.93
580           5885.92        6063.93
581           5885.87        6063.93
582           5885.87        6063.93
583           5885.87        6062.51
584           5885.87        6062.48
585           5885.87        6061.69
586           5885.87        6060.74
587           5885.87        6060.62
588           5885.87        6060.61
589           5885.87        6060.61
590           5885.86        6060.61
591           5885.86        6060.61
592           5885.86        6060.09
593           5885.86        6060.08
594           5885.86         6059.8
595           5885.86         6059.8
596           5885.86        6059.79
597           5885.86        6059.79
598           5885.86        6056.56
599           5885.86        6056.44
600           5885.86         6056.3
601           5885.86        6056.22
602           5885.86        6056.22
603           5885.86        6056.22
604           5885.86        6056.22
605           5885.86        6056.02
606           5885.86        6056.01
607           5885.86        6055.96
608           5885.86        6055.91
609           5885.86        6055.91
610           5885.86         6055.9
611           5885.86        6055.83
612           5885.86        6055.81
613           5885.86        6055.81
614           5885.86        6055.81
615           5885.86        6055.81
616           5885.86        6054.04
617           5885.86           6054
618           5885.86        6053.93
619           5885.86        6053.91
620           5885.86        6053.91
621           5885.86        6052.75
622           5885.86        6052.69
623           5885.86        6051.62
624           5885.86        6051.57
625           5885.86        6051.57
626           5885.86        6050.25
627           5885.86        6050.21
628           5885.86        6050.21
629           5885.86        6050.21
630           5885.86        6050.21
631           5885.86        6050.14
632           5885.86        6050.14
633           5885.86        6050.13
634           5885.86        6050.12
635           5885.86        6050.12
636           5885.86        6050.12
637           5885.86        6050.12
638           5885.86        6050.12
639           5885.86         6050.1
640           5885.86        6049.98
641           5885.86        6049.98
642           5885.86        6049.98
643           5885.86        6049.91
644           5885.86        6049.91
645           5885.86        6049.91
646           5885.86        6049.91
647           5885.86        6049.91
648           5885.86        6049.87
649           5885.86        6049.85
650           5885.86         6049.6
651           5885.86        6049.59
652           5885.78        6049.59
653           5885.78        6049.58
654           5885.78        6049.58
655           5885.78        6049.58
656           5885.78        6049.58
657           5885.78        6049.56
658           5885.78        6049.56
659           5885.78        6049.56
660           5885.78        6049.56
661           5885.78        6049.56
662           5885.78        6049.46
663           5885.78        6049.46
664           5885.78        6049.46
665           5885.78        6049.27
666           5885.78        6049.27
667           5885.78           6049
668           5885.78           6049
669           5885.78        6048.99
670           5885.78        6048.98
671           5885.78        6048.97
672           5885.78        6048.97
673           5885.78        6048.97
674           5885.78        6048.35
675           5885.78        6048.34
676           5885.78        6048.34
677           5885.78        6048.34
678           5885.78        6048.34
679           5885.78        6048.33
680           5885.78        6048.03
681           5885.78        6048.03
682           5885.78        6048.02
683           5885.78        6048.02
684           5885.78        6048.01
685           5885.78        6048.01
686           5885.78        6048.01
687           5885.78        6048.01
688           5885.78        6048.01
689           5885.78        6048.01
690           5885.78        6048.01
691           5885.78           6048
692           5885.78           6048
693           5885.78           6048
694           5885.63        6047.98
695           5885.63        6047.98
696           5885.63        6047.98
697           5885.63        6047.98
698           5885.63        6047.98
699           5885.63        6047.98
700           5885.63        6047.98
701           5885.63        6047.98
702           5885.63        6047.98
703           5885.63        6047.98
704           5885.63        6047.98
705           5885.63        6047.98
706           5885.63        6047.98
707           5885.63        6047.98
708           5885.63        6047.98
709           5885.63        6047.98
710           5885.63        6047.93
711           5885.63        6047.92
712           5885.63        6047.92
713           5885.63         6047.9
714           5885.63         6047.9
715           5885.63         6047.9
716           5885.63         6047.9
717           5885.63         6047.9
718           5885.63         6047.9
719           5885.63         6047.9
720           5885.63         6047.9
721           5885.63         6047.9
722           5885.63        6047.86
723           5885.63        6047.86
724           5885.63        6047.84
725           5885.63        6047.67
726           5885.63        6047.61
727           5885.63         6047.6
728           5885.63         6047.6
729           5885.63         6047.6
730           5885.63        6047.57
731           5885.63        6047.54
732           5885.63        6047.54
733           5885.63        6047.51
734           5885.63        6047.51
735           5885.63        6047.51
736           5885.63        6047.51
737           5885.63        6047.48
738           5885.63        6047.48
739           5885.63        6047.48
740           5885.63        6047.48
741           5885.63        6047.48
742           5885.63        6047.48
743           5885.63        6047.48
744           5885.63        6047.48
745           5885.63        6047.48
746           5885.63        6047.48
747           5885.63        6047.48
748           5885.63        6047.48
749           5885.63        6047.48
750           5885.63        6047.48
751           5885.63        6047.48
752           5885.63        6047.48
753           5885.63        6047.48
754           5885.63        6047.48
755           5885.63        6047.48
756           5885.63        6047.48
757           5885.63        6047.48
758           5885.63        6047.48
759           5885.63        6047.48
760           5885.63        6047.48
761           5885.63        6047.48
762           5885.63        6047.48
763           5885.63        6047.48
764           5885.63        6047.48
765           5885.63        6047.43
766           5885.63        6047.43
767           5885.63        6047.43
768           5885.63        6047.43
769           5885.63        6047.42
770           5885.63        6047.42
771           5885.63        6047.39
772           5885.63        6047.39
773           5885.63        6047.39
774           5885.63        6047.39
775           5885.63         6047.3
776           5885.63        6045.32
777           5885.63        6044.76
778           5885.63        6044.75
779           5885.63        6044.74
780           5885.63        6044.74
781           5885.63         6044.4
782           5885.63         6044.4
783           5885.63        6043.62
784           5885.63         6043.6
785           5885.63         6043.6
786           5885.63         6043.6
787           5885.63         6043.6
788           5885.63        6043.04
789           5885.63        6043.02
790           5885.63        6043.02
791           5885.63        6043.02
792           5885.63        6043.02
793           5885.63        6043.02
794           5885.63        6043.02
795           5885.63        6043.02
796           5885.63        6040.26
797           5885.63        6040.21
798           5885.63        6039.82
799           5885.63         6039.2
800           5885.63        6037.08
801           5885.63        6036.91
802           5885.63        6036.91
803           5885.63        6036.91
804           5885.63        6036.91
805           5885.63        6036.37
806           5885.63        6036.06
807           5885.63        6036.05
808           5885.63        6036.05
809           5885.63        6036.01
810           5885.63        6035.99
811           5885.63        6035.99
812           5885.63        6035.98
813           5885.63        6035.98
814           5885.63        6035.98
815           5885.63        6035.98
816           5885.63        6035.98
817           5885.63        6035.98
818           5885.63        6035.64
819           5885.63        6035.63
820           5885.63        6035.63
821           5885.63        6035.63
822           5885.63        6035.63
823           5885.63        6035.58
824           5885.63        6035.58
825           5885.63        6035.58
826           5885.63        6035.34
827           5885.63        6035.33
828           5885.63        6035.33
829           5885.63        6035.33
830           5885.63        6035.32
831           5885.63        6034.96
832           5885.63        6034.95
833           5885.63        6034.95
834           5885.63        6034.95
835           5885.63        6034.95
836           5885.63        6034.95
837           5885.63        6034.95
838           5885.63        6034.95
839           5885.63        6034.94
840           5885.63        6034.79
841           5885.63        6034.56
842           5885.63        6034.56
843           5885.63        6034.56
844           5885.63        6034.53
845           5885.63        6034.53
846           5885.63        6034.19
847           5885.63        6034.18
848           5885.63        6034.18
849           5885.63        6034.18
850           5885.63        6034.18
851           5885.63        6034.18
852           5885.63        6034.18
853           5885.63        6034.09
854           5885.63        6034.08
855           5885.63        6034.08
856           5885.63        6034.03
857           5885.63        6034.03
858           5885.63        6033.97
859           5885.63        6033.97
860           5885.63        6033.52
861           5885.63        6033.42
862           5885.63        6033.41
863           5885.63        6033.36
864           5885.63        6033.36
865           5885.63        6033.36
866           5885.63        6033.36
867           5885.63        6033.25
868           5885.63        6033.25
869           5885.63        6033.22
870           5885.63        6033.22
871           5885.63        6033.21
872           5885.63        6032.35
873           5885.63        6032.33
874           5885.63        6032.33
875           5885.63        6032.31
876           5885.63        6032.31
877           5885.63        6032.31
878           5885.63         6032.3
879           5885.63        6032.29
880           5885.63        6032.29
881           5885.63        6032.29
882           5885.63        6032.29
883           5885.63        6032.28
884           5885.63        6032.27
885           5885.63        6032.27
886           5885.63        6032.27
887           5885.63        6032.27
888           5885.63        6032.27
889           5885.63        6032.27
890           5885.63        6032.27
891           5885.63        6032.26
892           5885.63        6032.26
893           5885.63        6032.22
894           5885.63        6032.21
895           5885.63        6032.17
896           5885.63        6032.17
897           5885.63        6032.17
898           5885.63        6032.17
899           5885.63        6032.17
900           5885.63        6032.17
901           5885.63        6032.17
902           5885.63        6032.17
903           5885.63        6031.87
904           5885.63        6031.82
905           5885.63        6031.81
906           5885.63        6031.81
907           5885.63        6031.81
908           5885.63         6031.8
909           5885.63         6031.8
910           5885.63         6031.8
911           5885.63         6031.8
912           5885.63         6031.8
913           5885.59        6031.79
914           5885.59        6031.79
915           5885.59        6031.79
916           5885.59        6031.79
917           5885.59        6031.79
918           5885.59        6031.79
919           5885.59        6031.79
920           5885.59        6031.79
921           5885.59        6031.79
922           5885.59        6031.79
923           5885.59        6031.79
924           5885.59        6031.79
925           5885.59        6031.78
926           5885.59        6031.78
927           5885.59        6031.78
928           5885.59        6031.78
929           5885.59        6031.78
930           5885.59        6031.78
931           5885.59        6031.77
932           5885.59        6031.77
933           5885.59        6031.76
934           5885.59        6031.76
935           5885.59        6031.76
936           5885.59        6031.76
937           5885.59        6031.76
938           5885.59        6031.76
939           5885.59        6031.76
940           5885.59        6031.76
941           5885.59        6031.74
942           5885.59        6031.74
943           5885.59        6031.74
944           5885.59        6031.73
945           5885.59        6031.73
946           5885.59         6031.7
947           5885.59         6031.7
948           5885.59         6031.7
949           5885.59         6031.7
950           5885.59         6031.7
951           5885.59         6031.7
952           5885.59         6031.7
953           5885.59         6031.7
954           5885.59         6031.7
955           5885.59         6031.7
956           5885.59         6031.7
957           5885.59         6031.7
958           5885.59         6031.7
959           5885.59         6031.7
960           5885.59         6031.7
961           5885.59         6031.7
962           5885.59         6031.7
963           5885.59         6031.7
964           5885.59         6031.7
965           5885.59         6031.7
966           5885.59         6031.7
967           5885.59         6031.7
968           5885.59         6031.7
969           5885.59         6031.7
970           5885.59         6031.7
971           5885.59         6031.7
972           5885.59         6031.7
973           5885.59         6031.7
974           5885.59         6031.7
975           5885.59        6031.45
976           5885.59        6031.45
977           5885.59        6031.45
978           5885.59        6031.45
979           5885.59        6031.45
980           5885.59        6031.45
981           5885.59        6031.45
982           5885.59        6031.45
983           5885.59        6031.45
984           5885.59        6031.45
985           5885.59        6031.45
986           5885.59        6031.45
987           5885.59        6031.45
988           5885.59        6031.45
989           5885.59        6031.45
990           5885.59        6031.45
991           5885.59        6031.45
992           5885.59        6031.45
993           5885.59        6031.45
994           5885.59        6031.45
995           5885.59        6031.45
996           5885.59        6031.45
997           5885.59        6031.45
998           5885.59        6031.45
999           5885.59        6031.45
1000           5885.59        6031.45
1001           5885.59        6031.45
1002           5885.59        6031.45
1003           5885.59        6031.45
1004           5885.59        6031.45
1005           5885.59        6031.45
1006           5885.59        6031.45
1007           5885.59        6031.45
1008           5885.59        6031.45
1009           5885.59        6031.45
1010           5885.59        6031.45
1011           5885.59        6031.45
1012           5885.59        6031.45
1013           5885.59        6031.45
1014           5885.59        6031.45
1015           5885.59        6031.45
1016           5885.59        6031.45
1017           5885.59        6031.45
1018           5885.59        6031.45
1019           5885.59        6031.45
1020           5885.59        6031.45
1021           5885.59        6031.45
1022           5885.59        6031.45
1023           5885.59        6031.45
1024           5885.59        6031.45
1025           5885.59        6031.45
1026           5885.59        6031.45
1027           5885.59        6031.45
1028           5885.59        6031.45
1029           5885.59        6031.45
1030           5885.59        6031.45
1031           5885.59        6031.45
1032           5885.59        6031.45
1033           5885.59        6031.45
1034           5885.59        6031.45
1035           5885.59        6031.45
1036           5885.59        6031.45
1037           5885.59        6031.45
1038           5885.59        6031.45
1039           5885.59        6031.45
1040           5885.59        6031.45
1041           5885.59        6031.45
1042           5885.59        6031.45
1043           5885.59        6031.45
1044           5885.59        6031.45
1045           5885.59        6031.45
1046           5885.59        6031.45
1047           5885.59        6031.45
1048           5885.59        6031.45
1049           5885.59        6031.45
1050           5885.59        6031.45
1051           5885.59        6031.45
1052           5885.59        6031.45
1053           5885.59        6031.45
1054           5885.59        6031.45
1055           5885.59        6031.45
1056           5885.59        6031.45
1057           5885.59        6031.45
1058           5885.59        6031.45
1059           5885.59        6031.45
1060           5885.59        6031.45
1061           5885.59        6031.45
1062           5885.59        6031.45
1063           5885.59        6031.45
1064           5885.59        6031.45
1065           5885.59        6031.45
1066           5885.59        6031.45
1067           5885.59        6031.45
1068           5885.59        6031.45
1069           5885.59        6031.45
1070           5885.59        6031.45
1071           5885.59        6031.45
1072           5885.59        6031.45
1073           5885.59        6031.45
1074           5885.59        6031.45
1075           5885.59        6028.04
1076           5885.59        6027.97
1077           5885.59        6027.97
1078           5885.59        6027.97
1079           5885.59        6027.97
1080           5885.59        6027.97
1081           5885.59        6027.97
1082           5885.59        6027.97
1083           5885.59        6027.97
1084           5885.59        6027.97
1085           5885.59        6027.97
1086           5885.59        6027.97
1087           5885.59        6027.97
1088           5885.59        6027.97
1089           5885.59        6027.97
1090           5885.59        6027.97
1091           5885.59        6027.97
1092           5885.59        6027.97
1093           5885.59        6027.97
1094           5885.59        6027.97
1095           5885.59        6027.97
1096           5885.59        6027.97
1097           5885.59        6027.97
1098           5885.59        6027.97
1099           5885.59        6027.97
1100           5885.59        6027.97
1101           5885.59        6027.97
1102           5885.59        6027.97
1103           5885.59        6027.97
1104           5885.59        6027.97
1105           5885.59        6027.97
1106           5885.59        6027.97
1107           5885.59        6027.97
1108           5885.59        6027.97
1109           5885.59        6027.97
1110           5885.59        6027.97
1111           5885.59        6027.97
1112           5885.59        6027.97
1113           5885.59        6027.97
1114           5885.59        6027.97
1115           5885.59        6027.97
1116           5885.59        6027.97
1117           5885.59        6027.97
1118           5885.59        6027.97
1119           5885.59        6027.97
1120           5885.59        6027.97
1121           5885.59        6027.97
1122           5885.59        6027.97
1123           5885.59        6027.97
1124           5885.59        6027.97
1125           5885.59        6027.97
1126           5885.59        6027.97
1127           5885.59        6027.97
1128           5885.59        6027.97
1129           5885.59        6027.97
1130           5885.59        6027.97
1131           5885.59        6027.97
1132           5885.59        6027.97
1133           5885.59        6027.97
1134           5885.59        6027.97
1135           5885.59        6027.97
1136           5885.59        6027.97
1137           5885.59        6027.97
1138           5885.59        6027.97
1139           5885.59        6027.97
1140           5885.59        6027.97
1141           5885.59        6027.97
1142           5885.59        6027.97
1143           5885.59        6027.97
1144           5885.59        6027.97
1145           5885.59        6027.97
1146           5885.59        6027.97
1147           5885.59        6027.97
1148           5885.59        6027.97
1149           5885.59        6027.97
1150           5885.59        6027.97
1151           5885.59        6027.97
1152           5885.59        6027.97
1153           5885.59        6027.97
1154           5885.59        6027.97
1155           5885.59        6027.97
1156           5885.59        6027.97
1157           5885.59        6027.97
1158           5885.59        6027.97
1159           5885.59        6027.97
1160           5885.59        6027.97
1161           5885.59        6027.97
1162           5885.59        6027.97
1163           5885.59        6027.97
1164           5885.59        6027.97
1165           5885.59        6027.97
1166           5885.59        6027.97
1167           5885.59        6027.97
1168           5885.59        6027.97
1169           5885.59        6027.97
1170           5885.59        6027.97
1171           5885.59        6027.97
1172           5885.59        6027.97
1173           5885.59        6027.97
1174           5885.59        6027.97
1175           5885.59        6027.97
1176           5885.59        6027.97
1177           5885.59        6027.97
1178           5885.59        6027.97
1179           5885.59        6027.97
1180           5885.59        6027.97
1181           5885.59        6027.97
1182           5885.59        6027.97
1183           5885.59        6027.97
1184           5885.59        6027.97
1185           5885.59        6027.97
1186           5885.59        6027.97
1187           5885.59        6027.56
1188           5885.59        6027.55
1189           5885.59        6027.55
1190           5885.59        6027.55
1191           5885.59        6027.55
1192           5885.59        6027.55
1193           5885.59        6027.55
1194           5885.59        6027.55
1195           5885.59        6027.55
1196           5885.59        6027.55
1197           5885.59        6027.55
1198           5885.59        6027.55
1199           5885.59        6027.55
1200           5885.59        6027.55
1201           5885.59        6027.55
1202           5885.59        6027.55
1203           5885.59        6027.55
1204           5885.59        6027.55
1205           5885.59        6027.55
1206           5885.59        6027.55
1207           5885.59        6027.55
1208           5885.59        6027.55
1209           5885.59        6027.55
1210           5885.59        6027.55
1211           5885.59        6027.55
1212           5885.59        6027.55
1213           5885.59        6027.55
1214           5885.59        6027.55
1215           5885.59        6027.55
1216           5885.59        6027.55
1217           5885.59        6027.55
1218           5885.59        6027.55
1219           5885.59        6027.55
1220           5885.59        6027.55
1221           5885.59        6027.55
1222           5885.59        6027.55
1223           5885.59        6027.55
1224           5885.59        6027.55
1225           5885.59        6027.55
1226           5885.59        6027.55
1227           5885.59        6027.55
1228           5885.59        6027.55
1229           5885.59        6027.55
1230           5885.59        6027.55
1231           5885.59        6027.55
1232           5885.59        6027.55
1233           5885.59        6027.55
1234           5885.59        6027.55
1235           5885.59        6027.55
1236           5885.59        6027.55
1237           5885.59        6027.55
1238           5885.59        6027.55
1239           5885.59        6027.55
1240           5885.59        6027.55
1241           5885.59        6027.55
1242           5885.59        6027.55
1243           5885.59        6027.55
1244           5885.59        6027.55
1245           5885.59        6027.55
1246           5885.59        6027.55
1247           5885.59        6027.55
1248           5885.59        6027.55
1249           5885.59        6027.55
1250           5885.59        6027.55
1251           5885.59        6027.55
1252           5885.59        6027.55
1253           5885.59        6027.55
1254           5885.59        6027.55
1255           5885.59        6027.55
1256           5885.59        6027.55
1257           5885.59        6027.55
1258           5885.59        6027.55
1259           5885.59        6027.55
1260           5885.59        6027.55
1261           5885.59        6027.55
1262           5885.59        6027.55
1263           5885.59        6027.55
1264           5885.59        6027.55
1265           5885.59        6027.55
1266           5885.59        6027.55
1267           5885.59        6027.55
1268           5885.59        6027.55
1269           5885.59        6027.55
1270           5885.59        6027.55
1271           5885.59        6027.55
1272           5885.59        6027.55
1273           5885.59        6027.55
1274           5885.59        6027.55
1275           5885.59        6027.55
1276           5885.59        6027.55
1277           5885.59        6027.55
1278           5885.59        6027.55
1279           5885.59        6027.55
1280           5885.59        6027.55
1281           5885.59        6027.55
1282           5885.59        6027.55
1283           5885.59        6027.55
1284           5885.59        6027.55
1285           5885.59        6027.55
1286           5885.59        6027.55
1287           5885.59        6027.55
1288           5885.59        6027.55
1289           5885.59        6027.55
1290           5885.59        6027.55
1291           5885.59        6027.55
1292           5885.59        6027.55
1293           5885.59        6027.55
1294           5885.59        6027.55
1295           5885.59        6027.55
1296           5885.59        6027.55
1297           5885.59        6027.55
1298           5885.59        6027.55
1299           5885.59        6027.55
1300           5885.59        6027.55
1301           5885.59        6027.55
1302           5885.59        6027.55
1303           5885.59        6027.55
1304           5885.59        6027.55
1305           5885.59        6027.55
1306           5885.59        6027.55
1307           5885.59        6027.55
1308           5885.59        6027.55
1309           5885.59        6027.55
1310           5885.59        6027.55
1311           5885.59        6027.55
1312           5885.59        6027.55
1313           5885.59        6027.55
1314           5885.59        6027.55
1315           5885.59        6027.55
1316           5885.59        6027.55
1317           5885.59        6027.55
1318           5885.59        6027.55
1319           5885.59        6027.55
1320           5885.59        6027.55
1321           5885.59        6027.55
1322           5885.59        6027.55
1323           5885.59        6027.55
1324           5885.59        6027.55
1325           5885.59        6027.55
1326           5885.59        6027.55
1327           5885.59        6027.55
1328           5885.59        6027.55
1329           5885.59        6027.55
1330           5885.59        6027.55
1331           5885.59        6027.55
1332           5885.59        6027.55
1333           5885.59        6027.55
1334           5885.59        6027.55
1335           5885.59        6027.55
1336           5885.59        6027.55
1337           5885.59        6027.55
1338           5885.59        6027.55
1339           5885.59        6027.55
1340           5885.59        6027.55
1341           5885.59        6027.55
1342           5885.59        6027.55
1343           5885.59        6027.55
1344           5885.59        6027.55
1345           5885.59        6027.55
1346           5885.59        6027.55
1347           5885.59        6027.55
1348           5885.59        6027.55
1349           5885.59        6027.55
1350           5885.59        6027.55
1351           5885.59        6027.55
1352           5885.59        6027.55
1353           5885.59        6027.55
1354           5885.59        6027.55
1355           5885.59        6027.55
1356           5885.59        6027.55
1357           5885.59        6027.55
1358           5885.59        6027.55
1359           5885.59        6027.55
1360           5885.59        6027.55
1361           5885.59        6027.55
1362           5885.59        6027.55
1363           5885.59        6027.55
1364           5885.59        6027.55
1365           5885.59        6027.55
1366           5885.59        6027.55
1367           5885.59        6027.55
1368           5885.59        6027.55
1369           5885.59        6027.55
1370           5885.59        6027.55
1371           5885.59        6027.55
1372           5885.59        6027.55
1373           5885.59        6027.55
1374           5885.59        6027.55
1375           5885.59        6027.55
1376           5885.59        6027.55
1377           5885.59        6027.55
1378           5885.59        6027.55
1379           5885.59        6027.55
1380           5885.59        6027.55
1381           5885.59        6027.55
1382           5885.59        6027.55
1383           5885.59        6027.55
1384           5885.59        6027.55
1385           5885.59        6027.55
1386           5885.59        6027.55
1387           5885.59        6027.43
1388           5885.59        6027.42
1389           5885.59        6027.42
1390           5885.59        6027.42
1391           5885.59        6027.42
1392           5885.59        6027.42
1393           5885.59        6027.42
1394           5885.59        6027.42
1395           5885.59        6027.42
1396           5885.59        6027.42
1397           5885.59        6027.42
1398           5885.59        6027.42
1399           5885.59        6027.42
1400           5885.59        6027.42
1401           5885.59        6027.42
1402           5885.59        6027.42
1403           5885.59        6027.42
1404           5885.59        6027.42
1405           5885.59        6027.42
1406           5885.59        6027.42
1407           5885.59        6027.42
1408           5885.59        6027.42
1409           5885.59        6027.42
1410           5885.59        6027.42
1411           5885.59        6027.42
1412           5885.59        6027.42
1413           5885.59        6027.42
1414           5885.59        6027.42
1415           5885.59        6027.42
1416           5885.59        6027.42
1417           5885.59        6027.42
1418           5885.59        6027.42
1419           5885.59        6027.42
1420           5885.59        6027.42
1421           5885.59        6027.42
1422           5885.59        6027.42
1423           5885.59        6027.42
1424           5885.59        6027.42
1425           5885.59        6027.42
1426           5885.59        6027.42
1427           5885.59        6027.42
1428           5885.59        6027.42
1429           5885.59        6027.42
1430           5885.59        6027.42
1431           5885.59        6027.42
1432           5885.59        6027.42
1433           5885.59        6027.42
1434           5885.59        6027.42
1435           5885.59        6027.42
1436           5885.59        6027.42
1437           5885.59        6027.42
1438           5885.59        6027.42
1439           5885.59        6027.42
1440           5885.59        6027.42
1441           5885.59        6027.42
1442           5885.59        6027.42
1443           5885.59        6027.42
1444           5885.59        6027.42
1445           5885.59        6027.42
1446           5885.59        6027.42
1447           5885.59        6027.42
1448           5885.59        6027.42
1449           5885.59        6027.42
1450           5885.59        6027.42
1451           5885.59        6027.42
1452           5885.59        6027.42
1453           5885.59        6027.42
1454           5885.59        6027.42
1455           5885.59        6027.42
1456           5885.59        6027.42
1457           5885.59        6027.42
1458           5885.59        6027.42
1459           5885.59        6027.42
1460           5885.59        6027.42
1461           5885.59        6027.42
1462           5885.59        6027.42
1463           5885.59        6027.42
1464           5885.59        6027.42
1465           5885.59        6027.42
1466           5885.59        6027.42
1467           5885.59        6027.42
1468           5885.59        6027.42
1469           5885.59        6027.42
1470           5885.59        6027.42
1471           5885.59        6027.42
1472           5885.59        6027.42
1473           5885.59        6027.42
1474           5885.59        6027.42
1475           5885.59        6027.42
1476           5885.59        6027.42
1477           5885.59        6027.42
1478           5885.59        6027.42
1479           5885.59        6027.42
1480           5885.59        6027.42
1481           5885.59        6027.42
1482           5885.59        6027.42
1483           5885.59        6027.42
1484           5885.59        6027.42
1485           5885.59        6027.42
1486           5885.59        6027.42
1487           5885.59        6027.42
1488           5885.59        6027.42
1489           5885.59        6027.42
1490           5885.59        6027.42
1491           5885.59        6027.42
1492           5885.59        6027.42
1493           5885.59        6027.39
1494           5885.59        6027.39
1495           5885.59        6027.39
1496           5885.59        6027.39
1497           5885.59        6027.39
1498           5885.59        6027.39
1499           5885.59        6027.39
1500           5885.59        6027.39
1501           5885.59        6027.39
1502           5885.59        6027.39
1503           5885.59        6027.39
1504           5885.59        6027.39
1505           5885.59        6027.39
1506           5885.59        6027.39
1507           5885.59        6027.39
1508           5885.59        6027.39
1509           5885.59        6027.39
1510           5885.59        6027.39
1511           5885.59        6027.39
1512           5885.59        6027.39
1513           5885.59        6027.39
1514           5885.59        6027.39
1515           5885.59        6027.39
1516           5885.59        6027.39
1517           5885.59        6027.39
1518           5885.59        6027.39
1519           5885.59        6027.39
1520           5885.59        6027.39
1521           5885.59        6027.39
1522           5885.59        6027.39
1523           5885.59        6027.39
1524           5885.59        6027.34
1525           5885.59        6027.34
1526           5885.59        6027.34
1527           5885.59        6027.34
1528           5885.59        6027.34
1529           5885.59        6027.34
1530           5885.59        6027.34
1531           5885.59        6027.34
1532           5885.59        6027.34
1533           5885.59        6027.34
1534           5885.59        6027.34
1535           5885.59        6027.34
1536           5885.59        6027.34
1537           5885.59        6027.34
1538           5885.59        6027.34
1539           5885.59        6027.34
1540           5885.59        6027.34
1541           5885.59        6027.34
1542           5885.59        6027.34
1543           5885.59        6027.34
1544           5885.59        6027.34
1545           5885.59        6027.34
1546           5885.59        6027.34
1547           5885.59        6027.34
1548           5885.59        6027.34
1549           5885.59        6027.34
1550           5885.59        6027.34
1551           5885.59        6027.34
1552           5885.59        6027.34
1553           5885.59        6027.34
1554           5885.59        6027.34
1555           5885.59        6027.34
1556           5885.59        6027.34
1557           5885.59        6027.34
1558           5885.59        6027.34
1559           5885.59        6027.34
1560           5885.59        6027.34
1561           5885.59        6027.34
1562           5885.59        6027.34
1563           5885.59        6027.34
1564           5885.59        6027.34
1565           5885.59        6027.34
1566           5885.59        6027.34
1567           5885.59        6027.34
1568           5885.59        6027.34
1569           5885.59        6026.78
1570           5885.59        6026.76
1571           5885.59        6026.76
1572           5885.59        6026.76
1573           5885.59        6026.76
1574           5885.59        6026.76
1575           5885.59        6026.76
1576           5885.59        6026.76
1577           5885.59        6026.76
1578           5885.59        6026.76
1579           5885.59        6026.76
1580           5885.59        6026.76
1581           5885.59        6026.76
1582           5885.59        6026.76
1583           5885.59        6026.76
1584           5885.59        6026.76
1585           5885.59        6026.76
1586           5885.59        6026.76
1587           5885.59        6026.76
1588           5885.59        6026.76
1589           5885.59        6026.76
1590           5885.59        6026.76
1591           5885.59        6026.76
1592           5885.59        6026.76
1593           5885.59        6026.76
1594           5885.59        6026.76
1595           5885.59        6026.76
1596           5885.59        6026.76
1597           5885.59        6026.76
1598           5885.59        6026.76
1599           5885.59        6026.74
1600           5885.59        6026.74
1601           5885.59        6026.74
1602           5885.59        6026.74
1603           5885.59        6026.74
1604           5885.59        6026.74
1605           5885.59        6026.74
1606           5885.59        6026.74
1607           5885.59        6026.74
1608           5885.59        6026.74
1609           5885.59        6026.74
1610           5885.59        6026.74
1611           5885.59        6026.74
1612           5885.59        6026.74
1613           5885.59        6026.74
1614           5885.59        6026.74
1615           5885.59        6026.74
1616           5885.59        6026.74
1617           5885.59        6026.74
1618           5885.59        6026.74
1619           5885.59        6026.74
1620           5885.59        6026.74
1621           5885.59        6026.74
1622           5885.59        6026.74
1623           5885.59        6026.74
1624           5885.59        6026.74
1625           5885.59        6026.74
1626           5885.59        6026.74
1627           5885.59        6026.74
1628           5885.59        6026.74
1629           5885.59        6026.74
1630           5885.59        6026.74
1631           5885.59        6026.74
1632           5885.59        6026.74
1633           5885.59        6026.74
1634           5885.59        6026.74
1635           5885.59        6026.74
1636           5885.59        6026.74
1637           5885.59        6026.74
1638           5885.59        6026.74
1639           5885.59        6026.74
1640           5885.59        6026.74
1641           5885.59        6026.74
1642           5885.59        6026.74
1643           5885.59        6026.74
1644           5885.59        6026.74
1645           5885.59        6026.74
1646           5885.59        6026.74
1647           5885.59        6026.74
1648           5885.59        6026.74
1649           5885.59        6026.74
1650           5885.59        6026.68
1651           5885.59        6026.68
1652           5885.59        6026.68
1653           5885.59        6026.68
1654           5885.59        6026.68
1655           5885.59        6026.68
1656           5885.59        6026.68
1657           5885.59        6026.68
1658           5885.59        6026.68
1659           5885.59        6026.68
1660           5885.59        6026.68
1661           5885.59        6026.68
1662           5885.59        6026.68
1663           5885.59        6026.68
1664           5885.59        6026.68
1665           5885.59        6026.68
1666           5885.59        6026.68
1667           5885.59        6026.68
1668           5885.59        6026.68
1669           5885.59        6026.68
1670           5885.59        6026.68
1671           5885.59        6026.68
1672           5885.59        6026.68
1673           5885.59        6026.68
1674           5885.59        6026.68
1675           5885.59        6026.68
1676           5885.59        6026.68
1677           5885.59        6026.68
1678           5885.59        6026.68
1679           5885.59        6026.68
1680           5885.59        6026.68
1681           5885.59        6026.68
1682           5885.59        6026.68
1683           5885.59        6026.68
1684           5885.59        6026.68
1685           5885.59        6026.68
1686           5885.59        6026.68
1687           5885.59        6026.68
1688           5885.59        6026.68
1689           5885.59        6026.68
1690           5885.59        6026.68
1691           5885.59        6026.68
1692           5885.59        6026.68
1693           5885.59        6026.68
1694           5885.59        6026.68
1695           5885.59        6026.68
1696           5885.59        6026.68
1697           5885.59        6026.68
1698           5885.59        6026.68
1699           5885.59        6026.68
1700           5885.59        6026.68
1701           5885.59        6026.68
1702           5885.59        6026.68
1703           5885.59        6026.68
1704           5885.59        6026.68
1705           5885.59        6026.68
1706           5885.59        6026.68
1707           5885.59        6026.68
1708           5885.59        6026.68
1709           5885.59        6026.68
1710           5885.59        6026.68
1711           5885.59        6026.68
1712           5885.59        6026.68
1713           5885.59        6026.68
1714           5885.59        6026.68
1715           5885.59        6026.68
1716           5885.59        6026.68
1717           5885.59        6026.68
1718           5885.59        6026.68
1719           5885.59        6026.68
1720           5885.59        6026.68
1721           5885.59        6026.68
1722           5885.59        6026.68
1723           5885.59        6026.68
1724           5885.59        6026.68
1725           5885.59        6026.68
1726           5885.59        6026.68
1727           5885.59        6026.68
1728           5885.59        6026.68
1729           5885.59        6026.68
1730           5885.59        6026.68
1731           5885.59        6026.68
1732           5885.59        6026.68
1733           5885.59        6026.68
1734           5885.59        6026.68
1735           5885.59        6026.68
1736           5885.59        6026.68
1737           5885.59        6026.68
1738           5885.59        6026.68
1739           5885.59        6026.68
1740           5885.59        6026.68
1741           5885.59        6026.68
1742           5885.59        6026.68
1743           5885.59        6026.68
1744           5885.59        6026.68
1745           5885.59        6026.68
1746           5885.59        6026.68
1747           5885.59        6026.68
1748           5885.59        6026.68
1749           5885.59        6026.68
1750           5885.59        6026.68
1751           5885.59        6026.68
1752           5885.59        6026.68
1753           5885.59        6026.68
1754           5885.59        6026.68
1755           5885.59        6026.68
1756           5885.59        6026.68
1757           5885.59        6026.68
1758           5885.59        6026.68
1759           5885.59        6026.68
1760           5885.59        6026.68
1761           5885.59        6026.68
1762           5885.59        6026.68
1763           5885.59        6026.68
1764           5885.59        6026.68
1765           5885.59        6026.68
1766           5885.59        6026.68
1767           5885.59        6026.68
1768           5885.59        6026.68
1769           5885.59        6026.68
1770           5885.59        6026.68
1771           5885.59        6026.68
1772           5885.59        6026.68
1773           5885.59        6026.68
1774           5885.59        6026.68
1775           5885.59        6026.68
1776           5885.59        6026.68
1777           5885.59        6026.68
1778           5885.59        6026.68
1779           5885.59        6026.68
1780           5885.59        6026.68
1781           5885.59        6026.68
1782           5885.59        6026.68
1783           5885.59        6026.68
1784           5885.59        6026.68
1785           5885.59        6026.68
1786           5885.59        6026.68
1787           5885.59        6026.68
1788           5885.59        6026.68
1789           5885.59        6026.68
1790           5885.59        6026.68
1791           5885.59        6026.68
1792           5885.59        6026.68
1793           5885.59        6026.68
1794           5885.59        6026.68
1795           5885.59        6026.68
1796           5885.59        6026.68
1797           5885.59        6026.68
1798           5885.59        6026.68
1799           5885.59        6026.68
1800           5885.59        6026.68
1801           5885.59        6026.68
1802           5885.59        6026.68
1803           5885.59        6026.68
1804           5885.59        6026.68
1805           5885.59        6026.68
1806           5885.59        6026.68
1807           5885.59        6026.68
1808           5885.59        6026.68
1809           5885.59        6026.68
1810           5885.59        6026.68
1811           5885.59        6026.68
1812           5885.59        6026.68
1813           5885.59        6026.68
1814           5885.59        6026.68
1815           5885.59        6026.68
1816           5885.59        6026.68
1817           5885.59        6026.68
1818           5885.59        6026.68
1819           5885.59        6026.68
1820           5885.59        6026.68
1821           5885.59        6026.68
1822           5885.59        6026.68
1823           5885.59        6026.68
1824           5885.59        6026.68
1825           5885.59        6026.68
1826           5885.59        6026.68
1827           5885.59        6026.68
1828           5885.59        6026.68
1829           5885.59        6026.68
1830           5885.59        6026.68
1831           5885.59        6026.68
1832           5885.59        6026.68
1833           5885.59        6026.68
1834           5885.59        6026.68
1835           5885.59        6026.68
1836           5885.59        6026.68
1837           5885.59        6026.68
1838           5885.59        6026.68
1839           5885.59        6026.68
1840           5885.59        6026.68
1841           5885.59        6026.68
1842           5885.59        6026.68
1843           5885.59        6026.68
1844           5885.59        6026.68
1845           5885.59        6026.68
1846           5885.59        6026.68
1847           5885.59        6026.68
1848           5885.59        6026.68
1849           5885.59        6026.68
1850           5885.59        6026.68
1851           5885.59        6026.68
1852           5885.59        6026.68
1853           5885.59        6026.68
1854           5885.59        6026.68
1855           5885.59        6026.68
1856           5885.59        6026.68
1857           5885.59        6026.68
1858           5885.59        6026.68
1859           5885.59        6026.68
1860           5885.59        6026.68
1861           5885.59        6026.68
1862           5885.59        6026.68
1863           5885.59        6026.68
1864           5885.59        6026.68
1865           5885.59        6026.68
1866           5885.59        6026.68
1867           5885.59        6026.68
1868           5885.59        6026.68
1869           5885.59        6026.68
1870           5885.59        6026.68
1871           5885.59        6026.68
1872           5885.59        6026.68
1873           5885.59        6026.68
1874           5885.59        6026.68
1875           5885.59        6026.68
1876           5885.59        6026.68
1877           5885.59        6026.68
1878           5885.59        6026.68
1879           5885.59        6026.68
1880           5885.59        6026.68
1881           5885.59        6026.68
1882           5885.59        6026.68
1883           5885.59        6026.68
1884           5885.59        6026.68
1885           5885.59        6026.68
1886           5885.59        6026.68
1887           5885.59        6026.68
1888           5885.59        6026.68
1889           5885.59        6026.68
1890           5885.59        6026.68
1891           5885.59        6026.68
1892           5885.59        6026.68
1893           5885.59        6025.39
1894           5885.59        6025.37
1895           5885.59        6025.37
1896           5885.59        6025.37
1897           5885.59        6025.37
1898           5885.59        6025.37
1899           5885.59        6025.37
1900           5885.59        6025.37
1901           5885.59        6025.37
1902           5885.59        6025.37
1903           5885.59        6025.37
1904           5885.59        6025.37
1905           5885.59        6025.37
1906           5885.59        6025.37
1907           5885.59        6025.37
1908           5885.59        6025.37
1909           5885.59        6025.37
1910           5885.59        6025.37
1911           5885.59        6025.37
1912           5885.59        6025.37
1913           5885.59        6025.37
1914           5885.59        6025.37
1915           5885.59        6025.37
1916           5885.59        6025.37
1917           5885.59        6025.37
1918           5885.59        6025.37
1919           5885.59        6025.37
1920           5885.59        6025.37
1921           5885.59        6025.37
1922           5885.59        6025.37
1923           5885.59        6025.37
1924           5885.59        6025.37
1925           5885.59        6025.37
1926           5885.59        6025.37
1927           5885.59        6025.37
1928           5885.59        6025.37
1929           5885.59        6025.37
1930           5885.59        6025.37
1931           5885.59        6025.37
1932           5885.59        6025.37
1933           5885.59        6025.37
1934           5885.59        6025.37
1935           5885.59        6025.37
1936           5885.59        6025.37
1937           5885.59        6025.37
1938           5885.59        6025.37
1939           5885.59        6025.37
1940           5885.59        6025.37
1941           5885.59        6025.37
1942           5885.59        6025.37
1943           5885.59        6025.37
1944           5885.59        6025.37
1945           5885.59        6025.37
1946           5885.59        6025.37
1947           5885.59        6025.37
1948           5885.59        6025.37
1949           5885.59        6025.37
1950           5885.59        6025.37
1951           5885.59        6025.37
1952           5885.59        6025.37
1953           5885.59        6025.37
1954           5885.59        6025.37
1955           5885.59        6025.37
1956           5885.59        6025.37
1957           5885.59        6025.37
1958           5885.59        6025.37
1959           5885.59        6025.37
1960           5885.59        6025.37
1961           5885.59        6025.37
1962           5885.59        6025.37
1963           5885.59        6025.37
1964           5885.59        6025.37
1965           5885.59        6025.37
1966           5885.59        6024.71
1967           5885.59         6024.7
1968           5885.59         6024.7
1969           5885.59         6024.7
1970           5885.59         6024.7
1971           5885.59         6024.7
1972           5885.59         6024.7
1973           5885.59         6024.7
1974           5885.59         6024.7
1975           5885.59         6024.7
1976           5885.59         6024.7
1977           5885.59         6024.7
1978           5885.59         6024.7
1979           5885.59         6024.7
1980           5885.59         6024.7
1981           5885.59         6024.7
1982           5885.59         6024.7
1983           5885.59         6024.7
1984           5885.59         6024.7
1985           5885.59         6024.7
1986           5885.59         6024.7
1987           5885.59         6024.7
1988           5885.59         6024.7
1989           5885.59         6024.7
1990           5885.59         6024.7
1991           5885.59         6024.7
1992           5885.59         6024.7
1993           5885.59         6024.7
1994           5885.59         6024.7
1995           5885.59         6024.7
1996           5885.59         6024.7
1997           5885.59         6024.7
1998           5885.59         6024.7
1999           5885.59         6024.7
2000           5885.59         6024.7
2001           5885.59         6024.7
2002           5885.59         6024.7
2003           5885.59         6024.7
2004           5885.59         6024.7
2005           5885.59         6024.7
2006           5885.59         6024.7
2007           5885.59         6024.7
2008           5885.59         6024.7
2009           5885.59         6024.7
2010           5885.59         6024.7
2011           5885.59         6024.7
2012           5885.59         6024.7
2013           5885.59         6024.7
2014           5885.59         6024.7
2015           5885.59         6024.7
2016           5885.59         6024.7
2017           5885.59         6024.7
2018           5885.59         6024.7
2019           5885.59         6024.7
2020           5885.59         6024.7
2021           5885.59         6024.7
2022           5885.59         6024.7
2023           5885.59         6024.7
2024           5885.59         6024.7
2025           5885.59         6024.7
2026           5885.59         6024.7
2027           5885.59         6024.7
2028           5885.59         6024.7
2029           5885.59         6024.7
2030           5885.59         6024.7
2031           5885.59         6024.7
2032           5885.59         6024.7
2033           5885.59         6024.7
2034           5885.59         6024.7
2035           5885.59         6024.7
2036           5885.59         6024.7
2037           5885.59         6024.7
2038           5885.59         6024.7
2039           5885.59         6024.7
2040           5885.59         6024.7
2041           5885.59        6024.12
2042           5885.59        6024.11
2043           5885.59        6024.11
2044           5885.59        6024.11
2045           5885.59        6024.11
2046           5885.59        6024.11
2047           5885.59        6024.11
2048           5885.59        6024.11
2049           5885.59        6024.11
2050           5885.59        6024.11
2051           5885.59        6024.11
2052           5885.59        6024.11
2053           5885.59        6024.11
2054           5885.59        6024.11
2055           5885.59        6024.11
2056           5885.59        6024.11
2057           5885.59        6024.11
2058           5885.59        6024.11
2059           5885.59        6024.11
2060           5885.59        6024.11
2061           5885.59        6024.11
2062           5885.59        6024.11
2063           5885.59        6024.11
2064           5885.59        6024.11
2065           5885.59        6024.11
2066           5885.59        6024.11
2067           5885.59        6024.11
2068           5885.59        6024.11
2069           5885.59        6024.11
2070           5885.59        6024.11
2071           5885.59        6024.11
2072           5885.59        6024.11
2073           5885.59        6024.11
2074           5885.59        6024.11
2075           5885.59        6024.11
2076           5885.59        6024.11
2077           5885.59        6024.11
2078           5885.59        6024.11
2079           5885.59        6024.11
2080           5885.59        6024.11
2081           5885.59        6024.11
2082           5885.59        6024.11
2083           5885.59        6024.11
2084           5885.59        6024.11
2085           5885.59        6024.11
2086           5885.59        6024.11
2087           5885.59        6024.11
2088           5885.59        6024.11
2089           5885.59        6023.92
2090           5885.59        6023.92
2091           5885.59        6023.92
2092           5885.59        6023.92
2093           5885.59        6023.92
2094           5885.59        6023.85
2095           5885.59        6023.85
2096           5885.59        6023.85
2097           5885.59        6023.85
2098           5885.59        6023.85
2099           5885.59        6023.85
2100           5885.59        6023.85
2101           5885.59        6023.85
2102           5885.59        6023.85
2103           5885.59        6023.85
2104           5885.59        6023.85
2105           5885.59        6023.85
2106           5885.59        6023.85
2107           5885.59        6023.85
2108           5885.59        6023.85
2109           5885.59        6023.85
2110           5885.59        6023.85
2111           5885.59        6023.85
2112           5885.59        6023.85
2113           5885.59        6023.85
2114           5885.59        6023.85
2115           5885.59        6023.85
2116           5885.59        6023.85
2117           5885.59        6023.85
2118           5885.59        6023.85
2119           5885.59        6023.85
2120           5885.59        6023.85
2121           5885.59        6023.85
2122           5885.59        6023.85
2123           5885.59        6023.85
2124           5885.59        6023.85
2125           5885.59        6023.85
2126           5885.59        6023.85
2127           5885.59        6023.85
2128           5885.59        6023.85
2129           5885.59        6023.85
2130           5885.59        6023.85
2131           5885.59        6023.85
2132           5885.59        6023.85
2133           5885.59        6023.85
2134           5885.59        6023.85
2135           5885.59        6023.85
2136           5885.59        6023.85
2137           5885.59        6023.85
2138           5885.59        6023.85
2139           5885.59        6023.85
2140           5885.59        6023.85
2141           5885.59        6023.85
2142           5885.59        6023.85
2143           5885.59        6023.85
2144           5885.59        6023.85
2145           5885.59        6023.85
2146           5885.59        6023.85
2147           5885.59        6023.85
2148           5885.59        6023.85
2149           5885.59        6023.85
2150           5885.59        6023.85
2151           5885.59        6023.85
2152           5885.59        6023.85
2153           5885.59        6023.85
2154           5885.59        6023.85
2155           5885.59        6023.85
2156           5885.59        6023.85
2157           5885.59        6023.85
2158           5885.59        6023.85
2159           5885.59        6023.85
2160           5885.59        6023.85
2161           5885.59        6023.85
2162           5885.59        6023.85
2163           5885.59        6023.85
2164           5885.59        6023.85
2165           5885.59        6023.85
2166           5885.59        6023.85
2167           5885.59        6023.85
2168           5885.59        6023.85
2169           5885.59        6023.85
2170           5885.59        6023.85
2171           5885.59        6023.85
2172           5885.59        6023.85
2173           5885.59        6023.85
2174           5885.59        6023.85
2175           5885.59        6023.85
2176           5885.59        6023.85
2177           5885.59        6023.85
2178           5885.59        6023.85
2179           5885.59        6023.85
2180           5885.59        6023.85
2181           5885.59        6023.85
2182           5885.59        6023.85
2183           5885.59        6023.85
2184           5885.59        6023.85
2185           5885.59        6023.85
2186           5885.59        6023.85
2187           5885.59        6023.85
2188           5885.59        6023.85
2189           5885.59        6023.85
2190           5885.59        6023.85
2191           5885.59        6023.85
2192           5885.59        6023.66
2193           5885.59        6023.66
2194           5885.59        6023.66
2195           5885.59        6023.66
2196           5885.59        6023.66
2197           5885.59        6023.66
2198           5885.59        6023.66
2199           5885.59        6023.66
2200           5885.59        6023.66
2201           5885.59        6023.66
2202           5885.59        6023.66
2203           5885.59        6023.66
2204           5885.59        6023.66
2205           5885.59        6023.66
2206           5885.59        6023.66
2207           5885.59        6023.66
2208           5885.59        6023.66
2209           5885.59        6023.66
2210           5885.59        6023.66
2211           5885.59        6023.66
2212           5885.59        6023.66
2213           5885.59        6023.66
2214           5885.59        6023.66
2215           5885.59        6023.66
2216           5885.59        6023.66
2217           5885.59        6023.66
2218           5885.59        6023.66
2219           5885.59        6023.66
2220           5885.59        6023.66
2221           5885.59        6023.66
2222           5885.59        6023.66
2223           5885.59        6023.66
2224           5885.59        6023.66
2225           5885.59        6023.66
2226           5885.59        6023.66
2227           5885.59        6023.66
2228           5885.59        6023.66
2229           5885.59        6023.66
2230           5885.59        6023.66
2231           5885.59        6023.66
2232           5885.59        6023.66
2233           5885.59        6023.66
2234           5885.59        6023.66
2235           5885.59        6023.66
2236           5885.59        6023.66
2237           5885.59        6023.66
2238           5885.59        6023.66
2239           5885.59        6023.66
2240           5885.59        6023.66
2241           5885.59        6023.66
2242           5885.59        6023.66
2243           5885.59        6023.66
2244           5885.59        6023.66
2245           5885.59        6023.66
2246           5885.59        6023.66
2247           5885.59        6023.66
2248           5885.59        6023.66
2249           5885.59        6023.66
2250           5885.59        6023.66
2251           5885.59        6023.66
2252           5885.59        6023.66
2253           5885.59        6023.66
2254           5885.59        6023.66
2255           5885.59        6023.66
2256           5885.59        6023.66
2257           5885.59        6023.66
2258           5885.59        6023.66
2259           5885.59        6023.66
2260           5885.59        6023.66
2261           5885.59        6023.66
2262           5885.59        6023.66
2263           5885.59        6023.66
2264           5885.59        6023.66
2265           5885.59        6023.66
2266           5885.59        6023.66
2267           5885.59        6023.66
2268           5885.59        6023.66
2269           5885.59        6023.66
2270           5885.59        6023.66
2271           5885.59        6023.66
2272           5885.59        6023.66
2273           5885.59        6023.66
2274           5885.59        6023.66
2275           5885.59        6023.66
2276           5885.59        6023.66
2277           5885.59        6023.66
2278           5885.59        6023.66
2279           5885.59        6023.66
2280           5885.59        6023.66
2281           5885.59        6023.66
2282           5885.59        6023.66
2283           5885.59        6023.66
2284           5885.59        6023.66
2285           5885.59        6023.66
2286           5885.59        6023.66
2287           5885.59        6023.66
2288           5885.59        6023.66
2289           5885.59        6023.66
2290           5885.59        6023.66
2291           5885.59        6023.66
2292           5885.59        6023.66
2293           5885.59        6023.66
2294           5885.59        6023.66
2295           5885.59        6023.66
2296           5885.59        6023.66
2297           5885.59        6023.66
2298           5885.59        6023.66
2299           5885.59        6023.66
2300           5885.59        6023.66
2301           5885.59        6023.66
2302           5885.59        6023.66
2303           5885.59        6023.66
2304           5885.59        6023.66
2305           5885.59        6023.66
2306           5885.59        6023.66
2307           5885.59        6023.66
2308           5885.59        6023.66
2309           5885.59        6023.66
2310           5885.59        6023.66
2311           5885.59        6023.66
2312           5885.59        6023.66
2313           5885.59        6023.66
2314           5885.59        6023.66
2315           5885.59        6023.66
2316           5885.59        6023.66
2317           5885.59        6023.66
2318           5885.59        6023.66
2319           5885.59        6023.66
2320           5885.59        6023.66
2321           5885.59        6023.66
2322           5885.59        6023.66
2323           5885.59        6023.66
2324           5885.59        6023.66
2325           5885.59        6023.66
2326           5885.59        6023.66
2327           5885.59        6023.66
2328           5885.59        6023.66
2329           5885.59        6023.66
2330           5885.59        6023.66
2331           5885.59        6023.66
2332           5885.59        6023.66
2333           5885.59        6023.66
2334           5885.59        6023.66
2335           5885.59        6023.66
2336           5885.59        6023.66
2337           5885.59        6023.66
2338           5885.59        6023.66
2339           5885.59        6023.66
2340           5885.59        6023.66
2341           5885.59        6023.66
2342           5885.59        6023.66
2343           5885.59        6023.66
2344           5885.59        6023.66
2345           5885.59        6023.66
2346           5885.59        6023.66
2347           5885.59        6023.66
2348           5885.59        6023.66
2349           5885.59        6023.66
2350           5885.59        6023.66
2351           5885.59        6023.66
2352           5885.59        6023.66
2353           5885.59        6023.66
2354           5885.59        6023.66
2355           5885.59        6023.66
2356           5885.59        6023.66
2357           5885.59        6023.66
2358           5885.59        6023.66
2359           5885.59        6023.66
2360           5885.59        6023.66
2361           5885.59        6023.66
2362           5885.59        6023.66
2363           5885.59        6023.66
2364           5885.59        6023.66
2365           5885.59        6023.66
2366           5885.59        6023.66
2367           5885.59        6023.66
2368           5885.59        6023.66
2369           5885.59        6023.66
2370           5885.59        6023.66
2371           5885.59        6023.66
2372           5885.59        6023.66
2373           5885.59        6023.66
2374           5885.59        6023.66
2375           5885.59        6023.66
2376           5885.59        6023.66
2377           5885.59        6023.66
2378           5885.59        6023.66
2379           5885.59        6023.66
2380           5885.59        6023.66
2381           5885.59        6023.66
2382           5885.59        6023.66
2383           5885.59        6023.66
2384           5885.59        6023.66
2385           5885.59        6023.66
2386           5885.59        6023.64
2387           5885.59        6023.64
2388           5885.59        6023.36
2389           5885.59        6023.35
2390           5885.59        6023.35
2391           5885.59        6023.35
2392           5885.59        6023.35
2393           5885.59        6023.35
2394           5885.59        6023.35
2395           5885.59        6023.35
2396           5885.59        6023.35
2397           5885.59        6023.35
2398           5885.59        6023.35
2399           5885.59        6023.35
2400           5885.59        6023.35
2401           5885.59        6023.35
2402           5885.59        6023.35
2403           5885.59        6023.35
2404           5885.59        6023.35
2405           5885.59        6023.35
2406           5885.59        6023.35
2407           5885.59        6023.35
2408           5885.59        6023.35
2409           5885.59        6023.35
2410           5885.59        6023.35
2411           5885.59        6023.35
2412           5885.59        6023.35
2413           5885.59        6023.35
2414           5885.59        6023.35
2415           5885.59        6023.35
2416           5885.59        6023.35
2417           5885.59        6023.35
2418           5885.59        6023.35
2419           5885.59        6023.35
2420           5885.59        6023.35
2421           5885.59        6023.35
2422           5885.59        6023.35
2423           5885.59        6023.35
2424           5885.59        6023.35
2425           5885.59        6023.35
2426           5885.59        6023.35
2427           5885.59        6023.35
2428           5885.59        6023.35
2429           5885.59        6023.35
2430           5885.59        6023.35
2431           5885.59        6023.35
2432           5885.59        6023.35
2433           5885.59        6023.35
2434           5885.59        6023.35
2435           5885.59        6023.35
2436           5885.59        6023.35
2437           5885.59        6023.35
2438           5885.59        6023.35
2439           5885.59        6023.35
2440           5885.59        6023.35
2441           5885.59        6023.35
2442           5885.59        6023.35
2443           5885.59        6023.35
2444           5885.59        6023.35
2445           5885.59        6023.35
2446           5885.59        6023.35
2447           5885.59        6023.35
2448           5885.59        6023.35
2449           5885.59        6023.35
2450           5885.59        6023.35
2451           5885.59        6023.35
2452           5885.59        6023.35
2453           5885.59        6023.35
2454           5885.59        6023.35
2455           5885.59        6023.35
2456           5885.59        6023.35
2457           5885.59        6023.35
2458           5885.59        6023.35
2459           5885.59        6023.35
2460           5885.59        6023.35
2461           5885.59        6023.35
2462           5885.59        6023.35
2463           5885.59        6023.35
2464           5885.59        6023.35
2465           5885.59        6023.35
2466           5885.59        6023.35
2467           5885.59        6023.35
2468           5885.59        6023.35
2469           5885.59        6023.35
2470           5885.59        6023.35
2471           5885.59        6023.35
2472           5885.59        6023.35
2473           5885.59        6023.35
2474           5885.59        6023.35
2475           5885.59        6023.35
2476           5885.59        6023.35
2477           5885.59        6023.34
2478           5885.59        6023.34
2479           5885.59        6023.34
2480           5885.59        6023.34
2481           5885.59        6023.34
2482           5885.59        6023.34
2483           5885.59        6023.34
2484           5885.59        6023.34
2485           5885.59        6023.34
2486           5885.59        6023.34
2487           5885.59        6023.34
2488           5885.59        6023.34
2489           5885.59        6023.34
2490           5885.59        6023.34
2491           5885.59        6023.34
2492           5885.59        6023.34
2493           5885.59        6023.34
2494           5885.59        6023.34
2495           5885.59        6023.34
2496           5885.59        6023.34
2497           5885.59        6023.34
2498           5885.59        6023.34
2499           5885.59        6023.34
2500           5885.59        6023.34
