#ITER       #BEST_FO       #MEDIA_FO
1           7445.54        40317.1
2           7179.93        12250.8
3           6764.03        7903.59
4           6454.29        7370.85
5           6193.49         6905.5
6           5912.04        6653.77
7           5839.13        6420.61
8           5749.54         6284.9
9            5509.5        6138.89
10           5418.92        6041.51
11           5340.73        5897.99
12           5190.19        5762.82
13           5068.46        5637.84
14           5050.21        5563.61
15           5000.42        5423.38
16           4935.63         5370.6
17            4902.7        5264.36
18           4849.14        5222.55
19           4829.13        5159.71
20           4802.71        5117.43
21           4802.71        5087.54
22           4802.71         5048.2
23           4802.71        5027.88
24           4796.84        5017.96
25           4796.84        5004.48
26           4787.24        4995.94
27           4782.78        4990.16
28           4740.13        4977.92
29           4740.13        4962.67
30           4716.19        4947.96
31           4716.19        4936.28
32           4716.19        4927.69
33           4716.19        4918.49
34            4705.6        4910.22
35           4702.52        4899.46
36           4702.52        4892.21
37           4702.52        4884.88
38           4697.85           4880
39           4688.51        4873.28
40           4686.88        4867.81
41           4686.12        4864.54
42           4686.12        4861.85
43           4686.12        4859.39
44           4686.12        4854.96
45            4685.7        4852.97
46            4684.9         4851.5
47           4683.37        4850.49
48            4682.8        4849.54
49            4682.8        4849.17
50            4682.8        4848.98
51           4682.58        4848.45
52           4682.49        4847.83
53           4682.13        4847.47
54           4681.71        4847.07
55           4681.09        4846.55
56           4681.09        4846.36
57           4681.03        4846.01
58           4681.03        4845.83
59           4680.17        4845.54
60           4680.17        4844.75
61           4680.17        4844.42
62           4680.17         4844.1
63           4680.17        4843.99
64           4680.17        4843.86
65           4680.07        4843.64
66           4679.53        4843.57
67           4679.53        4843.47
68           4679.53        4843.38
69           4679.53        4843.31
70           4679.52        4843.05
71           4679.52        4842.95
72           4679.52        4842.91
73           4679.52        4842.89
74           4679.52        4842.81
75           4679.52        4842.77
76           4679.31        4842.66
77           4679.31        4842.54
78           4679.11        4842.35
79           4679.11        4842.27
80           4679.11        4842.19
81           4679.11        4842.16
82           4678.39        4842.06
83           4678.39        4841.94
84           4678.38        4841.86
85           4678.37        4841.62
86           4678.37        4841.52
87           4678.35        4841.48
88           4678.35        4841.44
89           4678.35        4841.38
90           4678.35        4841.31
91           4678.15        4841.27
92           4678.15        4841.25
93           4678.15        4841.14
94           4678.07        4841.07
95           4678.07           4841
96           4678.07        4840.98
97            4677.9        4840.93
98            4677.9        4840.89
99            4677.9        4840.84
100            4677.9        4840.84
101           4677.87        4840.81
102           4677.84        4840.74
103           4677.76         4840.6
104           4677.76        4840.42
105           4677.76        4840.26
106           4677.76        4840.19
107           4677.76        4840.15
108           4677.76        4840.08
109           4677.76        4840.04
110           4677.76        4840.03
111           4677.76        4839.98
112           4677.76        4839.92
113           4677.61         4839.9
114           4677.61        4839.87
115           4677.61        4839.87
116           4677.61        4839.87
117           4677.61        4839.84
118           4677.61        4839.84
119           4677.53        4839.79
120           4677.47        4839.75
121           4677.44        4839.68
122           4677.44        4839.65
123           4677.44        4839.65
124           4677.44        4839.61
125           4677.44        4839.57
126           4677.44        4839.55
127           4677.44        4839.55
128           4677.44        4839.53
129           4677.44        4839.53
130           4677.44        4839.52
131           4677.38         4839.5
132           4677.38         4839.5
133           4677.38        4839.49
134           4677.38         4839.4
135           4677.38        4839.36
136           4677.38        4839.35
137           4677.38        4839.33
138           4677.37        4839.33
139           4677.37        4839.32
140           4677.37        4839.32
141           4677.37        4839.31
142           4677.37        4839.22
143           4677.37        4839.14
144           4677.37        4839.13
145           4677.37         4839.1
146           4677.34         4839.1
147           4677.34        4839.07
148           4677.34        4839.06
149           4677.34        4839.06
150           4677.34        4839.06
151           4677.34        4839.06
152           4677.34        4839.05
153           4677.34        4839.05
154           4677.34        4839.05
155           4677.34        4839.04
156            4677.3        4839.03
157            4677.3        4839.02
158            4677.3        4839.02
159            4677.3           4839
160            4677.3           4839
161            4677.3           4839
162            4677.3           4839
163            4677.3           4839
164            4677.3           4839
165            4677.3        4838.98
166            4677.3        4838.97
167            4677.3        4838.97
168            4677.3        4838.97
169            4677.3        4838.97
170            4677.3        4838.97
171            4677.3        4838.96
172            4677.3        4838.96
173            4677.3        4838.96
174            4677.3        4838.94
175            4677.3        4838.92
176            4677.3        4838.92
177            4677.3        4838.92
178            4677.3        4838.92
179            4677.3        4838.92
180            4677.3        4838.91
181            4677.3        4838.91
182            4677.3        4838.88
183            4677.3        4838.88
184            4677.3        4838.87
185            4677.3        4838.87
186            4677.3        4838.87
187            4677.3        4838.87
188            4677.3        4838.87
189            4677.3        4838.87
190            4677.3        4838.86
191            4677.3        4838.85
192            4677.3        4838.84
193            4677.3        4838.84
194            4677.3        4838.84
195            4677.3        4838.83
196           4677.28        4838.82
197           4677.28        4838.81
198           4677.25        4838.81
199           4677.25        4838.81
200           4677.25        4838.81
201           4677.25         4838.8
202           4677.25         4838.8
203           4677.25         4838.8
204           4677.25        4838.79
205           4677.25        4838.79
206           4677.25        4838.79
207           4677.25        4838.79
208           4677.25        4838.79
209           4677.25        4838.79
210           4677.25        4838.79
211           4677.25        4838.79
212           4677.25        4838.78
213           4677.25        4838.78
214           4677.25        4838.77
215           4677.25        4838.77
216           4677.25        4838.77
217           4677.25        4838.76
218           4677.25        4838.76
219           4677.25        4838.75
220           4677.25        4838.75
221           4677.25        4838.74
222           4677.25        4838.74
223           4677.25        4838.74
224           4677.25        4838.74
225           4677.25        4838.74
226           4677.25        4838.74
227           4677.25        4838.74
228           4677.25        4838.74
229           4677.25        4838.74
230           4677.25        4838.74
231           4677.25        4838.74
232           4677.25        4838.74
233           4677.25        4838.74
234           4677.25        4838.74
235           4677.25        4838.74
236           4677.25        4838.74
237           4677.25        4838.74
238           4677.25        4838.74
239           4677.25        4838.74
240           4677.25        4838.73
241           4677.25        4838.73
242           4677.25        4838.73
243           4677.25        4838.73
244           4677.22        4838.72
245           4677.22        4838.72
246           4677.22        4838.72
247           4677.22        4838.72
248           4677.22        4838.72
249           4677.22        4838.72
250           4677.22        4838.72
251           4677.22        4838.72
252           4677.22        4838.72
253           4677.22        4838.71
254           4677.22        4838.71
255           4677.22        4838.71
256           4677.22        4838.71
257           4677.22        4838.71
258           4677.22        4838.71
259           4677.22        4838.71
260           4677.22        4838.71
261           4677.22        4838.71
262           4677.22        4838.71
263           4677.22        4838.71
264           4677.22        4838.71
265           4677.22        4838.71
266           4677.22        4838.71
267           4677.22        4838.71
268           4677.22        4838.71
269           4677.22        4838.71
270           4677.22        4838.71
271           4677.22        4838.71
272           4677.22        4838.71
273           4677.22        4838.71
274           4677.22        4838.71
275           4677.22        4838.71
276           4677.22        4838.71
277           4677.22        4838.71
278           4677.22         4838.7
279           4677.22         4838.7
280            4677.2         4838.7
281            4677.2         4838.7
282            4677.2         4838.7
283            4677.2         4838.7
284            4677.2         4838.7
285            4677.2         4838.7
286            4677.2         4838.7
287            4677.2         4838.7
288            4677.2        4838.69
289            4677.2        4838.68
290            4677.2        4838.68
291            4677.2        4838.67
292            4677.2        4838.67
293            4677.2        4838.67
294            4677.2        4838.67
295            4677.2        4838.66
296            4677.2        4838.66
297            4677.2        4838.66
298            4677.2        4838.66
299            4677.2        4838.65
300           4677.13        4838.65
301           4677.13        4838.65
302           4677.13        4838.65
303           4677.13        4838.65
304           4677.13        4838.65
305           4677.13        4838.65
306           4677.13        4838.65
307           4677.13        4838.64
308           4677.13        4838.64
309           4677.13        4838.64
310           4677.13        4838.64
311           4677.13        4838.64
312           4677.13        4838.64
313           4677.13        4838.63
314           4677.13        4838.63
315           4677.13        4838.63
316           4677.13        4838.63
317           4677.13        4838.63
318           4677.13        4838.63
319           4677.13        4838.63
320           4677.13        4838.63
321           4677.13        4838.63
322           4677.13        4838.63
323           4677.13        4838.63
324           4677.13        4838.63
325           4677.13        4838.63
326           4677.13        4838.63
327           4677.13        4838.63
328           4677.13        4838.63
329           4677.13        4838.63
330           4677.13        4838.63
331           4677.13        4838.63
332           4677.13        4838.63
333           4677.13        4838.63
334           4677.13        4838.62
335           4677.13        4838.62
336           4677.13        4838.61
337           4677.13        4838.61
338           4677.13        4838.61
339           4677.13        4838.61
340           4677.13        4838.61
341           4677.13        4838.61
342           4677.13        4838.61
343           4677.13        4838.61
344           4677.13         4838.6
345           4677.13         4838.6
346           4677.13         4838.6
347           4677.13         4838.6
348           4677.13         4838.6
349           4677.13         4838.6
350           4677.13         4838.6
351           4677.13         4838.6
352           4677.13         4838.6
353           4677.13         4838.6
354           4677.13         4838.6
355           4677.13         4838.6
356           4677.13         4838.6
357           4677.13         4838.6
358           4677.13         4838.6
359           4677.13         4838.6
360           4677.13         4838.6
361           4677.13         4838.6
362           4677.13         4838.6
363           4677.13         4838.6
364           4677.13         4838.6
365           4677.13         4838.6
366           4677.13         4838.6
367           4677.13         4838.6
368           4677.13         4838.6
369           4677.13        4838.59
370           4677.13        4838.59
371           4677.13        4838.59
372           4677.13        4838.59
373           4677.13        4838.59
374           4677.13        4838.59
375           4677.13        4838.59
376           4677.13        4838.59
377           4677.13        4838.59
378           4677.13        4838.59
379           4677.13        4838.59
380           4677.13        4838.59
381           4677.13        4838.59
382           4677.13        4838.59
383           4677.13        4838.58
384           4677.13        4838.58
385           4677.13        4838.58
386           4677.13        4838.58
387           4677.13        4838.58
388           4677.13        4838.58
389           4677.13        4838.58
390           4677.13        4838.58
391           4677.13        4838.58
392           4677.13        4838.58
393           4677.13        4838.58
394           4677.13        4838.58
395           4677.13        4838.58
396           4677.13        4838.58
397           4677.13        4838.58
398           4677.13        4838.58
399           4677.13        4838.58
400           4677.13        4838.58
401           4677.13        4838.58
402           4677.13        4838.58
403           4677.13        4838.58
404           4677.13        4838.58
405           4677.13        4838.57
406           4677.13        4838.57
407           4677.13        4838.57
408           4677.13        4838.57
409           4677.13        4838.57
410           4677.13        4838.56
411           4677.13        4838.56
412           4677.13        4838.56
413           4677.13        4838.56
414           4677.13        4838.56
415           4677.13        4838.56
416           4677.13        4838.56
417           4677.13        4838.56
418           4677.13        4838.56
419           4677.13        4838.56
420           4677.13        4838.56
421           4677.13        4838.56
422           4677.13        4838.56
423           4677.13        4838.55
424           4677.13        4838.55
425           4677.13        4838.55
426           4677.13        4838.55
427           4677.13        4838.55
428           4677.13        4838.55
429           4677.13        4838.55
430           4677.13        4838.55
431           4677.13        4838.55
432           4677.13        4838.55
433           4677.13        4838.55
434           4677.13        4838.55
435           4677.13        4838.55
436           4677.13        4838.55
437           4677.13        4838.55
438           4677.13        4838.55
439           4677.12        4838.55
440           4677.12        4838.54
441           4677.12        4838.54
442           4677.12        4838.54
443           4677.12        4838.54
444           4677.12        4838.54
445           4677.12        4838.54
446           4677.12        4838.54
447           4677.12        4838.54
448           4677.12        4838.54
449           4677.12        4838.54
450           4677.12        4838.54
451           4677.12        4838.54
452           4677.12        4838.54
453           4677.12        4838.54
454           4677.12        4838.54
455           4677.12        4838.54
456           4677.12        4838.54
457           4677.12        4838.54
458           4677.12        4838.54
459           4677.12        4838.54
460           4677.12        4838.54
461           4677.12        4838.53
462           4677.12        4838.53
463           4677.12        4838.53
464           4677.12        4838.53
465           4677.12        4838.53
466           4677.12        4838.53
467           4677.12        4838.53
468           4677.12        4838.53
469           4677.12        4838.53
470           4677.12        4838.53
471           4677.12        4838.53
472           4677.12        4838.53
473           4677.12        4838.53
474           4677.12        4838.53
475           4677.08        4838.53
476           4677.08        4838.53
477           4677.08        4838.52
478           4677.08        4838.52
479           4677.08        4838.51
480           4677.08         4838.5
481           4677.08         4838.5
482           4677.08         4838.5
483           4677.08         4838.5
484           4677.08         4838.5
485           4677.08         4838.5
486           4677.08         4838.5
487           4677.08         4838.5
488           4677.08         4838.5
489           4677.08        4838.49
490           4677.08        4838.49
491           4677.08        4838.49
492           4677.08        4838.49
493           4677.08        4838.49
494           4677.08        4838.49
495           4677.08        4838.49
496           4677.08        4838.49
497           4677.08        4838.49
498           4677.08        4838.49
499           4677.08        4838.49
500           4677.08        4838.49
501           4677.08        4838.49
502           4677.08        4838.49
503           4677.08        4838.48
504           4677.08        4838.48
505           4677.08        4838.48
506           4677.08        4838.48
507           4677.08        4838.48
508           4677.08        4838.48
509           4677.08        4838.48
510           4677.08        4838.48
511           4677.08        4838.48
512           4677.08        4838.48
513           4677.08        4838.48
514           4677.08        4838.48
515           4677.08        4838.48
516           4677.08        4838.48
517           4677.08        4838.48
518           4677.08        4838.48
519           4677.08        4838.47
520           4677.08        4838.47
521           4677.08        4838.47
522           4677.08        4838.47
523           4677.08        4838.47
524           4677.08        4838.47
525           4677.08        4838.47
526           4677.08        4838.47
527           4677.08        4838.47
528           4677.08        4838.47
529           4677.08        4838.47
530           4677.08        4838.46
531           4677.08        4838.46
532           4677.08        4838.46
533           4677.08        4838.46
534           4677.08        4838.46
535           4677.08        4838.46
536           4677.08        4838.46
537           4677.08        4838.46
538           4677.08        4838.46
539           4677.08        4838.46
540           4677.08        4838.46
541           4677.08        4838.46
542           4677.08        4838.46
543           4677.08        4838.46
544           4677.08        4838.46
545           4677.08        4838.46
546           4677.08        4838.46
547           4677.08        4838.45
548           4677.08        4838.45
549           4677.08        4838.45
550           4677.08        4838.45
551           4677.08        4838.45
552           4677.08        4838.45
553           4677.08        4838.45
554           4677.08        4838.45
555           4677.08        4838.45
556           4677.08        4838.45
557           4677.08        4838.45
558           4677.08        4838.45
559           4677.08        4838.45
560           4677.08        4838.45
561           4677.08        4838.45
562           4677.08        4838.45
563           4677.08        4838.45
564           4677.08        4838.44
565           4677.08        4838.44
566           4677.08        4838.44
567           4677.08        4838.44
568           4677.08        4838.44
569           4677.08        4838.44
570           4677.08        4838.44
571           4677.08        4838.44
572           4677.08        4838.44
573           4677.08        4838.44
574           4677.08        4838.44
575           4677.08        4838.44
576           4677.08        4838.44
577           4677.08        4838.44
578           4677.08        4838.44
579           4677.08        4838.44
580           4677.08        4838.44
581           4677.08        4838.44
582           4677.08        4838.43
583           4677.08        4838.43
584           4677.08        4838.43
585           4677.08        4838.43
586           4677.08        4838.43
587           4677.08        4838.43
588           4677.08        4838.43
589           4677.08        4838.43
590           4677.08        4838.43
591           4677.08        4838.43
592           4677.08        4838.43
593           4677.08        4838.43
594           4677.08        4838.43
595           4677.08        4838.43
596           4677.08        4838.43
597           4677.08        4838.43
598           4677.08        4838.43
599           4677.08        4838.42
600           4677.08        4838.42
601           4677.08        4838.42
602           4677.08        4838.42
603           4677.08        4838.42
604           4677.08        4838.42
605           4677.08        4838.42
606           4677.08        4838.42
607           4677.08        4838.42
608           4677.08        4838.42
609           4677.08        4838.42
610           4677.08        4838.42
611           4677.08        4838.42
612           4677.08        4838.42
613           4677.08        4838.42
614           4677.08        4838.41
615           4677.08        4838.41
616           4677.08        4838.41
617           4677.08        4838.41
618           4677.08        4838.41
619           4677.08        4838.41
620           4677.08        4838.41
621           4677.08        4838.41
622           4677.08        4838.41
623           4677.08        4838.41
624           4677.08        4838.41
625           4677.08        4838.41
626           4677.08        4838.41
627           4677.08        4838.41
628           4677.08        4838.41
629           4677.08        4838.41
630           4677.08        4838.41
631           4677.08        4838.41
632           4677.08        4838.41
633           4677.08        4838.41
634           4677.08        4838.41
635           4677.08        4838.41
636           4677.08        4838.41
637           4677.08        4838.41
638           4677.08        4838.41
639           4677.08        4838.41
640           4677.08        4838.41
641           4677.08        4838.41
642           4677.08        4838.41
643           4677.08        4838.41
644           4677.08        4838.41
645           4677.08        4838.41
646           4677.08        4838.41
647           4677.08        4838.41
648           4677.08        4838.41
649           4677.08        4838.41
650           4677.08        4838.41
651           4677.08        4838.41
652           4677.08        4838.41
653           4677.08        4838.41
654           4677.08        4838.41
655           4677.08        4838.41
656           4677.08        4838.41
657           4677.08        4838.41
658           4677.08        4838.41
659           4677.08        4838.41
660           4677.08        4838.41
661           4677.08        4838.41
662           4677.08        4838.41
663           4677.08        4838.41
664           4677.08        4838.41
665           4677.08        4838.41
666           4677.08        4838.41
667           4677.08        4838.41
668           4677.08        4838.41
669           4677.08        4838.41
670           4677.08        4838.41
671           4677.08        4838.41
672           4677.08        4838.41
673           4677.08        4838.41
674           4677.08        4838.41
675           4677.08        4838.41
676           4677.08        4838.41
677           4677.08        4838.41
678           4677.08        4838.41
679           4677.08        4838.41
680           4677.08        4838.41
681           4677.08        4838.41
682           4677.08        4838.41
683           4677.08        4838.41
684           4677.08        4838.41
685           4677.08        4838.41
686           4677.08        4838.41
687           4677.08        4838.41
688           4677.08        4838.41
689           4677.08        4838.41
690           4677.08        4838.41
691           4677.07        4838.41
692           4677.07        4838.41
693           4677.07        4838.41
694           4677.07        4838.41
695           4677.07        4838.41
696           4677.07        4838.41
697           4677.07        4838.41
698           4677.07        4838.41
699           4677.07        4838.41
700           4677.07         4838.4
701           4677.07         4838.4
702           4677.07         4838.4
703           4677.07         4838.4
704           4677.07         4838.4
705           4677.07         4838.4
706           4677.07         4838.4
707           4677.07         4838.4
708           4677.07         4838.4
709           4677.07         4838.4
710           4677.07         4838.4
711           4677.07         4838.4
712           4677.07         4838.4
713           4677.07         4838.4
714           4677.07         4838.4
715           4677.07         4838.4
716           4677.07         4838.4
717           4677.07         4838.4
718           4677.07         4838.4
719           4677.07         4838.4
720           4677.07         4838.4
721           4677.07         4838.4
722           4677.07         4838.4
723           4677.07         4838.4
724           4677.07         4838.4
725           4677.07         4838.4
726           4677.07         4838.4
727           4677.07         4838.4
728           4677.07         4838.4
729           4677.07         4838.4
730           4677.07        4838.39
731           4677.07        4838.39
732           4677.07        4838.39
733           4677.07        4838.39
734           4677.07        4838.39
735           4677.07        4838.39
736           4677.07        4838.39
737           4677.07        4838.39
738           4677.07        4838.39
739           4677.07        4838.39
740           4677.07        4838.39
741           4677.07        4838.39
742           4677.07        4838.39
743           4677.07        4838.39
744           4677.07        4838.39
745           4677.07        4838.39
746           4677.07        4838.39
747           4677.07        4838.39
748           4677.07        4838.39
749           4677.07        4838.39
750           4677.07        4838.39
751           4677.07        4838.39
752           4677.07        4838.39
753           4677.07        4838.39
754           4677.07        4838.39
755           4677.07        4838.39
756           4677.07        4838.39
757           4677.07        4838.39
758           4677.07        4838.39
759           4677.07        4838.39
760           4677.07        4838.39
761           4677.07        4838.39
762           4677.07        4838.39
763           4677.07        4838.39
764           4677.07        4838.39
765           4677.07        4838.39
766           4677.07        4838.39
767           4677.07        4838.39
768           4677.07        4838.39
769           4677.07        4838.39
770           4677.07        4838.39
771           4677.07        4838.39
772           4677.07        4838.39
773           4677.07        4838.39
774           4677.07        4838.39
775           4677.07        4838.39
776           4677.07        4838.39
777           4677.07        4838.39
778           4677.07        4838.39
779           4677.07        4838.39
780           4677.07        4838.39
781           4677.07        4838.39
782           4677.07        4838.39
783           4677.07        4838.39
784           4677.07        4838.39
785           4677.07        4838.39
786           4677.07        4838.39
787           4677.07        4838.39
788           4677.07        4838.39
789           4677.07        4838.39
790           4677.07        4838.39
791           4677.07        4838.39
792           4677.07        4838.39
793           4677.07        4838.39
794           4677.07        4838.39
795           4677.07        4838.39
796           4677.07        4838.39
797           4677.07        4838.39
798           4677.07        4838.39
799           4677.07        4838.39
800           4677.07        4838.39
801           4677.07        4838.39
802           4677.07        4838.39
803           4677.07        4838.39
804           4677.07        4838.39
805           4677.07        4838.39
806           4677.07        4838.39
807           4677.07        4838.39
808           4677.07        4838.39
809           4677.07        4838.39
810           4677.07        4838.39
811           4677.07        4838.39
812           4677.07        4838.39
813           4677.07        4838.39
814           4677.07        4838.39
815           4677.07        4838.39
816           4677.07        4838.39
817           4677.07        4838.39
818           4677.07        4838.39
819           4677.07        4838.39
820           4677.07        4838.39
821           4677.07        4838.39
822           4677.07        4838.39
823           4677.07        4838.39
824           4677.07        4838.39
825           4677.07        4838.38
826           4677.07        4838.38
827           4677.07        4838.38
828           4677.07        4838.38
829           4677.07        4838.38
830           4677.07        4838.38
831           4677.07        4838.38
832           4677.07        4838.38
833           4677.07        4838.38
834           4677.07        4838.38
835           4677.07        4838.38
836           4677.07        4838.38
837           4677.07        4838.38
838           4677.07        4838.38
839           4677.07        4838.38
840           4677.07        4838.38
841           4677.07        4838.38
842           4677.07        4838.38
843           4677.07        4838.38
844           4677.07        4838.38
845           4677.07        4838.38
846           4677.07        4838.38
847           4677.07        4838.38
848           4677.07        4838.38
849           4677.07        4838.38
850           4677.07        4838.38
851           4677.07        4838.38
852           4677.07        4838.38
853           4677.07        4838.38
854           4677.07        4838.38
855           4677.07        4838.38
856           4677.07        4838.38
857           4677.07        4838.38
858           4677.07        4838.38
859           4677.07        4838.38
860           4677.07        4838.38
861           4677.07        4838.38
862           4677.07        4838.38
863           4677.07        4838.38
864           4677.07        4838.38
865           4677.07        4838.38
866           4677.07        4838.38
867           4677.07        4838.38
868           4677.07        4838.38
869           4677.07        4838.38
870           4677.07        4838.38
871           4677.07        4838.38
872           4677.07        4838.38
873           4677.07        4838.38
874           4677.07        4838.38
875           4677.07        4838.38
876           4677.07        4838.38
877           4677.07        4838.38
878           4677.07        4838.38
879           4677.07        4838.38
880           4677.07        4838.38
881           4677.07        4838.38
882           4677.07        4838.38
883           4677.07        4838.38
884           4677.07        4838.38
885           4677.07        4838.38
886           4677.07        4838.38
887           4677.07        4838.38
888           4677.07        4838.38
889           4677.07        4838.38
890           4677.07        4838.38
891           4677.07        4838.38
892           4677.07        4838.38
893           4677.07        4838.38
894           4677.07        4838.38
895           4677.07        4838.38
896           4677.07        4838.38
897           4677.07        4838.38
898           4677.07        4838.38
899           4677.07        4838.38
900           4677.07        4838.38
901           4677.07        4838.38
902           4677.07        4838.38
903           4677.07        4838.38
904           4677.07        4838.38
905           4677.07        4838.38
906           4677.07        4838.38
907           4677.07        4838.38
908           4677.07        4838.38
909           4677.07        4838.38
910           4677.07        4838.38
911           4677.07        4838.38
912           4677.07        4838.38
913           4677.07        4838.38
914           4677.07        4838.38
915           4677.07        4838.38
916           4677.07        4838.38
917           4677.07        4838.38
918           4677.07        4838.38
919           4677.07        4838.38
920           4677.07        4838.38
921           4677.07        4838.38
922           4677.07        4838.38
923           4677.07        4838.38
924           4677.07        4838.38
925           4677.07        4838.37
926           4677.07        4838.37
927           4677.07        4838.37
928           4677.07        4838.37
929           4677.07        4838.37
930           4677.07        4838.37
931           4677.07        4838.37
932           4677.07        4838.37
933           4677.07        4838.37
934           4677.07        4838.37
935           4677.07        4838.37
936           4677.07        4838.37
937           4677.07        4838.37
938           4677.07        4838.37
939           4677.07        4838.37
940           4677.07        4838.37
941           4677.07        4838.37
942           4677.07        4838.37
943           4677.07        4838.37
944           4677.07        4838.37
945           4677.07        4838.37
946           4677.07        4838.37
947           4677.07        4838.37
948           4677.07        4838.37
949           4677.07        4838.37
950           4677.07        4838.37
951           4677.07        4838.37
952           4677.07        4838.37
953           4677.07        4838.37
954           4677.07        4838.37
955           4677.07        4838.37
956           4677.07        4838.37
957           4677.07        4838.37
958           4677.07        4838.37
959           4677.07        4838.37
960           4677.07        4838.37
961           4677.07        4838.37
962           4677.07        4838.37
963           4677.07        4838.37
964           4677.07        4838.37
965           4677.07        4838.37
966           4677.07        4838.37
967           4677.07        4838.37
968           4677.07        4838.37
969           4677.07        4838.37
970           4677.07        4838.37
971           4677.07        4838.37
972           4677.07        4838.37
973           4677.07        4838.37
974           4677.07        4838.37
975           4677.07        4838.37
976           4677.07        4838.37
977           4677.07        4838.37
978           4677.07        4838.37
979           4677.07        4838.37
980           4677.07        4838.37
981           4677.07        4838.37
982           4677.07        4838.37
983           4677.07        4838.37
984           4677.07        4838.37
985           4677.07        4838.37
986           4677.07        4838.37
987           4677.06        4838.37
988           4677.06        4838.37
989           4677.06        4838.37
990           4677.06        4838.37
991           4677.06        4838.37
992           4677.06        4838.37
993           4677.06        4838.37
994           4677.06        4838.37
995           4677.06        4838.37
996           4677.06        4838.37
997           4677.06        4838.37
998           4677.06        4838.37
999           4677.06        4838.37
1000           4677.06        4838.37
1001           4677.06        4838.37
1002           4677.06        4838.37
1003           4677.06        4838.37
1004           4677.06        4838.37
1005           4677.06        4838.37
1006           4677.06        4838.37
1007           4677.06        4838.37
1008           4677.06        4838.37
1009           4677.06        4838.37
1010           4677.06        4838.37
1011           4677.06        4838.37
1012           4677.06        4838.37
1013           4677.06        4838.37
1014           4677.06        4838.37
1015           4677.06        4838.37
1016           4677.06        4838.37
1017           4677.06        4838.37
1018           4677.06        4838.37
1019           4677.06        4838.37
1020           4677.06        4838.37
1021           4677.06        4838.37
1022           4677.06        4838.37
1023           4677.06        4838.37
1024           4677.06        4838.37
1025           4677.06        4838.37
1026           4677.06        4838.37
1027           4677.06        4838.37
1028           4677.06        4838.37
1029           4677.06        4838.37
1030           4677.06        4838.37
1031           4677.06        4838.37
1032           4677.06        4838.37
1033           4677.06        4838.37
1034           4677.06        4838.37
1035           4677.06        4838.37
1036           4677.06        4838.37
1037           4677.06        4838.37
1038           4677.06        4838.37
1039           4677.06        4838.37
1040           4677.06        4838.37
1041           4677.06        4838.37
1042           4677.06        4838.37
1043           4677.06        4838.37
1044           4677.06        4838.37
1045           4677.06        4838.37
1046           4677.06        4838.37
1047           4677.06        4838.37
1048           4677.06        4838.37
1049           4677.06        4838.37
1050           4677.06        4838.37
1051           4677.06        4838.37
1052           4677.06        4838.37
1053           4677.06        4838.37
1054           4677.06        4838.37
1055           4677.06        4838.37
1056           4677.06        4838.37
1057           4677.06        4838.37
1058           4677.06        4838.37
1059           4677.06        4838.37
1060           4677.06        4838.37
1061           4677.06        4838.37
1062           4677.06        4838.37
1063           4677.06        4838.37
1064           4677.06        4838.37
1065           4677.06        4838.37
1066           4677.06        4838.37
1067           4677.06        4838.37
1068           4677.06        4838.37
1069           4677.06        4838.37
1070           4677.06        4838.37
1071           4677.06        4838.37
1072           4677.06        4838.37
1073           4677.06        4838.37
1074           4677.06        4838.37
1075           4677.06        4838.37
1076           4677.06        4838.37
1077           4677.06        4838.37
1078           4677.06        4838.37
1079           4677.06        4838.37
1080           4677.06        4838.37
1081           4677.06        4838.37
1082           4677.06        4838.37
1083           4677.06        4838.37
1084           4677.06        4838.37
1085           4677.06        4838.37
1086           4677.06        4838.37
1087           4677.06        4838.37
1088           4677.06        4838.37
1089           4677.06        4838.37
1090           4677.06        4838.37
1091           4677.06        4838.37
1092           4677.06        4838.37
1093           4677.06        4838.37
1094           4677.06        4838.37
1095           4677.06        4838.37
1096           4677.06        4838.37
1097           4677.06        4838.37
1098           4677.06        4838.37
1099           4677.06        4838.37
1100           4677.06        4838.37
1101           4677.06        4838.37
1102           4677.06        4838.37
1103           4677.06        4838.37
1104           4677.06        4838.37
1105           4677.06        4838.37
1106           4677.06        4838.37
1107           4677.06        4838.37
1108           4677.06        4838.37
1109           4677.06        4838.37
1110           4677.06        4838.37
1111           4677.06        4838.37
1112           4677.06        4838.37
1113           4677.06        4838.37
1114           4677.06        4838.37
1115           4677.06        4838.37
1116           4677.06        4838.37
1117           4677.06        4838.37
1118           4677.06        4838.37
1119           4677.06        4838.37
1120           4677.06        4838.37
1121           4677.06        4838.37
1122           4677.06        4838.37
1123           4677.06        4838.37
1124           4677.06        4838.37
1125           4677.06        4838.37
1126           4677.06        4838.37
1127           4677.06        4838.37
1128           4677.06        4838.37
1129           4677.06        4838.37
1130           4677.06        4838.37
1131           4677.06        4838.37
1132           4677.06        4838.37
1133           4677.06        4838.37
1134           4677.06        4838.37
1135           4677.06        4838.37
1136           4677.06        4838.37
1137           4677.06        4838.37
1138           4677.06        4838.37
1139           4677.06        4838.37
1140           4677.06        4838.37
1141           4677.06        4838.37
1142           4677.06        4838.37
1143           4677.06        4838.37
1144           4677.06        4838.37
1145           4677.06        4838.37
1146           4677.06        4838.37
1147           4677.06        4838.37
1148           4677.06        4838.37
1149           4677.06        4838.37
1150           4677.06        4838.37
1151           4677.06        4838.37
1152           4677.06        4838.37
1153           4677.06        4838.37
1154           4677.06        4838.37
1155           4677.06        4838.37
1156           4677.06        4838.37
1157           4677.06        4838.37
1158           4677.06        4838.37
1159           4677.06        4838.37
1160           4677.06        4838.37
1161           4677.06        4838.37
1162           4677.06        4838.37
1163           4677.06        4838.37
1164           4677.06        4838.37
1165           4677.06        4838.37
1166           4677.06        4838.37
1167           4677.06        4838.37
1168           4677.06        4838.37
1169           4677.06        4838.37
1170           4677.06        4838.37
1171           4677.06        4838.37
1172           4677.06        4838.37
1173           4677.06        4838.37
1174           4677.06        4838.37
1175           4677.06        4838.37
1176           4677.06        4838.37
1177           4677.06        4838.37
1178           4677.06        4838.37
1179           4677.06        4838.37
1180           4677.06        4838.37
1181           4677.06        4838.37
1182           4677.06        4838.37
1183           4677.06        4838.37
1184           4677.06        4838.37
1185           4677.06        4838.37
1186           4677.06        4838.37
1187           4677.06        4838.37
1188           4677.06        4838.37
1189           4677.06        4838.37
1190           4677.06        4838.37
1191           4677.06        4838.37
1192           4677.06        4838.37
1193           4677.06        4838.37
1194           4677.06        4838.37
1195           4677.06        4838.37
1196           4677.06        4838.37
1197           4677.06        4838.37
1198           4677.06        4838.37
1199           4677.06        4838.37
1200           4677.06        4838.37
1201           4677.06        4838.37
1202           4677.06        4838.37
1203           4677.06        4838.37
1204           4677.06        4838.37
1205           4677.06        4838.37
1206           4677.06        4838.37
1207           4677.06        4838.37
1208           4677.06        4838.37
1209           4677.06        4838.37
1210           4677.06        4838.37
1211           4677.06        4838.37
1212           4677.06        4838.37
1213           4677.06        4838.37
1214           4677.06        4838.37
1215           4677.06        4838.37
1216           4677.06        4838.37
1217           4677.06        4838.37
1218           4677.06        4838.37
1219           4677.06        4838.37
1220           4677.06        4838.37
1221           4677.06        4838.37
1222           4677.06        4838.37
1223           4677.06        4838.37
1224           4677.06        4838.37
1225           4677.06        4838.37
1226           4677.06        4838.37
1227           4677.06        4838.37
1228           4677.06        4838.37
1229           4677.06        4838.37
1230           4677.06        4838.37
1231           4677.06        4838.37
1232           4677.06        4838.37
1233           4677.06        4838.37
1234           4677.06        4838.37
1235           4677.06        4838.37
1236           4677.06        4838.37
1237           4677.06        4838.37
1238           4677.06        4838.37
1239           4677.06        4838.37
1240           4677.06        4838.37
1241           4677.06        4838.37
1242           4677.06        4838.37
1243           4677.06        4838.37
1244           4677.06        4838.37
1245           4677.06        4838.37
1246           4677.06        4838.37
1247           4677.06        4838.37
1248           4677.06        4838.37
1249           4677.06        4838.37
1250           4677.06        4838.37
1251           4677.06        4838.37
1252           4677.06        4838.37
1253           4677.06        4838.37
1254           4677.06        4838.37
1255           4677.06        4838.37
1256           4677.06        4838.37
1257           4677.06        4838.37
1258           4677.06        4838.37
1259           4677.06        4838.37
1260           4677.06        4838.37
1261           4677.06        4838.37
1262           4677.06        4838.37
1263           4677.06        4838.37
1264           4677.06        4838.37
1265           4677.06        4838.37
1266           4677.06        4838.37
1267           4677.06        4838.37
1268           4677.06        4838.37
1269           4677.06        4838.37
1270           4677.06        4838.37
1271           4677.06        4838.37
1272           4677.06        4838.37
1273           4677.06        4838.37
1274           4677.06        4838.37
1275           4677.06        4838.37
1276           4677.06        4838.37
1277           4677.06        4838.37
1278           4677.06        4838.37
1279           4677.06        4838.37
1280           4677.06        4838.37
1281           4677.06        4838.37
1282           4677.06        4838.37
1283           4677.06        4838.37
1284           4677.06        4838.37
1285           4677.06        4838.37
1286           4677.06        4838.37
1287           4677.06        4838.37
1288           4677.06        4838.37
1289           4677.06        4838.37
1290           4677.06        4838.37
1291           4677.06        4838.37
1292           4677.06        4838.37
1293           4677.06        4838.37
1294           4677.06        4838.37
1295           4677.06        4838.37
1296           4677.06        4838.37
1297           4677.06        4838.37
1298           4677.06        4838.37
1299           4677.06        4838.37
1300           4677.06        4838.37
1301           4677.06        4838.37
1302           4677.06        4838.37
1303           4677.06        4838.37
1304           4677.06        4838.37
1305           4677.06        4838.37
1306           4677.06        4838.37
1307           4677.06        4838.37
1308           4677.06        4838.37
1309           4677.06        4838.37
1310           4677.06        4838.37
1311           4677.06        4838.37
1312           4677.06        4838.37
1313           4677.06        4838.37
1314           4677.06        4838.37
1315           4677.06        4838.37
1316           4677.06        4838.37
1317           4677.06        4838.37
1318           4677.06        4838.37
1319           4677.06        4838.37
1320           4677.06        4838.37
1321           4677.06        4838.37
1322           4677.06        4838.37
1323           4677.06        4838.37
1324           4677.06        4838.37
1325           4677.06        4838.37
1326           4677.06        4838.37
1327           4677.06        4838.37
1328           4677.06        4838.37
1329           4677.06        4838.37
1330           4677.06        4838.37
1331           4677.06        4838.37
1332           4677.06        4838.37
1333           4677.06        4838.37
1334           4677.06        4838.37
1335           4677.06        4838.37
1336           4677.06        4838.37
1337           4677.06        4838.37
1338           4677.06        4838.37
1339           4677.06        4838.37
1340           4677.06        4838.37
1341           4677.06        4838.37
1342           4677.06        4838.37
1343           4677.06        4838.37
1344           4677.06        4838.37
1345           4677.06        4838.37
1346           4677.06        4838.37
1347           4677.06        4838.37
1348           4677.06        4838.37
1349           4677.06        4838.37
1350           4677.06        4838.37
1351           4677.06        4838.37
1352           4677.06        4838.37
1353           4677.06        4838.37
1354           4677.06        4838.37
1355           4677.06        4838.37
1356           4677.06        4838.37
1357           4677.06        4838.37
1358           4677.06        4838.37
1359           4677.06        4838.37
1360           4677.06        4838.37
1361           4677.06        4838.37
1362           4677.06        4838.37
1363           4677.06        4838.37
1364           4677.06        4838.37
1365           4677.06        4838.37
1366           4677.06        4838.37
1367           4677.06        4838.37
1368           4677.06        4838.37
1369           4677.06        4838.37
1370           4677.06        4838.37
1371           4677.06        4838.37
1372           4677.06        4838.37
1373           4677.06        4838.37
1374           4677.06        4838.37
1375           4677.06        4838.37
1376           4677.06        4838.37
1377           4677.06        4838.37
1378           4677.06        4838.37
1379           4677.06        4838.37
1380           4677.06        4838.37
1381           4677.06        4838.37
1382           4677.06        4838.37
1383           4677.06        4838.37
1384           4677.06        4838.37
1385           4677.06        4838.37
1386           4677.06        4838.37
1387           4677.06        4838.37
1388           4677.06        4838.37
1389           4677.06        4838.37
1390           4677.06        4838.37
1391           4677.06        4838.37
1392           4677.06        4838.37
1393           4677.06        4838.37
1394           4677.06        4838.37
1395           4677.06        4838.37
1396           4677.06        4838.37
1397           4677.06        4838.37
1398           4677.06        4838.37
1399           4677.06        4838.37
1400           4677.06        4838.37
1401           4677.06        4838.37
1402           4677.06        4838.37
1403           4677.06        4838.37
1404           4677.06        4838.37
1405           4677.06        4838.37
1406           4677.06        4838.37
1407           4677.06        4838.37
1408           4677.06        4838.37
1409           4677.06        4838.37
1410           4677.06        4838.37
1411           4677.06        4838.37
1412           4677.06        4838.37
1413           4677.06        4838.37
1414           4677.06        4838.37
1415           4677.06        4838.37
1416           4677.06        4838.37
1417           4677.06        4838.37
1418           4677.06        4838.37
1419           4677.06        4838.37
1420           4677.06        4838.37
1421           4677.06        4838.37
1422           4677.06        4838.37
1423           4677.06        4838.37
1424           4677.06        4838.37
1425           4677.06        4838.37
1426           4677.06        4838.37
1427           4677.06        4838.37
1428           4677.06        4838.37
1429           4677.06        4838.37
1430           4677.06        4838.36
1431           4677.06        4838.36
1432           4677.06        4838.36
1433           4677.06        4838.36
1434           4677.06        4838.36
1435           4677.06        4838.36
1436           4677.06        4838.36
1437           4677.06        4838.36
1438           4677.06        4838.36
1439           4677.06        4838.36
1440           4677.06        4838.36
1441           4677.06        4838.36
1442           4677.06        4838.36
1443           4677.06        4838.36
1444           4677.06        4838.36
1445           4677.06        4838.36
1446           4677.06        4838.36
1447           4677.06        4838.36
1448           4677.06        4838.36
1449           4677.06        4838.36
1450           4677.06        4838.36
1451           4677.06        4838.36
1452           4677.06        4838.36
1453           4677.06        4838.36
1454           4677.06        4838.36
1455           4677.06        4838.36
1456           4677.06        4838.36
1457           4677.06        4838.36
1458           4677.06        4838.36
1459           4677.06        4838.36
1460           4677.06        4838.36
1461           4677.06        4838.36
1462           4677.06        4838.36
1463           4677.06        4838.36
1464           4677.06        4838.36
1465           4677.06        4838.36
1466           4677.06        4838.36
1467           4677.06        4838.36
1468           4677.06        4838.36
1469           4677.06        4838.36
1470           4677.06        4838.36
1471           4677.06        4838.36
1472           4677.06        4838.36
1473           4677.06        4838.36
1474           4677.06        4838.36
1475           4677.06        4838.36
1476           4677.06        4838.36
1477           4677.06        4838.36
1478           4677.06        4838.36
1479           4677.06        4838.36
1480           4677.06        4838.36
1481           4677.06        4838.36
1482           4677.06        4838.36
1483           4677.06        4838.36
1484           4677.06        4838.36
1485           4677.06        4838.36
1486           4677.06        4838.36
1487           4677.06        4838.36
1488           4677.06        4838.36
1489           4677.06        4838.36
1490           4677.06        4838.36
1491           4677.06        4838.36
1492           4677.06        4838.36
1493           4677.06        4838.36
1494           4677.06        4838.36
1495           4677.06        4838.36
1496           4677.06        4838.36
1497           4677.06        4838.36
1498           4677.06        4838.36
1499           4677.06        4838.36
1500           4677.06        4838.36
1501           4677.06        4838.36
1502           4677.06        4838.36
1503           4677.06        4838.36
1504           4677.06        4838.36
1505           4677.06        4838.36
1506           4677.06        4838.36
1507           4677.06        4838.36
1508           4677.06        4838.36
1509           4677.06        4838.36
1510           4677.06        4838.36
1511           4677.06        4838.36
1512           4677.06        4838.36
1513           4677.06        4838.36
1514           4677.06        4838.36
1515           4677.06        4838.36
1516           4677.06        4838.36
1517           4677.06        4838.36
1518           4677.06        4838.36
1519           4677.06        4838.36
1520           4677.06        4838.36
1521           4677.06        4838.36
1522           4677.06        4838.36
1523           4677.06        4838.36
1524           4677.06        4838.36
1525           4677.06        4838.36
1526           4677.06        4838.36
1527           4677.06        4838.36
1528           4677.06        4838.36
1529           4677.06        4838.36
1530           4677.06        4838.36
1531           4677.06        4838.36
1532           4677.06        4838.36
1533           4677.06        4838.36
1534           4677.06        4838.36
1535           4677.06        4838.36
1536           4677.06        4838.36
1537           4677.06        4838.36
1538           4677.06        4838.36
1539           4677.06        4838.36
1540           4677.06        4838.36
1541           4677.06        4838.36
1542           4677.06        4838.36
1543           4677.06        4838.36
1544           4677.06        4838.36
1545           4677.06        4838.36
1546           4677.06        4838.36
1547           4677.06        4838.36
1548           4677.06        4838.36
1549           4677.06        4838.36
1550           4677.06        4838.36
1551           4677.06        4838.36
1552           4677.06        4838.36
1553           4677.06        4838.36
1554           4677.06        4838.36
1555           4677.06        4838.36
1556           4677.06        4838.36
1557           4677.06        4838.36
1558           4677.06        4838.36
1559           4677.06        4838.36
1560           4677.06        4838.36
1561           4677.05        4838.36
1562           4677.05        4838.36
1563           4677.05        4838.36
1564           4677.05        4838.36
1565           4677.05        4838.36
1566           4677.05        4838.36
1567           4677.05        4838.36
1568           4677.05        4838.36
1569           4677.05        4838.36
1570           4677.05        4838.36
1571           4677.05        4838.36
1572           4677.05        4838.36
1573           4677.05        4838.36
1574           4677.05        4838.36
1575           4677.05        4838.36
1576           4677.05        4838.36
1577           4677.05        4838.36
1578           4677.05        4838.36
1579           4677.05        4838.36
1580           4677.05        4838.36
1581           4677.05        4838.36
1582           4677.05        4838.36
1583           4677.05        4838.36
1584           4677.05        4838.36
1585           4677.05        4838.36
1586           4677.05        4838.36
1587           4677.05        4838.36
1588           4677.05        4838.36
1589           4677.05        4838.36
1590           4677.05        4838.36
1591           4677.05        4838.36
1592           4677.05        4838.36
1593           4677.05        4838.36
1594           4677.05        4838.36
1595           4677.05        4838.36
1596           4677.05        4838.36
1597           4677.05        4838.36
1598           4677.05        4838.36
1599           4677.05        4838.36
1600           4677.05        4838.36
1601           4677.05        4838.36
1602           4677.05        4838.36
1603           4677.05        4838.36
1604           4677.05        4838.36
1605           4677.05        4838.36
1606           4677.05        4838.36
1607           4677.05        4838.36
1608           4677.05        4838.36
1609           4677.05        4838.36
1610           4677.05        4838.36
1611           4677.05        4838.36
1612           4677.05        4838.36
1613           4677.05        4838.36
1614           4677.05        4838.36
1615           4677.05        4838.36
1616           4677.05        4838.36
1617           4677.05        4838.36
1618           4677.05        4838.36
1619           4677.05        4838.36
1620           4677.05        4838.36
1621           4677.05        4838.36
1622           4677.05        4838.36
1623           4677.05        4838.36
1624           4677.05        4838.36
1625           4677.05        4838.36
1626           4677.05        4838.36
1627           4677.05        4838.36
1628           4677.05        4838.36
1629           4677.05        4838.36
1630           4677.05        4838.36
1631           4677.05        4838.36
1632           4677.05        4838.36
1633           4677.05        4838.36
1634           4677.05        4838.36
1635           4677.05        4838.36
1636           4677.05        4838.36
1637           4677.05        4838.36
1638           4677.05        4838.36
1639           4677.05        4838.36
1640           4677.05        4838.36
1641           4677.05        4838.36
1642           4677.05        4838.36
1643           4677.05        4838.36
1644           4677.05        4838.36
1645           4677.05        4838.36
1646           4677.05        4838.36
1647           4677.05        4838.36
1648           4677.05        4838.36
1649           4677.05        4838.36
1650           4677.05        4838.36
1651           4677.05        4838.36
1652           4677.05        4838.36
1653           4677.05        4838.36
1654           4677.05        4838.36
1655           4677.05        4838.36
1656           4677.05        4838.36
1657           4677.05        4838.36
1658           4677.05        4838.36
1659           4677.05        4838.36
1660           4677.05        4838.36
1661           4677.05        4838.36
1662           4677.05        4838.36
1663           4677.05        4838.36
1664           4677.05        4838.36
1665           4677.05        4838.36
1666           4677.05        4838.36
1667           4677.05        4838.36
1668           4677.05        4838.36
1669           4677.05        4838.36
1670           4677.05        4838.36
1671           4677.05        4838.36
1672           4677.05        4838.36
1673           4677.05        4838.36
1674           4677.05        4838.36
1675           4677.05        4838.36
1676           4677.05        4838.36
1677           4677.05        4838.36
1678           4677.05        4838.36
1679           4677.05        4838.36
1680           4677.05        4838.36
1681           4677.05        4838.36
1682           4677.05        4838.36
1683           4677.05        4838.36
1684           4677.05        4838.36
1685           4677.05        4838.36
1686           4677.05        4838.36
1687           4677.05        4838.36
1688           4677.05        4838.36
1689           4677.05        4838.36
1690           4677.05        4838.36
1691           4677.05        4838.36
1692           4677.05        4838.36
1693           4677.05        4838.36
1694           4677.05        4838.36
1695           4677.05        4838.36
1696           4677.05        4838.36
1697           4677.05        4838.36
1698           4677.05        4838.36
1699           4677.05        4838.36
1700           4677.05        4838.36
1701           4677.05        4838.36
1702           4677.05        4838.36
1703           4677.05        4838.36
1704           4677.05        4838.36
1705           4677.05        4838.36
1706           4677.05        4838.36
1707           4677.05        4838.36
1708           4677.05        4838.36
1709           4677.05        4838.36
1710           4677.05        4838.36
1711           4677.05        4838.36
1712           4677.05        4838.36
1713           4677.05        4838.36
1714           4677.05        4838.36
1715           4677.05        4838.36
1716           4677.05        4838.36
1717           4677.05        4838.36
1718           4677.05        4838.36
1719           4677.05        4838.36
1720           4677.05        4838.36
1721           4677.05        4838.36
1722           4677.05        4838.36
1723           4677.05        4838.36
1724           4677.05        4838.36
1725           4677.05        4838.36
1726           4677.05        4838.36
1727           4677.05        4838.36
1728           4677.05        4838.36
1729           4677.05        4838.36
1730           4677.05        4838.36
1731           4677.05        4838.36
1732           4677.05        4838.36
1733           4677.05        4838.36
1734           4677.05        4838.36
1735           4677.05        4838.36
1736           4677.05        4838.36
1737           4677.05        4838.36
1738           4677.05        4838.36
1739           4677.05        4838.36
1740           4677.05        4838.36
1741           4677.05        4838.36
1742           4677.05        4838.36
1743           4677.05        4838.36
1744           4677.05        4838.36
1745           4677.05        4838.36
1746           4677.05        4838.36
1747           4677.05        4838.36
1748           4677.05        4838.36
1749           4677.05        4838.36
1750           4677.05        4838.36
1751           4677.05        4838.36
1752           4677.05        4838.36
1753           4677.05        4838.36
1754           4677.05        4838.36
1755           4677.05        4838.36
1756           4677.05        4838.36
1757           4677.05        4838.36
1758           4677.05        4838.36
1759           4677.05        4838.36
1760           4677.05        4838.36
1761           4677.05        4838.36
1762           4677.05        4838.36
1763           4677.05        4838.36
1764           4677.05        4838.36
1765           4677.05        4838.36
1766           4677.05        4838.36
1767           4677.05        4838.36
1768           4677.05        4838.36
1769           4677.05        4838.36
1770           4677.05        4838.36
1771           4677.05        4838.36
1772           4677.05        4838.36
1773           4677.05        4838.36
1774           4677.05        4838.36
1775           4677.05        4838.36
1776           4677.05        4838.36
1777           4677.05        4838.36
1778           4677.05        4838.36
1779           4677.05        4838.36
1780           4677.05        4838.36
1781           4677.05        4838.36
1782           4677.05        4838.36
1783           4677.05        4838.36
1784           4677.05        4838.36
1785           4677.05        4838.36
1786           4677.05        4838.36
1787           4677.05        4838.36
1788           4677.05        4838.36
1789           4677.05        4838.36
1790           4677.05        4838.36
1791           4677.05        4838.36
1792           4677.05        4838.36
1793           4677.05        4838.36
1794           4677.05        4838.36
1795           4677.05        4838.36
1796           4677.05        4838.36
1797           4677.05        4838.36
1798           4677.05        4838.36
1799           4677.05        4838.36
1800           4677.05        4838.36
1801           4677.05        4838.36
1802           4677.05        4838.36
1803           4677.05        4838.36
1804           4677.05        4838.36
1805           4677.05        4838.36
1806           4677.05        4838.36
1807           4677.05        4838.36
1808           4677.05        4838.36
1809           4677.05        4838.36
1810           4677.05        4838.36
1811           4677.05        4838.36
1812           4677.05        4838.36
1813           4677.05        4838.36
1814           4677.05        4838.36
1815           4677.05        4838.36
1816           4677.05        4838.36
1817           4677.05        4838.36
1818           4677.05        4838.36
1819           4677.05        4838.36
1820           4677.05        4838.36
1821           4677.05        4838.36
1822           4677.05        4838.36
1823           4677.05        4838.36
1824           4677.05        4838.36
1825           4677.05        4838.36
1826           4677.05        4838.36
1827           4677.05        4838.36
1828           4677.05        4838.36
1829           4677.05        4838.36
1830           4677.05        4838.36
1831           4677.05        4838.36
1832           4677.05        4838.36
1833           4677.05        4838.36
1834           4677.05        4838.36
1835           4677.05        4838.36
1836           4677.05        4838.36
1837           4677.05        4838.36
1838           4677.05        4838.36
1839           4677.05        4838.36
1840           4677.05        4838.36
1841           4677.05        4838.36
1842           4677.05        4838.36
1843           4677.05        4838.36
1844           4677.05        4838.36
1845           4677.05        4838.36
1846           4677.05        4838.36
1847           4677.05        4838.36
1848           4677.05        4838.36
1849           4677.05        4838.36
1850           4677.05        4838.36
1851           4677.05        4838.36
1852           4677.05        4838.36
1853           4677.05        4838.36
1854           4677.05        4838.36
1855           4677.05        4838.36
1856           4677.05        4838.36
1857           4677.05        4838.36
1858           4677.05        4838.36
1859           4677.05        4838.36
1860           4677.05        4838.36
1861           4677.05        4838.36
1862           4677.05        4838.36
1863           4677.05        4838.36
1864           4677.05        4838.36
1865           4677.05        4838.36
1866           4677.05        4838.36
1867           4677.05        4838.36
1868           4677.05        4838.36
1869           4677.05        4838.36
1870           4677.05        4838.36
1871           4677.05        4838.36
1872           4677.05        4838.36
1873           4677.05        4838.36
1874           4677.05        4838.36
1875           4677.05        4838.36
1876           4677.05        4838.36
1877           4677.05        4838.36
1878           4677.05        4838.36
1879           4677.05        4838.36
1880           4677.05        4838.36
1881           4677.05        4838.36
1882           4677.05        4838.36
1883           4677.05        4838.36
1884           4677.05        4838.36
1885           4677.05        4838.36
1886           4677.05        4838.36
1887           4677.05        4838.36
1888           4677.05        4838.36
1889           4677.05        4838.36
1890           4677.05        4838.36
1891           4677.05        4838.36
1892           4677.05        4838.36
1893           4677.05        4838.36
1894           4677.05        4838.36
1895           4677.05        4838.36
1896           4677.05        4838.36
1897           4677.05        4838.36
1898           4677.05        4838.36
1899           4677.05        4838.36
1900           4677.05        4838.36
1901           4677.05        4838.36
1902           4677.05        4838.36
1903           4677.05        4838.36
1904           4677.05        4838.36
1905           4677.05        4838.36
1906           4677.05        4838.36
1907           4677.05        4838.36
1908           4677.05        4838.36
1909           4677.05        4838.36
1910           4677.05        4838.36
1911           4677.05        4838.36
1912           4677.05        4838.36
1913           4677.05        4838.36
1914           4677.05        4838.36
1915           4677.05        4838.36
1916           4677.05        4838.36
1917           4677.05        4838.36
1918           4677.05        4838.36
1919           4677.05        4838.36
1920           4677.05        4838.36
1921           4677.05        4838.36
1922           4677.05        4838.36
1923           4677.05        4838.36
1924           4677.05        4838.36
1925           4677.05        4838.36
1926           4677.05        4838.36
1927           4677.05        4838.36
1928           4677.05        4838.36
1929           4677.05        4838.36
1930           4677.05        4838.36
1931           4677.05        4838.36
1932           4677.05        4838.36
1933           4677.05        4838.36
1934           4677.05        4838.36
1935           4677.05        4838.36
1936           4677.05        4838.36
1937           4677.05        4838.36
1938           4677.05        4838.36
1939           4677.05        4838.36
1940           4677.05        4838.36
1941           4677.05        4838.36
1942           4677.05        4838.36
1943           4677.05        4838.36
1944           4677.05        4838.36
1945           4677.05        4838.36
1946           4677.05        4838.36
1947           4677.05        4838.36
1948           4677.05        4838.36
1949           4677.05        4838.36
1950           4677.05        4838.36
1951           4677.05        4838.36
1952           4677.05        4838.36
1953           4677.05        4838.36
1954           4677.05        4838.36
1955           4677.05        4838.36
1956           4677.05        4838.36
1957           4677.05        4838.36
1958           4677.05        4838.36
1959           4677.05        4838.36
1960           4677.05        4838.36
1961           4677.05        4838.36
1962           4677.05        4838.36
1963           4677.05        4838.36
1964           4677.05        4838.36
1965           4677.05        4838.36
1966           4677.05        4838.36
1967           4677.05        4838.36
1968           4677.05        4838.36
1969           4677.05        4838.36
1970           4677.05        4838.36
1971           4677.05        4838.36
1972           4677.05        4838.36
1973           4677.05        4838.36
1974           4677.05        4838.36
1975           4677.05        4838.36
1976           4677.05        4838.36
1977           4677.05        4838.35
1978           4677.05        4838.35
1979           4677.05        4838.35
1980           4677.05        4838.35
1981           4677.05        4838.35
1982           4677.05        4838.35
1983           4677.05        4838.35
1984           4677.05        4838.35
1985           4677.05        4838.35
1986           4677.05        4838.35
1987           4677.05        4838.35
1988           4677.05        4838.35
1989           4677.05        4838.35
1990           4677.05        4838.35
1991           4677.05        4838.35
1992           4677.05        4838.35
1993           4677.05        4838.35
1994           4677.05        4838.35
1995           4677.05        4838.35
1996           4677.05        4838.35
1997           4677.05        4838.35
1998           4677.05        4838.35
1999           4677.05        4838.35
2000           4677.05        4838.35
2001           4677.05        4838.35
2002           4677.05        4838.35
2003           4677.05        4838.35
2004           4677.05        4838.35
2005           4677.05        4838.35
2006           4677.05        4838.35
2007           4677.05        4838.35
2008           4677.05        4838.35
2009           4677.05        4838.35
2010           4677.05        4838.35
2011           4677.05        4838.35
2012           4677.05        4838.35
2013           4677.05        4838.35
2014           4677.05        4838.35
2015           4677.05        4838.35
2016           4677.05        4838.35
2017           4677.05        4838.35
2018           4677.05        4838.35
2019           4677.05        4838.35
2020           4677.05        4838.35
2021           4677.05        4838.35
2022           4677.05        4838.35
2023           4677.05        4838.35
2024           4677.05        4838.35
2025           4677.05        4838.35
2026           4677.05        4838.35
2027           4677.05        4838.35
2028           4677.05        4838.35
2029           4677.05        4838.35
2030           4677.05        4838.35
2031           4677.05        4838.35
2032           4677.05        4838.35
2033           4677.05        4838.35
2034           4677.05        4838.35
2035           4677.05        4838.35
2036           4677.05        4838.35
2037           4677.05        4838.35
2038           4677.05        4838.35
2039           4677.05        4838.35
2040           4677.05        4838.35
2041           4677.05        4838.35
2042           4677.05        4838.35
2043           4677.05        4838.35
2044           4677.05        4838.35
2045           4677.05        4838.35
2046           4677.05        4838.35
2047           4677.05        4838.35
2048           4677.05        4838.35
2049           4677.05        4838.35
2050           4677.05        4838.35
2051           4677.05        4838.35
2052           4677.05        4838.35
2053           4677.05        4838.35
2054           4677.05        4838.35
2055           4677.05        4838.35
2056           4677.05        4838.35
2057           4677.05        4838.35
2058           4677.05        4838.35
2059           4677.05        4838.35
2060           4677.05        4838.35
2061           4677.05        4838.35
2062           4677.05        4838.35
2063           4677.05        4838.35
2064           4677.05        4838.35
2065           4677.05        4838.35
2066           4677.05        4838.35
2067           4677.05        4838.35
2068           4677.05        4838.35
2069           4677.05        4838.35
2070           4677.05        4838.35
2071           4677.05        4838.35
2072           4677.05        4838.35
2073           4677.05        4838.35
2074           4677.05        4838.35
2075           4677.05        4838.35
2076           4677.05        4838.35
2077           4677.05        4838.35
2078           4677.05        4838.35
2079           4677.05        4838.35
2080           4677.05        4838.35
2081           4677.05        4838.35
2082           4677.05        4838.35
2083           4677.05        4838.35
2084           4677.05        4838.35
2085           4677.05        4838.35
2086           4677.05        4838.35
2087           4677.05        4838.35
2088           4677.05        4838.35
2089           4677.05        4838.35
2090           4677.05        4838.35
2091           4677.05        4838.35
2092           4677.05        4838.35
2093           4677.05        4838.35
2094           4677.05        4838.35
2095           4677.05        4838.35
2096           4677.05        4838.35
2097           4677.05        4838.35
2098           4677.05        4838.35
2099           4677.05        4838.35
2100           4677.05        4838.35
2101           4677.05        4838.35
2102           4677.05        4838.35
2103           4677.05        4838.35
2104           4677.05        4838.35
2105           4677.05        4838.35
2106           4677.05        4838.35
2107           4677.05        4838.35
2108           4677.05        4838.35
2109           4677.05        4838.35
2110           4677.05        4838.35
2111           4677.05        4838.35
2112           4677.05        4838.35
2113           4677.05        4838.35
2114           4677.05        4838.35
2115           4677.05        4838.35
2116           4677.05        4838.35
2117           4677.05        4838.35
2118           4677.05        4838.35
2119           4677.05        4838.35
2120           4677.05        4838.35
2121           4677.05        4838.35
2122           4677.05        4838.35
2123           4677.05        4838.35
2124           4677.05        4838.35
2125           4677.05        4838.35
2126           4677.05        4838.35
2127           4677.05        4838.35
2128           4677.05        4838.35
2129           4677.05        4838.35
2130           4677.05        4838.35
2131           4677.05        4838.35
2132           4677.05        4838.35
2133           4677.05        4838.35
2134           4677.05        4838.35
2135           4677.05        4838.35
2136           4677.05        4838.35
2137           4677.05        4838.35
2138           4677.05        4838.35
2139           4677.05        4838.35
2140           4677.05        4838.35
2141           4677.05        4838.35
2142           4677.05        4838.35
2143           4677.05        4838.35
2144           4677.05        4838.35
2145           4677.05        4838.35
2146           4677.05        4838.35
2147           4677.05        4838.35
2148           4677.05        4838.35
2149           4677.05        4838.35
2150           4677.05        4838.35
2151           4677.05        4838.35
2152           4677.05        4838.35
2153           4677.05        4838.35
2154           4677.05        4838.35
2155           4677.05        4838.35
2156           4677.05        4838.35
2157           4677.05        4838.35
2158           4677.05        4838.35
2159           4677.05        4838.35
2160           4677.05        4838.35
2161           4677.05        4838.35
2162           4677.05        4838.35
2163           4677.05        4838.35
2164           4677.05        4838.35
2165           4677.05        4838.35
2166           4677.05        4838.35
2167           4677.05        4838.35
2168           4677.05        4838.35
2169           4677.05        4838.35
2170           4677.05        4838.35
2171           4677.05        4838.35
2172           4677.05        4838.35
2173           4677.05        4838.35
2174           4677.05        4838.35
2175           4677.05        4838.35
2176           4677.05        4838.35
2177           4677.05        4838.35
2178           4677.05        4838.35
2179           4677.05        4838.35
2180           4677.05        4838.35
2181           4677.05        4838.35
2182           4677.05        4838.35
2183           4677.05        4838.35
2184           4677.05        4838.35
2185           4677.05        4838.35
2186           4677.05        4838.35
2187           4677.05        4838.35
2188           4677.05        4838.35
2189           4677.05        4838.35
2190           4677.05        4838.35
2191           4677.05        4838.35
2192           4677.05        4838.35
2193           4677.05        4838.35
2194           4677.05        4838.35
2195           4677.05        4838.35
2196           4677.05        4838.35
2197           4677.05        4838.35
2198           4677.05        4838.35
2199           4677.05        4838.35
2200           4677.05        4838.35
2201           4677.05        4838.35
2202           4677.05        4838.35
2203           4677.05        4838.35
2204           4677.05        4838.35
2205           4677.05        4838.35
2206           4677.05        4838.35
2207           4677.05        4838.35
2208           4677.05        4838.35
2209           4677.05        4838.35
2210           4677.05        4838.35
2211           4677.05        4838.35
2212           4677.05        4838.35
2213           4677.05        4838.35
2214           4677.05        4838.35
2215           4677.05        4838.35
2216           4677.05        4838.35
2217           4677.05        4838.35
2218           4677.05        4838.35
2219           4677.05        4838.35
2220           4677.05        4838.35
2221           4677.05        4838.35
2222           4677.05        4838.35
2223           4677.05        4838.35
2224           4677.05        4838.35
2225           4677.05        4838.35
2226           4677.05        4838.35
2227           4677.05        4838.35
2228           4677.05        4838.35
2229           4677.05        4838.35
2230           4677.05        4838.35
2231           4677.05        4838.35
2232           4677.05        4838.35
2233           4677.05        4838.35
2234           4677.05        4838.35
2235           4677.05        4838.35
2236           4677.05        4838.35
2237           4677.05        4838.35
2238           4677.05        4838.35
2239           4677.05        4838.35
2240           4677.05        4838.35
2241           4677.05        4838.35
2242           4677.05        4838.35
2243           4677.05        4838.35
2244           4677.05        4838.35
2245           4677.05        4838.35
2246           4677.05        4838.35
2247           4677.05        4838.35
2248           4677.05        4838.35
2249           4677.05        4838.35
2250           4677.05        4838.35
2251           4677.05        4838.35
2252           4677.05        4838.35
2253           4677.05        4838.35
2254           4677.05        4838.35
2255           4677.05        4838.35
2256           4677.05        4838.35
2257           4677.05        4838.35
2258           4677.05        4838.35
2259           4677.05        4838.35
2260           4677.05        4838.35
2261           4677.05        4838.35
2262           4677.05        4838.35
2263           4677.05        4838.35
2264           4677.05        4838.35
2265           4677.05        4838.35
2266           4677.05        4838.35
2267           4677.05        4838.35
2268           4677.05        4838.35
2269           4677.05        4838.35
2270           4677.05        4838.35
2271           4677.05        4838.35
2272           4677.05        4838.35
2273           4677.05        4838.35
2274           4677.05        4838.35
2275           4677.05        4838.35
2276           4677.05        4838.35
2277           4677.05        4838.35
2278           4677.05        4838.35
2279           4677.05        4838.35
2280           4677.05        4838.35
2281           4677.05        4838.35
2282           4677.05        4838.35
2283           4677.05        4838.35
2284           4677.05        4838.35
2285           4677.05        4838.35
2286           4677.05        4838.35
2287           4677.05        4838.35
2288           4677.05        4838.35
2289           4677.05        4838.35
2290           4677.05        4838.35
2291           4677.05        4838.35
2292           4677.05        4838.35
2293           4677.05        4838.35
2294           4677.05        4838.35
2295           4677.05        4838.35
2296           4677.05        4838.35
2297           4677.05        4838.35
2298           4677.05        4838.35
2299           4677.05        4838.35
2300           4677.05        4838.35
2301           4677.05        4838.35
2302           4677.05        4838.35
2303           4677.05        4838.35
2304           4677.05        4838.35
2305           4677.05        4838.35
2306           4677.05        4838.35
2307           4677.05        4838.35
2308           4677.05        4838.35
2309           4677.05        4838.35
2310           4677.05        4838.35
2311           4677.05        4838.35
2312           4677.05        4838.35
2313           4677.05        4838.35
2314           4677.05        4838.35
2315           4677.05        4838.35
2316           4677.05        4838.35
2317           4677.05        4838.35
2318           4677.05        4838.35
2319           4677.05        4838.35
2320           4677.05        4838.35
2321           4677.05        4838.35
2322           4677.05        4838.35
2323           4677.05        4838.35
2324           4677.05        4838.35
2325           4677.05        4838.35
2326           4677.05        4838.35
2327           4677.05        4838.35
2328           4677.05        4838.35
2329           4677.05        4838.35
2330           4677.05        4838.35
2331           4677.05        4838.35
2332           4677.05        4838.35
2333           4677.05        4838.35
2334           4677.05        4838.35
2335           4677.05        4838.35
2336           4677.05        4838.35
2337           4677.05        4838.35
2338           4677.05        4838.35
2339           4677.05        4838.35
2340           4677.05        4838.35
2341           4677.05        4838.35
2342           4677.05        4838.35
2343           4677.05        4838.35
2344           4677.05        4838.35
2345           4677.05        4838.35
2346           4677.05        4838.35
2347           4677.05        4838.35
2348           4677.05        4838.35
2349           4677.05        4838.35
2350           4677.05        4838.35
2351           4677.05        4838.35
2352           4677.05        4838.35
2353           4677.05        4838.35
2354           4677.05        4838.35
2355           4677.05        4838.35
2356           4677.05        4838.35
2357           4677.05        4838.35
2358           4677.05        4838.35
2359           4677.05        4838.35
2360           4677.05        4838.35
2361           4677.05        4838.35
2362           4677.05        4838.35
2363           4677.05        4838.35
2364           4677.05        4838.35
2365           4677.05        4838.35
2366           4677.05        4838.35
2367           4677.05        4838.35
2368           4677.05        4838.35
2369           4677.05        4838.35
2370           4677.05        4838.35
2371           4677.05        4838.35
2372           4677.05        4838.35
2373           4677.05        4838.35
2374           4677.05        4838.35
2375           4677.05        4838.35
2376           4677.05        4838.35
2377           4677.05        4838.35
2378           4677.05        4838.35
2379           4677.05        4838.35
2380           4677.05        4838.35
2381           4677.05        4838.35
2382           4677.05        4838.35
2383           4677.05        4838.35
2384           4677.05        4838.35
2385           4677.05        4838.35
2386           4677.05        4838.35
2387           4677.05        4838.35
2388           4677.05        4838.35
2389           4677.05        4838.35
2390           4677.05        4838.35
2391           4677.05        4838.35
2392           4677.05        4838.35
2393           4677.05        4838.35
2394           4677.05        4838.35
2395           4677.05        4838.35
2396           4677.05        4838.35
2397           4677.05        4838.35
2398           4677.05        4838.35
2399           4677.05        4838.35
2400           4677.05        4838.35
2401           4677.05        4838.35
2402           4677.05        4838.35
2403           4677.05        4838.35
2404           4677.05        4838.35
2405           4677.05        4838.35
2406           4677.05        4838.35
2407           4677.05        4838.35
2408           4677.05        4838.35
2409           4677.05        4838.35
2410           4677.05        4838.35
2411           4677.05        4838.35
2412           4677.05        4838.35
2413           4677.05        4838.35
2414           4677.05        4838.35
2415           4677.05        4838.35
2416           4677.05        4838.35
2417           4677.05        4838.35
2418           4677.05        4838.35
2419           4677.05        4838.35
2420           4677.05        4838.35
2421           4677.05        4838.35
2422           4677.05        4838.35
2423           4677.05        4838.35
2424           4677.05        4838.35
2425           4677.05        4838.35
2426           4677.05        4838.35
2427           4677.05        4838.35
2428           4677.05        4838.35
2429           4677.05        4838.35
2430           4677.05        4838.35
2431           4677.05        4838.35
2432           4677.05        4838.35
2433           4677.05        4838.35
2434           4677.05        4838.35
2435           4677.05        4838.35
2436           4677.05        4838.35
2437           4677.05        4838.35
2438           4677.05        4838.35
2439           4677.05        4838.35
2440           4677.05        4838.35
2441           4677.05        4838.35
2442           4677.05        4838.35
2443           4677.05        4838.35
2444           4677.05        4838.35
2445           4677.05        4838.35
2446           4677.05        4838.35
2447           4677.05        4838.35
2448           4677.05        4838.35
2449           4677.05        4838.35
2450           4677.05        4838.35
2451           4677.05        4838.35
2452           4677.05        4838.35
2453           4677.05        4838.35
2454           4677.05        4838.35
2455           4677.05        4838.35
2456           4677.05        4838.35
2457           4677.05        4838.35
2458           4677.05        4838.35
2459           4677.05        4838.35
2460           4677.05        4838.35
2461           4677.05        4838.35
2462           4677.05        4838.35
2463           4677.05        4838.35
2464           4677.05        4838.35
2465           4677.05        4838.35
2466           4677.05        4838.35
2467           4677.05        4838.35
2468           4677.05        4838.35
2469           4677.05        4838.35
2470           4677.05        4838.35
2471           4677.05        4838.35
2472           4677.05        4838.35
2473           4677.05        4838.35
2474           4677.05        4838.35
2475           4677.05        4838.35
2476           4677.05        4838.35
2477           4677.05        4838.35
2478           4677.05        4838.35
2479           4677.05        4838.35
2480           4677.05        4838.35
2481           4677.05        4838.35
2482           4677.05        4838.35
2483           4677.05        4838.35
2484           4677.05        4838.35
2485           4677.05        4838.35
2486           4677.05        4838.35
2487           4677.05        4838.35
2488           4677.05        4838.35
2489           4677.05        4838.35
2490           4677.05        4838.35
2491           4677.05        4838.35
2492           4677.05        4838.35
2493           4677.05        4838.35
2494           4677.05        4838.35
2495           4677.05        4838.35
2496           4677.05        4838.35
2497           4677.05        4838.35
2498           4677.05        4838.35
2499           4677.05        4838.35
2500           4677.05        4838.35
