#ITER       #BEST_FO       #MEDIA_FO
1           6330.01        10105.8
2           5982.09        8213.39
3           5982.09        7631.52
4           5641.99        6973.03
5           5283.73        6206.28
6           5091.78        5951.07
7            5038.4        5659.09
8           5009.96        5509.58
9           5009.96        5419.58
10           4961.09        5364.15
11           4952.59        5285.74
12           4918.09        5229.14
13            4812.9        5171.21
14            4812.9        5125.06
15           4789.33        5070.32
16           4747.47        5032.09
17           4747.47         5009.2
18           4727.09        4976.17
19           4727.09        4961.86
20           4718.18        4943.29
21           4712.79        4925.13
22           4712.79        4916.23
23           4709.35        4909.79
24           4709.35        4901.99
25           4705.36        4898.95
26           4704.77        4891.19
27            4695.2        4887.39
28           4690.54        4882.02
29           4690.54        4881.18
30           4690.54        4876.74
31           4690.54        4870.55
32           4688.01        4867.39
33           4688.01         4865.1
34           4687.02        4864.52
35           4687.02         4862.1
36           4686.96        4860.16
37           4686.96        4858.89
38            4686.3        4857.32
39            4686.3        4856.38
40           4685.55         4855.6
41           4685.55        4855.16
42           4685.55        4854.56
43           4685.55        4854.06
44           4685.25        4852.68
45           4685.25        4852.05
46           4685.25        4851.86
47           4685.25        4851.74
48           4685.25        4851.59
49           4685.25        4851.32
50           4685.25        4851.19
51           4685.25        4850.79
52           4685.25        4850.63
53           4685.25        4850.48
54           4684.84        4850.38
55           4684.84        4850.25
56           4684.25        4850.03
57           4684.25        4849.66
58           4684.25        4849.58
59           4684.25        4849.16
60           4684.25        4848.84
61           4684.25        4848.65
62           4683.74        4848.43
63           4683.74        4847.93
64           4683.74        4847.77
65           4683.72        4847.64
66           4683.72        4847.43
67           4683.67        4847.33
68           4683.08        4847.14
69           4682.81        4846.93
70           4682.67        4846.83
71           4682.67        4846.77
72           4682.67        4846.69
73           4682.29        4846.61
74           4682.04        4846.55
75           4682.04         4846.5
76           4682.04        4846.38
77            4681.9        4846.16
78            4681.9        4845.93
79            4681.9        4845.92
80            4681.9        4845.85
81            4681.9        4845.63
82           4681.84        4845.52
83           4681.84        4845.46
84           4681.84        4845.36
85           4681.84        4845.24
86           4681.84        4845.23
87           4681.56        4845.07
88           4681.56         4844.8
89           4681.56        4844.66
90           4681.56        4844.63
91           4681.56        4844.56
92           4681.56         4844.5
93           4681.56        4844.45
94           4681.56         4844.4
95           4681.56        4844.32
96           4681.47        4844.31
97           4681.47        4844.22
98           4681.47        4844.22
99           4681.47        4844.18
100           4681.18        4844.05
101           4681.18        4843.95
102           4681.18        4843.86
103           4681.18        4843.84
104           4681.18        4843.84
105           4681.18        4843.77
106           4681.18         4843.7
107            4680.7        4843.63
108            4680.7        4843.62
109            4680.7        4843.61
110            4680.7        4843.59
111            4680.7        4843.52
112            4680.7        4843.47
113            4680.7        4843.46
114            4680.7        4843.44
115            4680.7        4843.38
116            4680.7         4843.3
117           4680.51        4843.23
118           4680.29        4843.13
119           4680.29         4843.1
120           4680.29        4843.08
121           4680.29        4843.04
122           4680.29        4842.99
123           4680.29        4842.98
124           4680.07        4842.93
125           4680.07        4842.91
126           4680.07        4842.88
127           4680.07        4842.87
128           4680.07        4842.86
129           4680.07        4842.86
130           4680.07        4842.83
131           4680.07         4842.8
132           4680.07        4842.76
133           4679.85        4842.74
134           4679.85        4842.71
135           4679.85        4842.71
136           4679.85         4842.6
137           4679.85         4842.6
138           4679.85        4842.52
139           4679.85        4842.46
140           4679.85        4842.45
141           4679.85        4842.43
142           4679.85        4842.35
143           4679.85        4842.32
144           4679.85        4842.31
145           4679.85         4842.3
146           4679.85        4842.27
147           4679.56        4842.19
148           4679.56        4842.17
149           4679.56        4842.15
150           4679.56        4842.12
151           4679.56        4842.11
152           4679.53         4842.1
153           4679.53        4842.08
154           4679.53        4842.07
155            4679.5        4842.06
156            4679.5        4842.06
157            4679.5        4842.04
158           4679.45           4842
159           4679.45           4842
160           4679.45           4842
161           4679.45           4842
162           4679.45           4842
163           4679.45           4842
164           4679.45           4842
165           4679.45           4842
166           4679.45           4842
167           4679.45           4842
168           4679.45           4842
169           4679.45        4841.99
170           4679.45        4841.99
171           4679.45        4841.99
172           4679.45        4841.99
173           4679.45        4841.99
174           4679.45        4841.97
175           4679.45        4841.96
176           4679.45        4841.95
177           4679.45        4841.92
178           4679.45         4841.9
179           4679.45         4841.9
180           4679.45         4841.9
181           4679.45        4841.89
182           4679.45        4841.89
183           4679.45        4841.89
184           4679.45        4841.89
185           4679.45        4841.89
186           4679.45        4841.88
187           4679.45        4841.88
188           4679.45        4841.86
189           4679.02        4841.81
190           4679.02        4841.81
191           4679.02        4841.78
192           4679.02        4841.75
193           4679.02        4841.74
194           4679.02        4841.71
195           4679.02        4841.71
196           4679.02        4841.71
197           4679.02         4841.7
198           4679.02        4841.68
199           4679.02        4841.65
200           4679.02        4841.64
201           4679.02        4841.64
202           4679.02        4841.61
203           4679.02         4841.6
204           4679.02        4841.58
205           4679.02        4841.58
206           4679.02        4841.58
207           4679.02        4841.58
208           4679.02        4841.58
209           4679.02        4841.54
210           4679.02        4841.53
211           4678.87        4841.51
212           4678.87        4841.51
213           4678.87        4841.51
214           4678.87        4841.51
215           4678.87        4841.51
216           4678.87        4841.51
217           4678.87        4841.49
218           4678.87        4841.49
219           4678.87        4841.49
220           4678.87        4841.49
221           4678.87        4841.49
222           4678.87        4841.49
223           4678.87        4841.47
224           4678.87        4841.47
225           4678.87        4841.47
226           4678.87        4841.47
227           4678.87        4841.47
228           4678.87        4841.47
229           4678.87        4841.41
230           4678.87        4841.41
231           4678.87         4841.4
232           4678.87         4841.4
233           4678.87         4841.4
234           4678.87         4841.4
235           4678.87         4841.4
236           4678.87         4841.4
237           4678.87         4841.4
238           4678.87         4841.4
239           4678.87         4841.4
240           4678.87         4841.4
241           4678.87         4841.4
242           4678.87         4841.4
243           4678.87         4841.4
244           4678.87         4841.4
245           4678.87         4841.4
246           4678.87         4841.4
247           4678.87         4841.4
248           4678.87         4841.4
249           4678.87        4841.38
250           4678.87        4841.38
251           4678.87        4841.37
252           4678.87        4841.36
253           4678.87        4841.36
254           4678.87        4841.36
255           4678.87        4841.36
256           4678.87        4841.34
257           4678.87        4841.34
258           4678.87        4841.34
259           4678.87        4841.31
260           4678.87        4841.31
261           4678.87        4841.31
262           4678.87        4841.31
263           4678.87        4841.31
264           4678.87        4841.31
265           4678.87        4841.29
266           4678.87        4841.25
267           4678.87        4841.25
268           4678.87        4841.25
269           4678.87        4841.22
270           4678.87        4841.19
271           4678.87        4841.19
272           4678.87        4841.19
273           4678.87        4841.19
274           4678.87        4841.19
275           4678.87        4841.19
276           4678.87        4841.19
277           4678.87        4841.19
278           4678.87        4841.16
279           4678.87        4841.16
280           4678.87        4841.14
281           4678.87        4841.14
282           4678.87        4841.13
283           4678.87        4841.13
284           4678.87        4841.06
285           4678.87        4841.06
286           4678.87        4841.05
287           4678.87        4841.05
288           4678.87        4841.05
289           4678.87        4841.04
290           4678.87        4841.03
291           4678.87        4841.03
292           4678.87        4841.01
293           4678.87        4841.01
294           4678.87        4840.97
295           4678.87        4840.97
296           4678.75        4840.92
297           4678.75        4840.89
298           4678.75        4840.87
299           4678.75        4840.87
300           4678.57        4840.86
301           4678.57        4840.82
302           4678.57         4840.8
303           4678.57        4840.75
304           4678.12        4840.71
305           4678.12        4840.68
306           4678.12        4840.68
307           4678.12        4840.67
308           4678.12        4840.67
309              4678        4840.64
310           4677.86        4840.63
311           4677.86        4840.53
312           4677.86        4840.51
313           4677.86         4840.5
314           4677.86        4840.49
315           4677.86        4840.49
316           4677.86        4840.46
317           4677.86        4840.41
318           4677.86        4840.41
319           4677.86        4840.41
320           4677.86        4840.41
321           4677.86        4840.41
322           4677.86        4840.41
323           4677.86         4840.4
324           4677.86        4840.34
325           4677.86        4840.32
326           4677.86         4840.3
327           4677.77        4840.28
328           4677.77        4840.27
329           4677.77        4840.26
330           4677.77        4840.26
331           4677.77        4840.26
332           4677.77        4840.26
333           4677.75        4840.24
334           4677.75        4840.23
335           4677.75        4840.23
336           4677.75        4840.22
337           4677.75         4840.2
338           4677.75         4840.2
339           4677.75        4840.16
340           4677.75        4840.11
341           4677.75         4840.1
342           4677.75         4840.1
343           4677.75         4840.1
344           4677.75         4840.1
345           4677.75        4840.09
346           4677.75        4840.09
347           4677.75        4840.07
348           4677.75        4840.07
349           4677.75        4840.05
350           4677.75        4840.01
351            4677.6        4839.98
352            4677.6        4839.97
353            4677.6        4839.97
354            4677.6        4839.97
355            4677.6        4839.93
356            4677.6        4839.93
357            4677.6        4839.91
358            4677.6        4839.89
359            4677.6        4839.87
360            4677.6        4839.85
361            4677.6        4839.85
362            4677.6        4839.85
363            4677.6        4839.83
364            4677.6        4839.83
365            4677.6        4839.83
366            4677.6        4839.83
367            4677.6        4839.81
368            4677.6        4839.81
369            4677.6        4839.77
370           4677.56        4839.75
371           4677.56        4839.75
372           4677.56        4839.73
373           4677.56        4839.73
374           4677.56        4839.73
375           4677.56         4839.7
376           4677.56        4839.68
377           4677.56        4839.68
378           4677.56        4839.67
379           4677.56        4839.67
380           4677.56        4839.65
381           4677.56        4839.65
382           4677.56        4839.65
383           4677.56        4839.65
384           4677.56        4839.64
385           4677.45        4839.64
386           4677.45        4839.63
387           4677.45        4839.63
388           4677.45        4839.63
389           4677.45        4839.63
390           4677.45        4839.62
391           4677.45        4839.62
392           4677.45        4839.62
393           4677.45         4839.6
394           4677.45        4839.59
395           4677.45        4839.58
396           4677.45        4839.58
397           4677.45        4839.57
398           4677.45        4839.53
399           4677.45        4839.52
400           4677.45        4839.51
401           4677.45         4839.5
402           4677.45        4839.49
403           4677.45        4839.48
404           4677.45        4839.47
405           4677.45        4839.47
406           4677.45        4839.47
407           4677.45        4839.47
408           4677.45        4839.47
409           4677.45        4839.47
410           4677.45        4839.43
411           4677.45        4839.43
412           4677.45        4839.43
413           4677.45        4839.42
414           4677.45        4839.42
415           4677.45        4839.42
416           4677.45        4839.42
417           4677.45        4839.41
418           4677.45         4839.4
419           4677.45         4839.4
420           4677.45         4839.4
421           4677.45         4839.4
422           4677.45         4839.4
423           4677.45         4839.4
424           4677.45         4839.4
425           4677.45         4839.4
426           4677.45         4839.4
427            4677.4        4839.37
428            4677.4        4839.36
429            4677.4        4839.35
430            4677.4        4839.35
431            4677.4        4839.35
432            4677.4        4839.35
433            4677.4        4839.35
434            4677.4        4839.35
435            4677.4        4839.35
436            4677.4        4839.35
437            4677.4        4839.35
438            4677.4        4839.35
439            4677.4        4839.35
440            4677.4        4839.35
441            4677.4        4839.33
442            4677.4        4839.33
443            4677.4        4839.31
444            4677.4        4839.31
445            4677.4         4839.3
446            4677.4        4839.29
447            4677.4        4839.29
448            4677.4        4839.29
449            4677.4        4839.29
450            4677.4        4839.25
451            4677.4        4839.24
452            4677.4        4839.24
453            4677.4        4839.24
454            4677.4        4839.23
455            4677.4        4839.22
456            4677.4        4839.22
457            4677.4        4839.22
458            4677.4        4839.22
459            4677.4        4839.22
460            4677.4        4839.22
461            4677.4        4839.19
462            4677.4        4839.18
463            4677.4        4839.18
464            4677.4        4839.16
465            4677.4        4839.16
466            4677.4        4839.16
467            4677.4        4839.16
468            4677.4        4839.15
469            4677.4        4839.15
470            4677.4        4839.15
471            4677.4        4839.15
472            4677.4        4839.14
473            4677.4        4839.14
474            4677.4        4839.14
475            4677.4        4839.14
476            4677.4        4839.13
477            4677.4        4839.12
478            4677.4        4839.12
479            4677.4        4839.12
480            4677.4         4839.1
481            4677.4        4839.09
482            4677.4        4839.09
483            4677.4        4839.09
484            4677.4        4839.08
485            4677.4        4839.08
486            4677.4        4839.08
487            4677.4        4839.08
488            4677.4        4839.08
489            4677.4        4839.08
490            4677.4        4839.08
491            4677.4        4839.08
492            4677.4        4839.08
493            4677.4        4839.07
494            4677.4        4839.07
495            4677.4        4839.07
496            4677.4        4839.07
497            4677.4        4839.07
498            4677.4        4839.07
499            4677.4        4839.07
500            4677.4        4839.07
501            4677.4        4839.06
502            4677.4        4839.06
503            4677.4        4839.06
504            4677.4        4839.06
505            4677.4        4839.05
506            4677.4        4839.05
507            4677.4        4839.03
508            4677.4        4839.03
509            4677.4        4839.03
510            4677.4        4839.03
511            4677.4        4839.03
512           4677.35        4839.03
513           4677.35        4839.03
514           4677.35        4839.02
515           4677.35        4839.02
516           4677.35        4839.02
517           4677.34        4839.01
518           4677.34        4839.01
519           4677.34        4839.01
520           4677.34        4839.01
521           4677.34        4839.01
522           4677.34        4839.01
523           4677.34        4839.01
524           4677.34        4839.01
525           4677.34        4839.01
526           4677.34        4839.01
527           4677.34        4839.01
528           4677.34        4839.01
529           4677.34           4839
530           4677.34           4839
531           4677.34           4839
532           4677.34           4839
533           4677.34           4839
534           4677.34           4839
535           4677.34           4839
536           4677.34           4839
537           4677.34           4839
538           4677.34           4839
539           4677.34           4839
540           4677.34           4839
541           4677.34        4838.99
542           4677.34        4838.99
543           4677.34        4838.98
544           4677.34        4838.98
545           4677.34        4838.98
546           4677.34        4838.98
547           4677.34        4838.98
548           4677.34        4838.97
549           4677.34        4838.97
550           4677.34        4838.97
551           4677.34        4838.97
552           4677.34        4838.97
553           4677.34        4838.96
554           4677.34        4838.96
555           4677.34        4838.96
556           4677.34        4838.96
557           4677.34        4838.96
558           4677.34        4838.96
559           4677.34        4838.96
560           4677.34        4838.96
561           4677.34        4838.96
562           4677.34        4838.96
563           4677.34        4838.96
564           4677.34        4838.96
565           4677.34        4838.96
566           4677.34        4838.96
567           4677.34        4838.96
568           4677.34        4838.95
569           4677.34        4838.95
570           4677.34        4838.95
571           4677.34        4838.95
572           4677.34        4838.95
573           4677.34        4838.95
574           4677.34        4838.95
575           4677.34        4838.95
576            4677.3        4838.95
577            4677.3        4838.95
578            4677.3        4838.95
579            4677.3        4838.95
580            4677.3        4838.95
581            4677.3        4838.95
582            4677.3        4838.95
583            4677.3        4838.93
584            4677.3        4838.93
585            4677.3        4838.93
586            4677.3        4838.93
587            4677.3        4838.93
588            4677.3        4838.91
589            4677.3        4838.91
590            4677.3        4838.91
591            4677.3        4838.91
592            4677.3        4838.91
593            4677.3        4838.91
594            4677.3        4838.91
595            4677.3        4838.91
596            4677.3        4838.91
597            4677.3        4838.91
598            4677.3        4838.91
599            4677.3        4838.91
600            4677.3        4838.91
601            4677.3        4838.91
602            4677.3        4838.91
603            4677.3        4838.91
604            4677.3         4838.9
605            4677.3         4838.9
606            4677.3        4838.89
607            4677.3        4838.89
608            4677.3        4838.88
609            4677.3        4838.88
610            4677.3        4838.88
611            4677.3        4838.88
612            4677.3        4838.88
613            4677.3        4838.88
614            4677.3        4838.88
615            4677.3        4838.88
616            4677.3        4838.87
617            4677.3        4838.87
618            4677.3        4838.87
619            4677.3        4838.87
620            4677.3        4838.87
621            4677.3        4838.86
622            4677.3        4838.86
623            4677.3        4838.86
624            4677.3        4838.86
625           4677.25        4838.86
626           4677.25        4838.86
627           4677.25        4838.86
628           4677.25        4838.86
629           4677.25        4838.86
630           4677.25        4838.86
631           4677.25        4838.86
632           4677.25        4838.86
633           4677.25        4838.86
634           4677.25        4838.86
635           4677.25        4838.86
636           4677.25        4838.86
637           4677.25        4838.86
638           4677.25        4838.86
639           4677.25        4838.86
640           4677.25        4838.86
641           4677.25        4838.86
642           4677.25        4838.86
643           4677.25        4838.86
644           4677.25        4838.86
645           4677.25        4838.86
646           4677.25        4838.86
647           4677.25        4838.86
648           4677.25        4838.86
649           4677.25        4838.85
650           4677.25        4838.85
651           4677.25        4838.84
652           4677.25        4838.84
653           4677.25        4838.84
654           4677.25        4838.84
655           4677.25        4838.84
656           4677.25        4838.84
657           4677.25        4838.84
658           4677.25        4838.84
659           4677.25        4838.83
660           4677.25        4838.83
661           4677.25        4838.83
662           4677.25        4838.83
663           4677.25        4838.83
664           4677.25        4838.82
665           4677.25        4838.82
666           4677.25        4838.82
667           4677.25        4838.82
668           4677.25        4838.82
669           4677.25        4838.82
670           4677.25        4838.81
671           4677.25        4838.81
672           4677.25        4838.81
673           4677.25        4838.79
674           4677.25        4838.79
675           4677.25        4838.79
676           4677.25        4838.79
677           4677.25        4838.79
678           4677.25        4838.79
679           4677.25        4838.79
680           4677.25        4838.79
681           4677.25        4838.79
682           4677.25        4838.79
683           4677.25        4838.79
684           4677.25        4838.79
685           4677.25        4838.78
686           4677.25        4838.77
687           4677.25        4838.77
688           4677.25        4838.77
689           4677.25        4838.77
690           4677.25        4838.77
691           4677.25        4838.77
692           4677.25        4838.77
693           4677.25        4838.77
694           4677.25        4838.76
695           4677.25        4838.76
696           4677.25        4838.76
697           4677.25        4838.76
698           4677.25        4838.76
699           4677.25        4838.76
700           4677.25        4838.76
701           4677.25        4838.75
702           4677.25        4838.74
703           4677.25        4838.74
704           4677.25        4838.74
705           4677.25        4838.74
706           4677.24        4838.73
707           4677.24        4838.73
708           4677.24        4838.73
709           4677.24        4838.73
710           4677.24        4838.73
711           4677.24        4838.73
712           4677.24        4838.73
713           4677.24        4838.73
714           4677.24        4838.73
715           4677.24        4838.73
716           4677.24        4838.73
717           4677.24        4838.73
718           4677.24        4838.73
719           4677.24        4838.73
720           4677.24        4838.73
721           4677.24        4838.73
722           4677.24        4838.73
723           4677.24        4838.73
724           4677.24        4838.73
725           4677.24        4838.73
726           4677.24        4838.73
727           4677.24        4838.73
728           4677.24        4838.73
729           4677.24        4838.73
730           4677.24        4838.73
731           4677.24        4838.73
732           4677.24        4838.73
733           4677.24        4838.73
734           4677.24        4838.73
735           4677.24        4838.73
736           4677.24        4838.73
737           4677.24        4838.73
738           4677.24        4838.73
739           4677.24        4838.73
740           4677.24        4838.73
741           4677.24        4838.73
742           4677.24        4838.72
743           4677.24        4838.72
744           4677.24        4838.72
745           4677.24        4838.72
746           4677.24        4838.72
747           4677.24        4838.72
748           4677.24        4838.72
749           4677.24        4838.72
750           4677.24        4838.72
751           4677.24        4838.72
752           4677.24        4838.72
753           4677.24        4838.72
754           4677.24        4838.72
755           4677.24        4838.72
756           4677.24        4838.72
757           4677.24        4838.72
758           4677.24        4838.72
759           4677.24        4838.72
760           4677.24        4838.72
761           4677.24        4838.72
762           4677.24        4838.72
763           4677.24        4838.72
764           4677.24        4838.71
765           4677.24        4838.71
766           4677.24        4838.71
767           4677.24        4838.71
768           4677.24        4838.71
769           4677.24        4838.71
770           4677.24        4838.71
771           4677.24        4838.71
772           4677.24        4838.71
773           4677.24        4838.71
774           4677.24        4838.71
775           4677.22         4838.7
776           4677.22         4838.7
777           4677.22         4838.7
778           4677.22         4838.7
779           4677.22         4838.7
780           4677.22         4838.7
781           4677.22         4838.7
782           4677.22         4838.7
783           4677.22         4838.7
784           4677.22         4838.7
785           4677.22         4838.7
786           4677.22         4838.7
787           4677.22         4838.7
788           4677.22         4838.7
789           4677.22         4838.7
790           4677.22         4838.7
791           4677.22         4838.7
792           4677.22         4838.7
793           4677.22         4838.7
794           4677.22         4838.7
795           4677.22         4838.7
796           4677.22         4838.7
797           4677.22         4838.7
798           4677.22         4838.7
799           4677.22         4838.7
800           4677.22         4838.7
801           4677.22         4838.7
802           4677.22         4838.7
803           4677.22         4838.7
804           4677.22         4838.7
805           4677.22         4838.7
806           4677.22         4838.7
807           4677.22         4838.7
808           4677.22         4838.7
809           4677.22         4838.7
810           4677.22         4838.7
811           4677.22         4838.7
812           4677.22         4838.7
813           4677.22         4838.7
814           4677.22        4838.69
815           4677.22        4838.69
816           4677.22        4838.69
817           4677.22        4838.69
818           4677.22        4838.69
819           4677.22        4838.69
820           4677.22        4838.69
821           4677.22        4838.69
822           4677.22        4838.69
823           4677.22        4838.69
824           4677.22        4838.68
825           4677.22        4838.68
826           4677.22        4838.68
827           4677.22        4838.68
828           4677.22        4838.68
829           4677.22        4838.68
830           4677.22        4838.68
831           4677.22        4838.68
832           4677.22        4838.68
833           4677.22        4838.68
834           4677.22        4838.68
835           4677.22        4838.68
836           4677.22        4838.68
837           4677.22        4838.68
838           4677.22        4838.68
839           4677.22        4838.68
840           4677.22        4838.68
841           4677.22        4838.68
842           4677.22        4838.68
843           4677.22        4838.68
844           4677.22        4838.68
845           4677.22        4838.68
846           4677.22        4838.68
847           4677.22        4838.68
848           4677.22        4838.68
849           4677.22        4838.68
850           4677.22        4838.68
851           4677.22        4838.68
852           4677.22        4838.68
853           4677.22        4838.67
854           4677.22        4838.67
855           4677.22        4838.67
856           4677.22        4838.67
857           4677.22        4838.67
858            4677.2        4838.67
859            4677.2        4838.67
860            4677.2        4838.67
861            4677.2        4838.67
862            4677.2        4838.67
863            4677.2        4838.67
864            4677.2        4838.67
865            4677.2        4838.67
866            4677.2        4838.67
867            4677.2        4838.67
868            4677.2        4838.67
869            4677.2        4838.67
870            4677.2        4838.67
871            4677.2        4838.67
872            4677.2        4838.67
873            4677.2        4838.67
874            4677.2        4838.67
875            4677.2        4838.67
876            4677.2        4838.67
877            4677.2        4838.67
878            4677.2        4838.67
879            4677.2        4838.67
880            4677.2        4838.67
881            4677.2        4838.67
882            4677.2        4838.67
883            4677.2        4838.67
884            4677.2        4838.67
885            4677.2        4838.67
886            4677.2        4838.67
887            4677.2        4838.67
888            4677.2        4838.67
889            4677.2        4838.67
890            4677.2        4838.67
891            4677.2        4838.67
892            4677.2        4838.67
893            4677.2        4838.67
894            4677.2        4838.67
895            4677.2        4838.66
896            4677.2        4838.66
897            4677.2        4838.66
898            4677.2        4838.66
899            4677.2        4838.66
900            4677.2        4838.66
901            4677.2        4838.66
902            4677.2        4838.66
903            4677.2        4838.66
904            4677.2        4838.66
905            4677.2        4838.66
906            4677.2        4838.66
907            4677.2        4838.66
908            4677.2        4838.66
909            4677.2        4838.66
910            4677.2        4838.66
911            4677.2        4838.66
912            4677.2        4838.66
913            4677.2        4838.66
914            4677.2        4838.66
915            4677.2        4838.65
916            4677.2        4838.65
917            4677.2        4838.65
918            4677.2        4838.65
919            4677.2        4838.65
920            4677.2        4838.65
921            4677.2        4838.65
922            4677.2        4838.65
923            4677.2        4838.65
924            4677.2        4838.65
925            4677.2        4838.65
926            4677.2        4838.64
927            4677.2        4838.64
928            4677.2        4838.64
929            4677.2        4838.64
930            4677.2        4838.64
931            4677.2        4838.64
932            4677.2        4838.64
933            4677.2        4838.64
934            4677.2        4838.64
935            4677.2        4838.64
936            4677.2        4838.64
937            4677.2        4838.64
938            4677.2        4838.64
939            4677.2        4838.64
940            4677.2        4838.64
941            4677.2        4838.64
942            4677.2        4838.64
943            4677.2        4838.64
944            4677.2        4838.64
945            4677.2        4838.64
946            4677.2        4838.64
947            4677.2        4838.64
948            4677.2        4838.64
949            4677.2        4838.64
950           4677.19        4838.63
951           4677.19        4838.63
952           4677.19        4838.63
953           4677.19        4838.63
954           4677.19        4838.63
955           4677.19        4838.63
956           4677.19        4838.63
957           4677.19        4838.63
958           4677.19        4838.63
959           4677.19        4838.63
960           4677.19        4838.63
961           4677.19        4838.63
962           4677.19        4838.63
963           4677.19        4838.63
964           4677.19        4838.63
965           4677.19        4838.63
966           4677.14        4838.62
967           4677.14        4838.62
968           4677.14        4838.62
969           4677.14        4838.62
970           4677.14        4838.62
971           4677.14        4838.62
972           4677.14        4838.62
973           4677.14        4838.62
974           4677.14        4838.62
975           4677.14        4838.62
976           4677.14        4838.62
977           4677.14        4838.62
978           4677.14        4838.62
979           4677.14        4838.62
980           4677.13        4838.62
981           4677.13        4838.62
982           4677.13        4838.62
983           4677.13        4838.62
984           4677.13        4838.62
985           4677.13        4838.62
986           4677.13        4838.62
987           4677.13        4838.62
988           4677.13        4838.62
989           4677.13        4838.62
990           4677.13        4838.62
991           4677.13        4838.62
992           4677.13        4838.62
993           4677.13        4838.62
994           4677.13        4838.62
995           4677.13        4838.62
996           4677.13        4838.61
997           4677.13        4838.61
998           4677.13        4838.61
999           4677.13        4838.61
1000           4677.13        4838.61
1001           4677.13        4838.61
1002           4677.13        4838.61
1003           4677.13        4838.61
1004           4677.13        4838.61
1005           4677.13        4838.61
1006           4677.13        4838.61
1007           4677.13        4838.61
1008           4677.13        4838.61
1009           4677.13        4838.61
1010           4677.13        4838.61
1011           4677.13        4838.61
1012           4677.13        4838.61
1013           4677.13        4838.61
1014           4677.13        4838.61
1015           4677.13        4838.61
1016           4677.13        4838.61
1017           4677.13        4838.61
1018           4677.11        4838.61
1019           4677.11        4838.61
1020           4677.11        4838.61
1021           4677.11        4838.61
1022           4677.11        4838.61
1023           4677.11        4838.61
1024           4677.11        4838.61
1025           4677.11        4838.61
1026           4677.11        4838.61
1027           4677.11        4838.61
1028           4677.11        4838.61
1029           4677.11        4838.61
1030           4677.11        4838.61
1031           4677.11        4838.61
1032           4677.11        4838.61
1033           4677.07         4838.6
1034           4677.07         4838.6
1035           4677.07         4838.6
1036           4677.07         4838.6
1037           4677.07         4838.6
1038           4677.07         4838.6
1039           4677.07         4838.6
1040           4677.07         4838.6
1041           4677.07         4838.6
1042           4677.07         4838.6
1043           4677.07         4838.6
1044           4677.07         4838.6
1045           4677.07         4838.6
1046           4677.07         4838.6
1047           4677.01         4838.6
1048           4677.01         4838.6
1049           4677.01         4838.6
1050           4677.01         4838.6
1051           4677.01         4838.6
1052           4677.01         4838.6
1053           4677.01         4838.6
1054           4677.01         4838.6
1055           4677.01         4838.6
1056           4677.01         4838.6
1057           4677.01         4838.6
1058           4677.01         4838.6
1059           4677.01         4838.6
1060           4677.01         4838.6
1061           4677.01         4838.6
1062           4677.01         4838.6
1063           4677.01         4838.6
1064           4677.01         4838.6
1065           4677.01        4838.59
1066           4677.01        4838.59
1067           4677.01        4838.59
1068           4677.01        4838.59
1069           4677.01        4838.59
1070           4677.01        4838.59
1071           4677.01        4838.59
1072           4677.01        4838.59
1073           4677.01        4838.59
1074           4677.01        4838.59
1075           4677.01        4838.59
1076           4677.01        4838.59
1077           4677.01        4838.59
1078           4677.01        4838.59
1079           4677.01        4838.59
1080           4677.01        4838.59
1081           4677.01        4838.59
1082           4677.01        4838.59
1083           4677.01        4838.59
1084           4677.01        4838.59
1085           4677.01        4838.59
1086           4677.01        4838.59
1087           4677.01        4838.59
1088           4677.01        4838.59
1089           4677.01        4838.59
1090           4677.01        4838.59
1091           4677.01        4838.59
1092           4677.01        4838.59
1093           4677.01        4838.59
1094           4677.01        4838.59
1095           4677.01        4838.59
1096           4677.01        4838.59
1097           4677.01        4838.59
1098           4677.01        4838.59
1099           4677.01        4838.59
1100           4677.01        4838.59
1101           4677.01        4838.59
1102           4677.01        4838.59
1103           4677.01        4838.59
1104           4677.01        4838.59
1105           4677.01        4838.59
1106           4677.01        4838.59
1107           4677.01        4838.59
1108           4677.01        4838.59
1109           4677.01        4838.59
1110           4677.01        4838.59
1111           4677.01        4838.59
1112           4677.01        4838.59
1113           4677.01        4838.59
1114           4677.01        4838.59
1115           4677.01        4838.59
1116           4677.01        4838.59
1117           4677.01        4838.59
1118           4677.01        4838.59
1119           4677.01        4838.59
1120           4677.01        4838.59
1121           4677.01        4838.59
1122           4677.01        4838.58
1123           4677.01        4838.58
1124           4677.01        4838.58
1125           4677.01        4838.58
1126           4677.01        4838.58
1127           4677.01        4838.58
1128           4677.01        4838.58
1129           4677.01        4838.58
1130           4677.01        4838.58
1131           4677.01        4838.58
1132           4677.01        4838.58
1133           4677.01        4838.58
1134           4677.01        4838.58
1135           4677.01        4838.58
1136           4677.01        4838.58
1137           4677.01        4838.58
1138           4677.01        4838.58
1139           4677.01        4838.58
1140           4677.01        4838.58
1141           4677.01        4838.58
1142           4677.01        4838.58
1143           4677.01        4838.58
1144           4677.01        4838.58
1145           4677.01        4838.58
1146           4677.01        4838.58
1147           4677.01        4838.58
1148           4677.01        4838.58
1149           4677.01        4838.58
1150           4677.01        4838.58
1151           4677.01        4838.58
1152           4677.01        4838.58
1153           4677.01        4838.58
1154           4677.01        4838.58
1155           4677.01        4838.58
1156           4677.01        4838.58
1157           4677.01        4838.58
1158           4677.01        4838.58
1159           4677.01        4838.58
1160           4677.01        4838.58
1161           4677.01        4838.58
1162           4677.01        4838.58
1163           4677.01        4838.57
1164           4677.01        4838.57
1165           4677.01        4838.57
1166           4677.01        4838.57
1167           4677.01        4838.57
1168           4677.01        4838.57
1169           4677.01        4838.57
1170           4677.01        4838.57
1171           4677.01        4838.57
1172           4677.01        4838.57
1173           4677.01        4838.57
1174           4677.01        4838.57
1175           4677.01        4838.57
1176           4677.01        4838.57
1177           4677.01        4838.57
1178           4677.01        4838.57
1179           4677.01        4838.57
1180           4677.01        4838.57
1181           4677.01        4838.57
1182           4677.01        4838.57
1183           4677.01        4838.57
1184           4677.01        4838.57
1185           4677.01        4838.57
1186           4677.01        4838.57
1187           4677.01        4838.57
1188           4677.01        4838.57
1189           4677.01        4838.57
1190           4677.01        4838.57
1191           4677.01        4838.57
1192           4677.01        4838.57
1193           4677.01        4838.57
1194           4677.01        4838.57
1195           4677.01        4838.57
1196           4677.01        4838.57
1197           4677.01        4838.57
1198           4677.01        4838.57
1199           4677.01        4838.57
1200           4677.01        4838.57
1201           4677.01        4838.57
1202           4677.01        4838.57
1203           4677.01        4838.57
1204           4677.01        4838.56
1205           4677.01        4838.56
1206           4677.01        4838.56
1207           4677.01        4838.56
1208           4677.01        4838.56
1209           4677.01        4838.55
1210           4677.01        4838.55
1211           4677.01        4838.55
1212           4677.01        4838.55
1213           4677.01        4838.55
1214           4677.01        4838.55
1215           4677.01        4838.55
1216           4677.01        4838.55
1217           4677.01        4838.55
1218           4677.01        4838.55
1219           4677.01        4838.55
1220           4677.01        4838.55
1221           4677.01        4838.55
1222           4677.01        4838.55
1223           4677.01        4838.55
1224           4677.01        4838.55
1225           4677.01        4838.55
1226           4677.01        4838.55
1227           4677.01        4838.55
1228           4677.01        4838.55
1229           4677.01        4838.55
1230           4677.01        4838.55
1231           4677.01        4838.55
1232           4677.01        4838.55
1233           4677.01        4838.55
1234           4677.01        4838.55
1235           4677.01        4838.55
1236           4677.01        4838.55
1237           4677.01        4838.55
1238           4677.01        4838.55
1239           4677.01        4838.55
1240           4677.01        4838.55
1241           4677.01        4838.55
1242           4677.01        4838.55
1243           4677.01        4838.54
1244           4677.01        4838.54
1245           4677.01        4838.54
1246           4677.01        4838.54
1247           4677.01        4838.54
1248           4677.01        4838.54
1249           4677.01        4838.54
1250           4677.01        4838.54
1251           4677.01        4838.54
1252           4677.01        4838.54
1253           4677.01        4838.54
1254           4677.01        4838.54
1255           4677.01        4838.54
1256           4677.01        4838.54
1257           4677.01        4838.54
1258           4677.01        4838.54
1259           4677.01        4838.54
1260           4677.01        4838.54
1261           4677.01        4838.54
1262           4677.01        4838.54
1263           4677.01        4838.54
1264           4677.01        4838.54
1265           4677.01        4838.54
1266           4677.01        4838.54
1267           4677.01        4838.54
1268           4677.01        4838.53
1269           4677.01        4838.53
1270           4677.01        4838.53
1271           4677.01        4838.53
1272           4677.01        4838.53
1273           4677.01        4838.53
1274           4677.01        4838.53
1275           4677.01        4838.53
1276           4677.01        4838.53
1277           4677.01        4838.53
1278           4677.01        4838.53
1279           4677.01        4838.52
1280           4677.01        4838.52
1281           4677.01        4838.52
1282           4677.01        4838.51
1283           4677.01        4838.51
1284           4677.01        4838.51
1285           4677.01        4838.51
1286           4677.01        4838.51
1287           4677.01        4838.51
1288           4677.01        4838.51
1289           4677.01         4838.5
1290           4677.01         4838.5
1291           4677.01         4838.5
1292           4677.01         4838.5
1293           4677.01        4838.49
1294           4677.01        4838.49
1295           4677.01        4838.49
1296           4677.01        4838.49
1297           4677.01        4838.49
1298           4677.01        4838.49
1299              4677        4838.49
1300              4677        4838.49
1301              4677        4838.49
1302              4677        4838.49
1303              4677        4838.49
1304              4677        4838.49
1305              4677        4838.49
1306              4677        4838.49
1307              4677        4838.49
1308              4677        4838.49
1309              4677        4838.48
1310              4677        4838.48
1311              4677        4838.48
1312              4677        4838.48
1313              4677        4838.48
1314              4677        4838.48
1315              4677        4838.47
1316              4677        4838.47
1317              4677        4838.47
1318              4677        4838.47
1319              4677        4838.47
1320              4677        4838.47
1321              4677        4838.47
1322              4677        4838.47
1323              4677        4838.47
1324              4677        4838.47
1325              4677        4838.47
1326              4677        4838.47
1327              4677        4838.47
1328              4677        4838.47
1329              4677        4838.47
1330              4677        4838.47
1331              4677        4838.47
1332              4677        4838.47
1333              4677        4838.47
1334              4677        4838.47
1335              4677        4838.47
1336              4677        4838.47
1337              4677        4838.47
1338              4677        4838.47
1339              4677        4838.47
1340              4677        4838.47
1341              4677        4838.47
1342              4677        4838.47
1343              4677        4838.47
1344              4677        4838.47
1345              4677        4838.47
1346              4677        4838.46
1347              4677        4838.46
1348              4677        4838.46
1349              4677        4838.46
1350              4677        4838.46
1351              4677        4838.46
1352              4677        4838.46
1353              4677        4838.46
1354              4677        4838.46
1355              4677        4838.46
1356              4677        4838.46
1357              4677        4838.46
1358              4677        4838.46
1359              4677        4838.46
1360              4677        4838.46
1361              4677        4838.46
1362              4677        4838.46
1363              4677        4838.46
1364              4677        4838.46
1365              4677        4838.46
1366              4677        4838.46
1367              4677        4838.46
1368              4677        4838.46
1369              4677        4838.46
1370              4677        4838.46
1371              4677        4838.46
1372              4677        4838.46
1373              4677        4838.46
1374              4677        4838.46
1375              4677        4838.46
1376              4677        4838.46
1377              4677        4838.46
1378              4677        4838.46
1379              4677        4838.46
1380              4677        4838.46
1381              4677        4838.46
1382              4677        4838.46
1383              4677        4838.46
1384              4677        4838.46
1385              4677        4838.46
1386              4677        4838.46
1387              4677        4838.46
1388              4677        4838.46
1389              4677        4838.46
1390              4677        4838.46
1391              4677        4838.46
1392              4677        4838.46
1393              4677        4838.46
1394              4677        4838.46
1395              4677        4838.46
1396              4677        4838.46
1397              4677        4838.46
1398              4677        4838.46
1399              4677        4838.46
1400              4677        4838.46
1401              4677        4838.46
1402              4677        4838.46
1403              4677        4838.46
1404              4677        4838.46
1405              4677        4838.46
1406              4677        4838.46
1407              4677        4838.46
1408              4677        4838.46
1409              4677        4838.46
1410              4677        4838.46
1411              4677        4838.46
1412              4677        4838.46
1413              4677        4838.46
1414              4677        4838.46
1415              4677        4838.46
1416              4677        4838.46
1417              4677        4838.46
1418              4677        4838.46
1419              4677        4838.46
1420              4677        4838.46
1421              4677        4838.46
1422              4677        4838.46
1423              4677        4838.46
1424              4677        4838.46
1425              4677        4838.46
1426              4677        4838.46
1427              4677        4838.46
1428              4677        4838.46
1429              4677        4838.46
1430              4677        4838.46
1431              4677        4838.46
1432              4677        4838.45
1433              4677        4838.45
1434              4677        4838.45
1435              4677        4838.45
1436              4677        4838.45
1437              4677        4838.45
1438              4677        4838.45
1439              4677        4838.45
1440              4677        4838.45
1441              4677        4838.45
1442              4677        4838.45
1443              4677        4838.45
1444              4677        4838.45
1445              4677        4838.45
1446              4677        4838.45
1447              4677        4838.45
1448              4677        4838.45
1449              4677        4838.45
1450              4677        4838.45
1451              4677        4838.45
1452              4677        4838.44
1453              4677        4838.44
1454              4677        4838.44
1455              4677        4838.44
1456              4677        4838.44
1457              4677        4838.44
1458              4677        4838.44
1459              4677        4838.44
1460              4677        4838.44
1461              4677        4838.44
1462              4677        4838.44
1463              4677        4838.44
1464              4677        4838.44
1465              4677        4838.44
1466              4677        4838.44
1467              4677        4838.44
1468              4677        4838.44
1469              4677        4838.44
1470              4677        4838.44
1471              4677        4838.44
1472              4677        4838.44
1473              4677        4838.44
1474              4677        4838.44
1475              4677        4838.44
1476              4677        4838.44
1477              4677        4838.44
1478              4677        4838.44
1479              4677        4838.44
1480              4677        4838.44
1481              4677        4838.44
1482              4677        4838.44
1483              4677        4838.44
1484              4677        4838.44
1485              4677        4838.44
1486              4677        4838.44
1487              4677        4838.44
1488              4677        4838.44
1489              4677        4838.44
1490              4677        4838.44
1491              4677        4838.44
1492              4677        4838.44
1493              4677        4838.44
1494              4677        4838.44
1495              4677        4838.44
1496              4677        4838.44
1497              4677        4838.44
1498              4677        4838.44
1499              4677        4838.43
1500              4677        4838.43
1501              4677        4838.43
1502              4677        4838.43
1503              4677        4838.43
1504              4677        4838.43
1505              4677        4838.43
1506              4677        4838.43
1507              4677        4838.43
1508              4677        4838.43
1509              4677        4838.43
1510              4677        4838.43
1511              4677        4838.43
1512              4677        4838.43
1513              4677        4838.43
1514              4677        4838.43
1515              4677        4838.43
1516              4677        4838.42
1517              4677        4838.42
1518              4677        4838.42
1519              4677        4838.42
1520              4677        4838.42
1521              4677        4838.42
1522              4677        4838.42
1523              4677        4838.42
1524              4677        4838.42
1525              4677        4838.42
1526              4677        4838.42
1527              4677        4838.42
1528              4677        4838.42
1529              4677        4838.42
1530              4677        4838.42
1531              4677        4838.42
1532              4677        4838.42
1533              4677        4838.42
1534              4677        4838.42
1535              4677        4838.42
1536              4677        4838.42
1537              4677        4838.42
1538              4677        4838.42
1539              4677        4838.42
1540              4677        4838.42
1541              4677        4838.42
1542              4677        4838.42
1543              4677        4838.42
1544              4677        4838.42
1545              4677        4838.42
1546              4677        4838.42
1547              4677        4838.42
1548              4677        4838.42
1549              4677        4838.42
1550              4677        4838.42
1551              4677        4838.42
1552              4677        4838.42
1553              4677        4838.42
1554              4677        4838.42
1555              4677        4838.42
1556              4677        4838.42
1557              4677        4838.42
1558              4677        4838.42
1559              4677        4838.42
1560              4677        4838.42
1561              4677        4838.42
1562              4677        4838.42
1563              4677        4838.42
1564              4677        4838.42
1565              4677        4838.42
1566              4677        4838.42
1567              4677        4838.42
1568              4677        4838.42
1569              4677        4838.42
1570              4677        4838.42
1571              4677        4838.42
1572              4677        4838.42
1573              4677        4838.42
1574              4677        4838.42
1575              4677        4838.42
1576              4677        4838.42
1577              4677        4838.42
1578              4677        4838.42
1579              4677        4838.41
1580              4677        4838.41
1581              4677        4838.41
1582              4677        4838.41
1583              4677        4838.41
1584              4677        4838.41
1585              4677        4838.41
1586              4677        4838.41
1587              4677        4838.41
1588              4677        4838.41
1589              4677        4838.41
1590              4677        4838.41
1591              4677        4838.41
1592              4677        4838.41
1593              4677        4838.41
1594              4677        4838.41
1595              4677        4838.41
1596              4677        4838.41
1597              4677        4838.41
1598              4677        4838.41
1599              4677        4838.41
1600              4677        4838.41
1601              4677        4838.41
1602              4677        4838.41
1603              4677        4838.41
1604              4677        4838.41
1605              4677        4838.41
1606              4677        4838.41
1607              4677        4838.41
1608              4677        4838.41
1609              4677        4838.41
1610              4677        4838.41
1611              4677        4838.41
1612              4677        4838.41
1613              4677        4838.41
1614              4677        4838.41
1615              4677        4838.41
1616              4677        4838.41
1617              4677        4838.41
1618              4677        4838.41
1619              4677        4838.41
1620              4677        4838.41
1621              4677        4838.41
1622              4677        4838.41
1623              4677        4838.41
1624              4677        4838.41
1625              4677        4838.41
1626              4677        4838.41
1627              4677        4838.41
1628              4677         4838.4
1629              4677         4838.4
1630              4677         4838.4
1631              4677         4838.4
1632              4677         4838.4
1633              4677         4838.4
1634              4677         4838.4
1635              4677         4838.4
1636              4677         4838.4
1637              4677         4838.4
1638              4677         4838.4
1639              4677         4838.4
1640              4677         4838.4
1641              4677         4838.4
1642              4677         4838.4
1643              4677         4838.4
1644              4677         4838.4
1645              4677         4838.4
1646              4677         4838.4
1647              4677         4838.4
1648              4677         4838.4
1649              4677         4838.4
1650              4677         4838.4
1651              4677         4838.4
1652              4677         4838.4
1653              4677         4838.4
1654              4677         4838.4
1655              4677         4838.4
1656              4677         4838.4
1657              4677         4838.4
1658              4677         4838.4
1659              4677         4838.4
1660              4677         4838.4
1661              4677         4838.4
1662              4677         4838.4
1663              4677         4838.4
1664              4677         4838.4
1665              4677         4838.4
1666              4677         4838.4
1667              4677         4838.4
1668              4677         4838.4
1669              4677         4838.4
1670              4677         4838.4
1671              4677         4838.4
1672              4677         4838.4
1673              4677         4838.4
1674              4677         4838.4
1675              4677         4838.4
1676              4677         4838.4
1677              4677         4838.4
1678              4677         4838.4
1679              4677         4838.4
1680              4677         4838.4
1681              4677         4838.4
1682              4677         4838.4
1683              4677         4838.4
1684              4677         4838.4
1685              4677         4838.4
1686              4677         4838.4
1687              4677         4838.4
1688              4677         4838.4
1689              4677         4838.4
1690              4677         4838.4
1691              4677         4838.4
1692              4677         4838.4
1693              4677         4838.4
1694              4677         4838.4
1695              4677         4838.4
1696              4677         4838.4
1697              4677         4838.4
1698              4677         4838.4
1699              4677        4838.39
1700              4677        4838.39
1701              4677        4838.39
1702              4677        4838.39
1703              4677        4838.39
1704              4677        4838.39
1705              4677        4838.39
1706              4677        4838.39
1707              4677        4838.39
1708              4677        4838.39
1709              4677        4838.39
1710              4677        4838.39
1711              4677        4838.39
1712              4677        4838.39
1713              4677        4838.39
1714           4676.99        4838.39
1715           4676.99        4838.39
1716           4676.99        4838.39
1717           4676.99        4838.39
1718           4676.99        4838.39
1719           4676.99        4838.39
1720           4676.99        4838.39
1721           4676.99        4838.39
1722           4676.99        4838.39
1723           4676.99        4838.39
1724           4676.99        4838.39
1725           4676.99        4838.39
1726           4676.99        4838.39
1727           4676.99        4838.39
1728           4676.99        4838.39
1729           4676.99        4838.39
1730           4676.99        4838.39
1731           4676.99        4838.39
1732           4676.99        4838.39
1733           4676.99        4838.39
1734           4676.99        4838.39
1735           4676.99        4838.39
1736           4676.99        4838.39
1737           4676.99        4838.39
1738           4676.99        4838.39
1739           4676.99        4838.39
1740           4676.99        4838.39
1741           4676.99        4838.39
1742           4676.99        4838.39
1743           4676.99        4838.39
1744           4676.99        4838.39
1745           4676.99        4838.39
1746           4676.99        4838.39
1747           4676.99        4838.39
1748           4676.99        4838.39
1749           4676.99        4838.39
1750           4676.99        4838.39
1751           4676.99        4838.39
1752           4676.99        4838.39
1753           4676.99        4838.39
1754           4676.99        4838.39
1755           4676.99        4838.39
1756           4676.99        4838.39
1757           4676.99        4838.39
1758           4676.99        4838.39
1759           4676.99        4838.39
1760           4676.99        4838.39
1761           4676.99        4838.39
1762           4676.99        4838.39
1763           4676.99        4838.39
1764           4676.99        4838.39
1765           4676.99        4838.39
1766           4676.99        4838.39
1767           4676.99        4838.39
1768           4676.99        4838.39
1769           4676.99        4838.39
1770           4676.99        4838.39
1771           4676.99        4838.39
1772           4676.99        4838.39
1773           4676.99        4838.39
1774           4676.99        4838.38
1775           4676.99        4838.38
1776           4676.99        4838.38
1777           4676.99        4838.38
1778           4676.99        4838.38
1779           4676.99        4838.38
1780           4676.99        4838.38
1781           4676.99        4838.38
1782           4676.99        4838.38
1783           4676.99        4838.38
1784           4676.99        4838.38
1785           4676.99        4838.38
1786           4676.99        4838.38
1787           4676.99        4838.38
1788           4676.99        4838.38
1789           4676.99        4838.38
1790           4676.99        4838.38
1791           4676.99        4838.38
1792           4676.99        4838.38
1793           4676.99        4838.38
1794           4676.99        4838.38
1795           4676.99        4838.38
1796           4676.99        4838.38
1797           4676.99        4838.38
1798           4676.99        4838.38
1799           4676.99        4838.38
1800           4676.99        4838.38
1801           4676.99        4838.38
1802           4676.99        4838.38
1803           4676.99        4838.38
1804           4676.99        4838.38
1805           4676.99        4838.38
1806           4676.99        4838.38
1807           4676.99        4838.38
1808           4676.99        4838.38
1809           4676.99        4838.38
1810           4676.99        4838.38
1811           4676.99        4838.38
1812           4676.99        4838.38
1813           4676.99        4838.38
1814           4676.99        4838.38
1815           4676.99        4838.38
1816           4676.99        4838.38
1817           4676.99        4838.38
1818           4676.99        4838.38
1819           4676.99        4838.38
1820           4676.99        4838.38
1821           4676.99        4838.38
1822           4676.99        4838.38
1823           4676.99        4838.38
1824           4676.99        4838.38
1825           4676.99        4838.38
1826           4676.99        4838.38
1827           4676.99        4838.38
1828           4676.99        4838.38
1829           4676.99        4838.38
1830           4676.99        4838.37
1831           4676.99        4838.37
1832           4676.99        4838.37
1833           4676.99        4838.37
1834           4676.99        4838.37
1835           4676.99        4838.37
1836           4676.99        4838.37
1837           4676.99        4838.37
1838           4676.99        4838.37
1839           4676.99        4838.37
1840           4676.99        4838.37
1841           4676.99        4838.37
1842           4676.99        4838.37
1843           4676.99        4838.37
1844           4676.99        4838.37
1845           4676.99        4838.37
1846           4676.99        4838.37
1847           4676.99        4838.37
1848           4676.99        4838.37
1849           4676.99        4838.37
1850           4676.99        4838.37
1851           4676.99        4838.37
1852           4676.99        4838.37
1853           4676.99        4838.37
1854           4676.99        4838.37
1855           4676.99        4838.37
1856           4676.99        4838.37
1857           4676.99        4838.37
1858           4676.99        4838.37
1859           4676.99        4838.37
1860           4676.99        4838.37
1861           4676.99        4838.37
1862           4676.99        4838.37
1863           4676.99        4838.37
1864           4676.99        4838.37
1865           4676.99        4838.37
1866           4676.99        4838.37
1867           4676.99        4838.37
1868           4676.99        4838.37
1869           4676.99        4838.37
1870           4676.99        4838.37
1871           4676.99        4838.37
1872           4676.99        4838.37
1873           4676.99        4838.37
1874           4676.99        4838.37
1875           4676.99        4838.37
1876           4676.99        4838.37
1877           4676.99        4838.37
1878           4676.99        4838.37
1879           4676.99        4838.37
1880           4676.99        4838.37
1881           4676.99        4838.37
1882           4676.99        4838.37
1883           4676.99        4838.37
1884           4676.99        4838.37
1885           4676.99        4838.37
1886           4676.99        4838.37
1887           4676.99        4838.37
1888           4676.99        4838.37
1889           4676.99        4838.37
1890           4676.99        4838.37
1891           4676.99        4838.37
1892           4676.99        4838.37
1893           4676.99        4838.36
1894           4676.99        4838.36
1895           4676.99        4838.36
1896           4676.99        4838.36
1897           4676.99        4838.36
1898           4676.99        4838.36
1899           4676.99        4838.36
1900           4676.99        4838.36
1901           4676.99        4838.36
1902           4676.99        4838.36
1903           4676.99        4838.36
1904           4676.99        4838.36
1905           4676.99        4838.36
1906           4676.99        4838.36
1907           4676.99        4838.36
1908           4676.99        4838.36
1909           4676.99        4838.36
1910           4676.99        4838.36
1911           4676.99        4838.36
1912           4676.99        4838.36
1913           4676.99        4838.36
1914           4676.99        4838.36
1915           4676.99        4838.36
1916           4676.99        4838.36
1917           4676.99        4838.36
1918           4676.99        4838.36
1919           4676.99        4838.36
1920           4676.99        4838.36
1921           4676.99        4838.36
1922           4676.99        4838.36
1923           4676.99        4838.36
1924           4676.99        4838.36
1925           4676.99        4838.36
1926           4676.99        4838.36
1927           4676.99        4838.36
1928           4676.99        4838.36
1929           4676.99        4838.36
1930           4676.99        4838.36
1931           4676.99        4838.36
1932           4676.99        4838.36
1933           4676.99        4838.36
1934           4676.99        4838.36
1935           4676.99        4838.36
1936           4676.99        4838.36
1937           4676.99        4838.36
1938           4676.99        4838.36
1939           4676.99        4838.36
1940           4676.99        4838.36
1941           4676.99        4838.36
1942           4676.99        4838.36
1943           4676.99        4838.36
1944           4676.99        4838.36
1945           4676.99        4838.36
1946           4676.99        4838.36
1947           4676.99        4838.36
1948           4676.99        4838.36
1949           4676.99        4838.36
1950           4676.99        4838.36
1951           4676.99        4838.36
1952           4676.99        4838.36
1953           4676.99        4838.36
1954           4676.99        4838.36
1955           4676.99        4838.36
1956           4676.99        4838.36
1957           4676.99        4838.36
1958           4676.99        4838.36
1959           4676.99        4838.36
1960           4676.99        4838.36
1961           4676.99        4838.36
1962           4676.99        4838.36
1963           4676.99        4838.36
1964           4676.99        4838.36
1965           4676.99        4838.36
1966           4676.99        4838.36
1967           4676.99        4838.36
1968           4676.99        4838.36
1969           4676.99        4838.36
1970           4676.99        4838.36
1971           4676.99        4838.36
1972           4676.99        4838.36
1973           4676.99        4838.36
1974           4676.99        4838.36
1975           4676.99        4838.36
1976           4676.99        4838.36
1977           4676.99        4838.36
1978           4676.99        4838.36
1979           4676.99        4838.36
1980           4676.99        4838.36
1981           4676.99        4838.36
1982           4676.99        4838.36
1983           4676.99        4838.36
1984           4676.99        4838.36
1985           4676.99        4838.36
1986           4676.99        4838.36
1987           4676.99        4838.36
1988           4676.99        4838.36
1989           4676.99        4838.36
1990           4676.99        4838.36
1991           4676.99        4838.36
1992           4676.99        4838.36
1993           4676.99        4838.36
1994           4676.99        4838.36
1995           4676.99        4838.36
1996           4676.99        4838.36
1997           4676.99        4838.36
1998           4676.99        4838.36
1999           4676.99        4838.36
2000           4676.99        4838.36
2001           4676.99        4838.36
2002           4676.99        4838.36
2003           4676.99        4838.36
2004           4676.99        4838.36
2005           4676.99        4838.36
2006           4676.99        4838.36
2007           4676.99        4838.36
2008           4676.99        4838.36
2009           4676.99        4838.36
2010           4676.99        4838.36
2011           4676.99        4838.36
2012           4676.99        4838.36
2013           4676.99        4838.36
2014           4676.99        4838.36
2015           4676.99        4838.36
2016           4676.99        4838.36
2017           4676.99        4838.36
2018           4676.99        4838.36
2019           4676.99        4838.36
2020           4676.99        4838.35
2021           4676.99        4838.35
2022           4676.99        4838.35
2023           4676.99        4838.35
2024           4676.99        4838.35
2025           4676.99        4838.35
2026           4676.99        4838.35
2027           4676.99        4838.35
2028           4676.99        4838.35
2029           4676.99        4838.35
2030           4676.99        4838.35
2031           4676.99        4838.35
2032           4676.99        4838.35
2033           4676.99        4838.35
2034           4676.99        4838.35
2035           4676.99        4838.35
2036           4676.99        4838.35
2037           4676.99        4838.35
2038           4676.99        4838.35
2039           4676.99        4838.35
2040           4676.99        4838.35
2041           4676.99        4838.35
2042           4676.99        4838.35
2043           4676.99        4838.35
2044           4676.99        4838.35
2045           4676.99        4838.35
2046           4676.99        4838.35
2047           4676.99        4838.35
2048           4676.99        4838.35
2049           4676.99        4838.35
2050           4676.99        4838.35
2051           4676.99        4838.35
2052           4676.99        4838.35
2053           4676.99        4838.35
2054           4676.99        4838.35
2055           4676.99        4838.35
2056           4676.99        4838.35
2057           4676.99        4838.35
2058           4676.99        4838.35
2059           4676.99        4838.35
2060           4676.99        4838.35
2061           4676.99        4838.35
2062           4676.99        4838.35
2063           4676.99        4838.35
2064           4676.99        4838.35
2065           4676.99        4838.35
2066           4676.99        4838.35
2067           4676.99        4838.35
2068           4676.99        4838.35
2069           4676.99        4838.35
2070           4676.99        4838.35
2071           4676.99        4838.35
2072           4676.99        4838.35
2073           4676.99        4838.35
2074           4676.99        4838.35
2075           4676.99        4838.35
2076           4676.99        4838.35
2077           4676.99        4838.35
2078           4676.99        4838.35
2079           4676.99        4838.35
2080           4676.99        4838.35
2081           4676.99        4838.35
2082           4676.99        4838.35
2083           4676.99        4838.35
2084           4676.99        4838.35
2085           4676.99        4838.35
2086           4676.99        4838.35
2087           4676.99        4838.35
2088           4676.99        4838.35
2089           4676.99        4838.35
2090           4676.99        4838.35
2091           4676.99        4838.35
2092           4676.99        4838.35
2093           4676.99        4838.34
2094           4676.99        4838.34
2095           4676.99        4838.34
2096           4676.99        4838.34
2097           4676.99        4838.34
2098           4676.99        4838.34
2099           4676.99        4838.34
2100           4676.99        4838.34
2101           4676.99        4838.34
2102           4676.99        4838.34
2103           4676.99        4838.34
2104           4676.99        4838.34
2105           4676.99        4838.34
2106           4676.99        4838.34
2107           4676.99        4838.34
2108           4676.99        4838.34
2109           4676.99        4838.34
2110           4676.99        4838.34
2111           4676.99        4838.34
2112           4676.99        4838.34
2113           4676.99        4838.34
2114           4676.99        4838.34
2115           4676.99        4838.34
2116           4676.99        4838.34
2117           4676.99        4838.34
2118           4676.99        4838.34
2119           4676.99        4838.34
2120           4676.99        4838.34
2121           4676.99        4838.34
2122           4676.99        4838.34
2123           4676.99        4838.34
2124           4676.99        4838.34
2125           4676.99        4838.34
2126           4676.99        4838.34
2127           4676.99        4838.34
2128           4676.99        4838.34
2129           4676.99        4838.34
2130           4676.99        4838.34
2131           4676.99        4838.34
2132           4676.99        4838.34
2133           4676.99        4838.34
2134           4676.99        4838.34
2135           4676.99        4838.34
2136           4676.99        4838.34
2137           4676.99        4838.34
2138           4676.99        4838.34
2139           4676.99        4838.34
2140           4676.99        4838.34
2141           4676.99        4838.34
2142           4676.99        4838.34
2143           4676.99        4838.34
2144           4676.99        4838.34
2145           4676.99        4838.34
2146           4676.99        4838.34
2147           4676.99        4838.34
2148           4676.99        4838.34
2149           4676.99        4838.34
2150           4676.99        4838.34
2151           4676.99        4838.34
2152           4676.99        4838.34
2153           4676.99        4838.34
2154           4676.99        4838.34
2155           4676.99        4838.34
2156           4676.99        4838.34
2157           4676.99        4838.34
2158           4676.99        4838.34
2159           4676.99        4838.34
2160           4676.99        4838.34
2161           4676.99        4838.34
2162           4676.99        4838.34
2163           4676.99        4838.34
2164           4676.99        4838.34
2165           4676.99        4838.34
2166           4676.99        4838.34
2167           4676.99        4838.34
2168           4676.99        4838.34
2169           4676.99        4838.34
2170           4676.99        4838.34
2171           4676.99        4838.34
2172           4676.99        4838.34
2173           4676.99        4838.34
2174           4676.99        4838.34
2175           4676.99        4838.34
2176           4676.99        4838.34
2177           4676.99        4838.34
2178           4676.99        4838.34
2179           4676.99        4838.34
2180           4676.99        4838.34
2181           4676.99        4838.34
2182           4676.99        4838.34
2183           4676.99        4838.34
2184           4676.99        4838.34
2185           4676.99        4838.34
2186           4676.99        4838.34
2187           4676.99        4838.34
2188           4676.99        4838.34
2189           4676.99        4838.34
2190           4676.99        4838.34
2191           4676.99        4838.34
2192           4676.99        4838.34
2193           4676.99        4838.34
2194           4676.99        4838.34
2195           4676.99        4838.34
2196           4676.99        4838.34
2197           4676.99        4838.34
2198           4676.99        4838.34
2199           4676.99        4838.34
2200           4676.99        4838.34
2201           4676.99        4838.34
2202           4676.99        4838.34
2203           4676.99        4838.34
2204           4676.99        4838.34
2205           4676.99        4838.34
2206           4676.99        4838.34
2207           4676.99        4838.34
2208           4676.99        4838.34
2209           4676.99        4838.34
2210           4676.99        4838.34
2211           4676.99        4838.34
2212           4676.99        4838.34
2213           4676.99        4838.34
2214           4676.99        4838.34
2215           4676.99        4838.34
2216           4676.99        4838.34
2217           4676.99        4838.34
2218           4676.99        4838.34
2219           4676.99        4838.34
2220           4676.99        4838.34
2221           4676.99        4838.34
2222           4676.99        4838.34
2223           4676.99        4838.34
2224           4676.99        4838.34
2225           4676.99        4838.34
2226           4676.99        4838.34
2227           4676.99        4838.34
2228           4676.99        4838.34
2229           4676.99        4838.34
2230           4676.99        4838.34
2231           4676.99        4838.34
2232           4676.99        4838.34
2233           4676.99        4838.34
2234           4676.99        4838.34
2235           4676.99        4838.34
2236           4676.99        4838.34
2237           4676.99        4838.34
2238           4676.99        4838.34
2239           4676.99        4838.34
2240           4676.99        4838.34
2241           4676.99        4838.34
2242           4676.99        4838.34
2243           4676.99        4838.34
2244           4676.99        4838.34
2245           4676.99        4838.34
2246           4676.99        4838.34
2247           4676.99        4838.34
2248           4676.99        4838.34
2249           4676.99        4838.34
2250           4676.99        4838.34
2251           4676.99        4838.34
2252           4676.99        4838.34
2253           4676.99        4838.34
2254           4676.99        4838.34
2255           4676.99        4838.34
2256           4676.99        4838.34
2257           4676.99        4838.34
2258           4676.99        4838.34
2259           4676.99        4838.34
2260           4676.99        4838.34
2261           4676.99        4838.34
2262           4676.99        4838.34
2263           4676.99        4838.34
2264           4676.99        4838.34
2265           4676.99        4838.34
2266           4676.99        4838.34
2267           4676.99        4838.34
2268           4676.99        4838.34
2269           4676.99        4838.34
2270           4676.99        4838.34
2271           4676.99        4838.34
2272           4676.99        4838.34
2273           4676.99        4838.34
2274           4676.99        4838.34
2275           4676.99        4838.34
2276           4676.99        4838.34
2277           4676.99        4838.34
2278           4676.99        4838.34
2279           4676.99        4838.34
2280           4676.99        4838.34
2281           4676.99        4838.34
2282           4676.99        4838.34
2283           4676.99        4838.34
2284           4676.99        4838.33
2285           4676.99        4838.33
2286           4676.99        4838.33
2287           4676.99        4838.33
2288           4676.99        4838.33
2289           4676.99        4838.33
2290           4676.99        4838.33
2291           4676.99        4838.33
2292           4676.99        4838.33
2293           4676.99        4838.33
2294           4676.99        4838.33
2295           4676.99        4838.32
2296           4676.99        4838.32
2297           4676.99        4838.32
2298           4676.99        4838.32
2299           4676.99        4838.32
2300           4676.99        4838.32
2301           4676.99        4838.32
2302           4676.99        4838.32
2303           4676.99        4838.32
2304           4676.99        4838.32
2305           4676.99        4838.32
2306           4676.99        4838.32
2307           4676.99        4838.32
2308           4676.99        4838.32
2309           4676.99        4838.32
2310           4676.99        4838.32
2311           4676.99        4838.32
2312           4676.99        4838.32
2313           4676.99        4838.32
2314           4676.99        4838.32
2315           4676.99        4838.32
2316           4676.99        4838.32
2317           4676.99        4838.32
2318           4676.99        4838.32
2319           4676.99        4838.32
2320           4676.99        4838.32
2321           4676.99        4838.32
2322           4676.99        4838.32
2323           4676.99        4838.32
2324           4676.99        4838.32
2325           4676.99        4838.32
2326           4676.99        4838.32
2327           4676.99        4838.32
2328           4676.99        4838.32
2329           4676.99        4838.32
2330           4676.99        4838.32
2331           4676.99        4838.32
2332           4676.99        4838.32
2333           4676.99        4838.32
2334           4676.99        4838.32
2335           4676.99        4838.32
2336           4676.99        4838.32
2337           4676.99        4838.32
2338           4676.99        4838.32
2339           4676.99        4838.32
2340           4676.99        4838.32
2341           4676.99        4838.32
2342           4676.99        4838.32
2343           4676.99        4838.32
2344           4676.99        4838.32
2345           4676.99        4838.32
2346           4676.99        4838.32
2347           4676.99        4838.32
2348           4676.99        4838.32
2349           4676.99        4838.32
2350           4676.99        4838.32
2351           4676.99        4838.32
2352           4676.99        4838.32
2353           4676.99        4838.32
2354           4676.99        4838.32
2355           4676.99        4838.32
2356           4676.99        4838.32
2357           4676.99        4838.32
2358           4676.99        4838.32
2359           4676.99        4838.31
2360           4676.99        4838.31
2361           4676.99        4838.31
2362           4676.99        4838.31
2363           4676.99        4838.31
2364           4676.99        4838.31
2365           4676.99        4838.31
2366           4676.99        4838.31
2367           4676.99        4838.31
2368           4676.99        4838.31
2369           4676.99        4838.31
2370           4676.99        4838.31
2371           4676.99        4838.31
2372           4676.99        4838.31
2373           4676.99        4838.31
2374           4676.99        4838.31
2375           4676.99        4838.31
2376           4676.99        4838.31
2377           4676.99        4838.31
2378           4676.99        4838.31
2379           4676.99        4838.31
2380           4676.99        4838.31
2381           4676.99        4838.31
2382           4676.99        4838.31
2383           4676.99        4838.31
2384           4676.99        4838.31
2385           4676.99        4838.31
2386           4676.99        4838.31
2387           4676.99        4838.31
2388           4676.99        4838.31
2389           4676.99        4838.31
2390           4676.99        4838.31
2391           4676.99        4838.31
2392           4676.99        4838.31
2393           4676.99        4838.31
2394           4676.99        4838.31
2395           4676.99        4838.31
2396           4676.99        4838.31
2397           4676.99        4838.31
2398           4676.99        4838.31
2399           4676.99        4838.31
2400           4676.99        4838.31
2401           4676.99        4838.31
2402           4676.99        4838.31
2403           4676.99        4838.31
2404           4676.99        4838.31
2405           4676.99        4838.31
2406           4676.99        4838.31
2407           4676.99        4838.31
2408           4676.99        4838.31
2409           4676.99        4838.31
2410           4676.99        4838.31
2411           4676.99        4838.31
2412           4676.99        4838.31
2413           4676.99        4838.31
2414           4676.99        4838.31
2415           4676.99        4838.31
2416           4676.99        4838.31
2417           4676.99        4838.31
2418           4676.99        4838.31
2419           4676.99        4838.31
2420           4676.99        4838.31
2421           4676.99        4838.31
2422           4676.99        4838.31
2423           4676.99        4838.31
2424           4676.99        4838.31
2425           4676.99        4838.31
2426           4676.99        4838.31
2427           4676.99        4838.31
2428           4676.99        4838.31
2429           4676.99        4838.31
2430           4676.99        4838.31
2431           4676.99        4838.31
2432           4676.99        4838.31
2433           4676.99        4838.31
2434           4676.99        4838.31
2435           4676.99        4838.31
2436           4676.99        4838.31
2437           4676.99        4838.31
2438           4676.99        4838.31
2439           4676.99        4838.31
2440           4676.99        4838.31
2441           4676.99        4838.31
2442           4676.99        4838.31
2443           4676.99        4838.31
2444           4676.99        4838.31
2445           4676.99        4838.31
2446           4676.99        4838.31
2447           4676.99        4838.31
2448           4676.99        4838.31
2449           4676.99        4838.31
2450           4676.99        4838.31
2451           4676.99        4838.31
2452           4676.99        4838.31
2453           4676.99        4838.31
2454           4676.99        4838.31
2455           4676.99        4838.31
2456           4676.99        4838.31
2457           4676.99        4838.31
2458           4676.99        4838.31
2459           4676.99        4838.31
2460           4676.99        4838.31
2461           4676.99        4838.31
2462           4676.99        4838.31
2463           4676.99        4838.31
2464           4676.99        4838.31
2465           4676.99        4838.31
2466           4676.99        4838.31
2467           4676.99        4838.31
2468           4676.99        4838.31
2469           4676.99        4838.31
2470           4676.99        4838.31
2471           4676.99        4838.31
2472           4676.99        4838.31
2473           4676.99        4838.31
2474           4676.99        4838.31
2475           4676.99        4838.31
2476           4676.99        4838.31
2477           4676.99        4838.31
2478           4676.99        4838.31
2479           4676.99        4838.31
2480           4676.99        4838.31
2481           4676.99        4838.31
2482           4676.99        4838.31
2483           4676.99        4838.31
2484           4676.99        4838.31
2485           4676.99        4838.31
2486           4676.99        4838.31
2487           4676.99        4838.31
2488           4676.99        4838.31
2489           4676.99        4838.31
2490           4676.99        4838.31
2491           4676.99        4838.31
2492           4676.99        4838.31
2493           4676.99         4838.3
2494           4676.99         4838.3
2495           4676.99         4838.3
2496           4676.99         4838.3
2497           4676.99         4838.3
2498           4676.99         4838.3
2499           4676.99         4838.3
2500           4676.99         4838.3
