#ITER       #BEST_FO       #MEDIA_FO
1           7112.55        25773.8
2           6811.54        8709.65
3           6558.56         7505.9
4           6308.58        7158.43
5            6031.3        6811.03
6           5787.04        6547.63
7           5550.17        6301.25
8           5526.02        6121.84
9           5324.16        5923.54
10           5195.76        5749.07
11           5056.98        5539.41
12           5044.13        5394.59
13           4998.35        5306.54
14           4928.15        5244.79
15           4928.15        5201.53
16           4925.65        5167.01
17           4908.65        5131.16
18           4883.44        5108.39
19           4880.07         5095.2
20           4860.26        5080.83
21           4858.46        5067.49
22           4847.67         5053.6
23            4839.1        5040.95
24           4829.81        5031.56
25           4819.53        5020.46
26            4815.5        5010.87
27           4807.91        5004.37
28           4804.03        4997.07
29           4800.54        4991.19
30            4791.7        4987.53
31           4790.38        4978.49
32           4783.23         4969.8
33            4782.2        4964.52
34           4780.35        4959.13
35           4769.81        4955.86
36           4769.81         4953.2
37           4765.53        4949.81
38           4754.36        4944.14
39           4754.36        4938.49
40           4751.35        4933.16
41           4738.63        4928.29
42           4738.63        4923.87
43           4727.44        4919.45
44           4726.63        4913.02
45           4710.83        4906.61
46           4710.83        4901.23
47           4710.83        4895.23
48           4709.09         4889.7
49           4708.28        4887.01
50           4696.38           4883
51           4696.38        4880.89
52           4695.08        4878.21
53           4694.49        4877.29
54           4694.49        4875.54
55           4694.49        4873.96
56           4694.49        4871.06
57           4694.17         4869.5
58           4691.58        4868.25
59           4691.27        4867.71
60           4691.23        4866.65
61           4691.23        4865.17
62           4691.19        4864.56
63           4691.19        4861.77
64            4690.3        4861.05
65            4690.3           4860
66            4689.9        4859.31
67           4689.63        4858.87
68           4689.63        4857.73
69           4689.63        4856.58
70            4688.7        4856.36
71           4688.21        4855.95
72           4687.39        4855.27
73           4687.39        4854.34
74           4687.39         4853.9
75           4687.39        4853.47
76           4687.39        4853.17
77           4686.82        4852.97
78           4686.82        4852.62
79           4686.82        4852.24
80           4686.82        4851.96
81           4686.82         4851.6
82           4686.61        4851.41
83           4686.61        4851.11
84           4686.61        4850.93
85           4686.42        4850.63
86            4685.5        4850.42
87            4685.5        4850.17
88           4685.34        4850.04
89           4685.34        4849.71
90           4685.34         4849.6
91           4685.26        4849.44
92           4685.26        4849.26
93           4685.26        4849.16
94           4684.85        4848.69
95           4684.85        4848.35
96           4684.85        4848.23
97           4684.54        4848.17
98           4683.79        4847.91
99           4683.44        4847.83
100           4683.42        4847.68
101           4683.42        4847.59
102           4683.37        4847.52
103           4683.06        4847.33
104           4683.06        4847.32
105           4683.06         4847.2
106           4683.06        4847.17
107           4683.06        4847.17
108           4683.06        4847.11
109           4683.06        4847.07
110           4683.06        4846.94
111           4683.06        4846.93
112           4683.06        4846.92
113           4683.06        4846.87
114           4683.06        4846.76
115           4683.06        4846.68
116           4683.06        4846.67
117           4683.06        4846.63
118           4683.06        4846.49
119           4683.06        4846.48
120           4683.06        4846.47
121           4683.06        4846.38
122           4682.85        4846.33
123           4682.85        4846.28
124           4682.85        4846.16
125           4682.85        4846.07
126           4682.85           4846
127           4682.85        4845.95
128           4682.85        4845.92
129           4682.51        4845.83
130           4682.51        4845.83
131           4682.51        4845.76
132           4682.51        4845.68
133            4682.2        4845.54
134            4682.2        4845.49
135            4682.2         4845.3
136            4682.2        4845.12
137           4682.14        4845.07
138           4682.14        4844.92
139           4682.14        4844.81
140           4682.08         4844.7
141           4682.08        4844.68
142           4681.43         4844.6
143           4681.43        4844.57
144           4681.43        4844.54
145           4681.43        4844.54
146           4681.33         4844.5
147           4681.33        4844.48
148           4681.33        4844.43
149           4681.33        4844.43
150           4681.33        4844.43
151           4681.33        4844.43
152           4681.33        4844.43
153           4681.33         4844.4
154           4681.33        4844.39
155           4681.33        4844.39
156           4681.33        4844.36
157           4681.33        4844.32
158           4681.33        4844.32
159           4681.33        4844.32
160           4681.15        4844.29
161           4681.15        4844.15
162           4681.15        4844.13
163           4681.15        4844.09
164           4681.15        4844.02
165           4680.82        4843.95
166           4680.82         4843.9
167           4680.82        4843.88
168           4680.82        4843.81
169           4680.82        4843.78
170           4680.82        4843.77
171           4680.82        4843.77
172           4680.82        4843.75
173           4680.82        4843.74
174           4680.82         4843.7
175           4680.82        4843.69
176           4680.82        4843.63
177           4680.82        4843.62
178           4680.82        4843.58
179           4680.82        4843.54
180           4680.82        4843.53
181           4680.82        4843.49
182           4680.82        4843.49
183           4680.82        4843.44
184           4680.82        4843.43
185           4680.82         4843.4
186           4680.82         4843.4
187           4680.82         4843.3
188           4680.82         4843.3
189           4680.82        4843.25
190           4680.82        4843.22
191           4680.82        4843.19
192           4680.82        4843.17
193           4680.82        4843.17
194           4680.82        4843.13
195           4680.82         4843.1
196           4680.82        4843.07
197           4680.82        4843.01
198           4680.82           4843
199           4680.63        4842.98
200           4680.63        4842.97
201           4680.63        4842.96
202           4680.63        4842.95
203           4680.63        4842.91
204           4680.63        4842.89
205           4680.63        4842.82
206           4680.63        4842.78
207           4680.63        4842.78
208           4680.63        4842.78
209           4680.53        4842.73
210           4680.53         4842.7
211           4680.53        4842.66
212           4680.53        4842.65
213           4680.53        4842.64
214           4680.53         4842.6
215           4680.53        4842.57
216           4680.46        4842.56
217           4680.46        4842.56
218           4680.46        4842.55
219           4680.46        4842.54
220           4680.46        4842.52
221           4680.46        4842.52
222           4680.46        4842.52
223           4680.46        4842.51
224           4680.46        4842.51
225           4680.44         4842.5
226           4680.38        4842.47
227           4680.38        4842.41
228           4680.38        4842.37
229           4680.38        4842.37
230           4680.38        4842.37
231           4680.38        4842.36
232           4680.38        4842.36
233           4680.38        4842.36
234            4680.3        4842.33
235            4680.3        4842.32
236            4680.3        4842.31
237            4680.3         4842.3
238            4680.3        4842.29
239            4680.3        4842.28
240            4680.3        4842.24
241           4680.25        4842.21
242           4680.25         4842.2
243           4680.25        4842.19
244           4680.25        4842.18
245           4680.25        4842.15
246           4680.25        4842.12
247           4680.25        4842.11
248           4680.25        4842.11
249           4680.25        4842.11
250           4680.25        4842.11
251           4680.21         4842.1
252           4680.21        4842.09
253           4680.21        4842.09
254           4680.21        4842.05
255           4680.21        4842.04
256           4680.21        4842.02
257           4680.13        4842.01
258           4680.13           4842
259           4680.13        4841.99
260           4679.96        4841.98
261           4679.96        4841.95
262           4679.96        4841.94
263           4679.96        4841.94
264           4679.96        4841.92
265           4679.96        4841.91
266           4679.96         4841.9
267           4679.96         4841.9
268           4679.96        4841.89
269           4679.96        4841.88
270           4679.96        4841.87
271           4679.96        4841.87
272           4679.96        4841.87
273           4679.96        4841.85
274           4679.96        4841.84
275           4679.96        4841.84
276           4679.96        4841.83
277           4679.96        4841.83
278           4679.96        4841.83
279           4679.96        4841.83
280           4679.96        4841.83
281           4679.96        4841.82
282           4679.96         4841.8
283           4679.96         4841.8
284           4679.96        4841.79
285           4679.96        4841.79
286           4679.96        4841.79
287           4679.96        4841.78
288           4679.96        4841.77
289           4679.96        4841.77
290           4679.96        4841.77
291           4679.96        4841.77
292           4679.96        4841.76
293           4679.86        4841.74
294           4679.86        4841.72
295           4679.86        4841.72
296           4679.86        4841.72
297           4679.86        4841.72
298           4679.86        4841.72
299           4679.86        4841.72
300           4679.86        4841.72
301           4679.86        4841.72
302           4679.86        4841.71
303           4679.86         4841.7
304           4679.86         4841.7
305           4679.86        4841.69
306           4679.86        4841.67
307           4679.86        4841.66
308           4679.86        4841.65
309           4679.86        4841.65
310           4679.86        4841.65
311           4679.86        4841.65
312           4679.86        4841.64
313           4679.86        4841.63
314           4679.86        4841.63
315           4679.84        4841.63
316           4679.84        4841.62
317           4679.72        4841.62
318           4679.72        4841.62
319           4679.72        4841.62
320           4679.72        4841.62
321           4679.72        4841.62
322           4679.72        4841.62
323           4679.72        4841.61
324           4679.72        4841.61
325           4679.72        4841.61
326           4679.72        4841.61
327           4679.72        4841.61
328           4679.72         4841.6
329           4679.72         4841.6
330           4679.72         4841.6
331           4679.72        4841.59
332           4679.72        4841.59
333           4679.72        4841.59
334           4679.72        4841.59
335           4679.72        4841.57
336           4679.72        4841.57
337           4679.72        4841.57
338           4679.72        4841.54
339           4679.72        4841.54
340           4679.72        4841.52
341           4679.72        4841.52
342           4679.72        4841.52
343           4679.72         4841.5
344           4679.72         4841.5
345           4679.72        4841.49
346           4679.72        4841.49
347           4679.72        4841.47
348           4679.72        4841.45
349           4679.72        4841.43
350           4679.72        4841.43
351           4679.72        4841.43
352           4679.72        4841.42
353           4679.72        4841.42
354           4679.54        4841.41
355           4679.54         4841.4
356           4679.54        4841.39
357           4679.54        4841.39
358           4679.54        4841.39
359           4679.54        4841.37
360           4679.54        4841.35
361           4679.54        4841.34
362           4679.54        4841.33
363           4679.51         4841.3
364           4679.51         4841.3
365           4679.51        4841.29
366           4679.51        4841.28
367           4679.51        4841.28
368           4679.51        4841.28
369           4679.51        4841.27
370           4679.51        4841.27
371           4679.51        4841.26
372           4679.51        4841.26
373           4679.51        4841.26
374           4679.45        4841.26
375            4679.4        4841.24
376            4679.4        4841.22
377            4679.4        4841.22
378            4679.4        4841.22
379            4679.4        4841.22
380            4679.4        4841.22
381            4679.4        4841.22
382            4679.4         4841.2
383            4679.4         4841.2
384            4679.4         4841.2
385            4679.4        4841.19
386            4679.4        4841.18
387           4679.19        4841.16
388           4679.19        4841.16
389           4679.19        4841.16
390           4679.19        4841.16
391           4679.19        4841.15
392           4679.19        4841.15
393           4679.19        4841.15
394           4679.19        4841.15
395           4679.19        4841.15
396           4679.19        4841.15
397           4679.19        4841.15
398           4679.19        4841.13
399           4679.19        4841.13
400           4679.19        4841.13
401           4679.19        4841.13
402           4679.19        4841.13
403           4679.19        4841.12
404           4679.19         4841.1
405           4679.19         4841.1
406           4679.19         4841.1
407           4679.19        4841.09
408           4679.08        4841.06
409           4679.08        4841.06
410           4679.08        4841.04
411           4679.08        4841.02
412           4679.08        4841.02
413           4679.08        4841.02
414           4679.04           4841
415           4678.98        4840.98
416           4678.98        4840.98
417           4678.98        4840.98
418           4678.98        4840.98
419           4678.98        4840.98
420           4678.98        4840.98
421           4678.98        4840.98
422           4678.98        4840.97
423           4678.98        4840.97
424           4678.98        4840.97
425           4678.88        4840.97
426           4678.88        4840.97
427           4678.88        4840.97
428           4678.88        4840.96
429           4678.88        4840.95
430           4678.88        4840.94
431           4678.88        4840.93
432           4678.88        4840.91
433           4678.88        4840.91
434           4678.88        4840.91
435           4678.88        4840.91
436           4678.88        4840.91
437           4678.88         4840.9
438           4678.88         4840.9
439           4678.88         4840.9
440           4678.88         4840.9
441           4678.88         4840.9
442           4678.88        4840.89
443           4678.88        4840.89
444           4678.88        4840.88
445           4678.88        4840.86
446           4678.88        4840.86
447           4678.88        4840.83
448           4678.88        4840.83
449           4678.88        4840.83
450           4678.88         4840.8
451           4678.86         4840.8
452           4678.86        4840.78
453           4678.86        4840.78
454           4678.86        4840.77
455           4678.86        4840.77
456           4678.86        4840.77
457           4678.86        4840.73
458           4678.86        4840.73
459           4678.86        4840.73
460           4678.77        4840.67
461           4678.77        4840.67
462           4678.77        4840.65
463           4678.77        4840.65
464           4678.77        4840.63
465           4678.77        4840.62
466           4678.77        4840.62
467           4678.77        4840.59
468           4678.77        4840.59
469           4678.63        4840.58
470           4678.54        4840.56
471           4678.54        4840.56
472           4678.54        4840.56
473           4678.54        4840.56
474           4678.54        4840.56
475           4678.54        4840.54
476           4678.54        4840.52
477           4678.54        4840.52
478           4678.54        4840.52
479           4678.54         4840.5
480           4678.54         4840.5
481           4678.54         4840.5
482           4678.54         4840.5
483           4678.54        4840.49
484           4678.54        4840.49
485           4678.54        4840.49
486           4678.54        4840.49
487           4678.54        4840.47
488           4678.54        4840.47
489           4678.54        4840.45
490           4678.54        4840.45
491           4678.54        4840.45
492           4678.54        4840.44
493           4678.54        4840.44
494           4678.54        4840.44
495           4678.54        4840.43
496           4678.54        4840.41
497           4678.54         4840.4
498           4678.54        4840.37
499            4678.4        4840.36
500            4678.4        4840.34
501            4678.4        4840.33
502            4678.4        4840.29
503            4678.4        4840.27
504            4678.4        4840.27
505            4678.4        4840.27
506            4678.4        4840.27
507            4678.4        4840.24
508            4678.4        4840.24
509            4678.4        4840.24
510            4678.4        4840.24
511           4678.31        4840.23
512           4678.31        4840.23
513           4678.31        4840.22
514           4678.31         4840.2
515           4677.97        4840.19
516           4677.97        4840.19
517           4677.97        4840.19
518           4677.97        4840.18
519           4677.97        4840.18
520           4677.97        4840.18
521           4677.97        4840.18
522           4677.97        4840.15
523           4677.97        4840.15
524           4677.97        4840.13
525           4677.97        4840.13
526           4677.97        4840.13
527           4677.97        4840.13
528           4677.97        4840.12
529           4677.82        4840.11
530           4677.82        4840.06
531           4677.82        4840.05
532           4677.82        4840.05
533           4677.82        4840.05
534           4677.82        4840.05
535           4677.82        4840.05
536           4677.82        4840.05
537           4677.82        4840.05
538           4677.82        4840.05
539           4677.82        4840.05
540           4677.82        4840.05
541           4677.82        4840.05
542           4677.82        4840.05
543           4677.82        4840.04
544           4677.82        4840.04
545           4677.82        4840.02
546           4677.82        4840.02
547           4677.82        4840.02
548           4677.82        4840.02
549           4677.82        4840.02
550           4677.82        4840.02
551           4677.82        4840.02
552           4677.82        4840.02
553           4677.82        4840.02
554           4677.82        4840.02
555           4677.82        4840.02
556           4677.82        4840.02
557           4677.82        4840.02
558           4677.82        4840.02
559           4677.82        4840.01
560           4677.82           4840
561           4677.82           4840
562           4677.82        4839.99
563           4677.82        4839.99
564           4677.82        4839.99
565           4677.82        4839.99
566           4677.82        4839.99
567           4677.82        4839.99
568           4677.82        4839.99
569           4677.82        4839.99
570           4677.82        4839.99
571           4677.82        4839.99
572           4677.82        4839.98
573           4677.82        4839.98
574           4677.82        4839.98
575           4677.82        4839.95
576           4677.82        4839.91
577           4677.82        4839.91
578           4677.82        4839.91
579           4677.82        4839.91
580           4677.82        4839.91
581           4677.82        4839.91
582           4677.82        4839.91
583           4677.82        4839.91
584           4677.82        4839.91
585           4677.82        4839.91
586            4677.8        4839.88
587            4677.8        4839.88
588            4677.8        4839.88
589            4677.8        4839.86
590            4677.8        4839.86
591            4677.8        4839.85
592            4677.8        4839.84
593            4677.8        4839.82
594            4677.8        4839.81
595            4677.7         4839.8
596            4677.7         4839.8
597            4677.7        4839.78
598            4677.7        4839.78
599            4677.7        4839.78
600            4677.7        4839.78
601            4677.7        4839.77
602            4677.7        4839.77
603            4677.7        4839.77
604           4677.63        4839.74
605           4677.63        4839.74
606           4677.63        4839.74
607           4677.63        4839.74
608           4677.63        4839.74
609           4677.63        4839.74
610           4677.63        4839.74
611           4677.63        4839.73
612           4677.63        4839.73
613           4677.63        4839.73
614           4677.63        4839.71
615           4677.63        4839.71
616           4677.63        4839.71
617           4677.63        4839.71
618           4677.63        4839.69
619           4677.63        4839.69
620           4677.63        4839.69
621           4677.63        4839.69
622           4677.63        4839.68
623           4677.54        4839.66
624           4677.54        4839.66
625           4677.54        4839.66
626           4677.54        4839.66
627           4677.54        4839.66
628           4677.54        4839.66
629           4677.54        4839.66
630           4677.54        4839.66
631           4677.54        4839.66
632           4677.54        4839.66
633           4677.54        4839.66
634           4677.54        4839.66
635           4677.54        4839.66
636           4677.54        4839.63
637           4677.54        4839.63
638           4677.54        4839.62
639           4677.54         4839.6
640           4677.54        4839.59
641           4677.54        4839.59
642           4677.54        4839.58
643           4677.54        4839.58
644           4677.54        4839.58
645           4677.54        4839.58
646           4677.54        4839.57
647           4677.54        4839.57
648           4677.54        4839.57
649           4677.54        4839.57
650           4677.54        4839.56
651           4677.54        4839.55
652           4677.54        4839.55
653           4677.54        4839.55
654           4677.54        4839.55
655           4677.54        4839.55
656           4677.54        4839.55
657           4677.54        4839.54
658           4677.54        4839.54
659           4677.54        4839.53
660           4677.54        4839.53
661           4677.54        4839.53
662           4677.54        4839.51
663           4677.54        4839.51
664           4677.54        4839.51
665           4677.54        4839.49
666           4677.54        4839.49
667           4677.54        4839.46
668           4677.54        4839.46
669           4677.54        4839.46
670           4677.54        4839.46
671           4677.54        4839.45
672           4677.54        4839.45
673           4677.54        4839.45
674           4677.54        4839.44
675           4677.54        4839.43
676           4677.54        4839.43
677           4677.54        4839.43
678           4677.54        4839.42
679           4677.54        4839.42
680           4677.54        4839.41
681           4677.54        4839.41
682           4677.54        4839.41
683           4677.54        4839.41
684           4677.54        4839.41
685           4677.54        4839.41
686           4677.54        4839.41
687           4677.54        4839.41
688           4677.47         4839.4
689           4677.47         4839.4
690           4677.47         4839.4
691           4677.47         4839.4
692           4677.47         4839.4
693           4677.47         4839.4
694           4677.47         4839.4
695           4677.47         4839.4
696           4677.47         4839.4
697           4677.47         4839.4
698           4677.47         4839.4
699           4677.47         4839.4
700           4677.47         4839.4
701           4677.47         4839.4
702           4677.47         4839.4
703           4677.47         4839.4
704           4677.47         4839.4
705           4677.47        4839.39
706           4677.47        4839.39
707           4677.47        4839.39
708           4677.47        4839.39
709           4677.47        4839.39
710           4677.47        4839.39
711           4677.47        4839.39
712           4677.47        4839.39
713           4677.47        4839.39
714           4677.47        4839.39
715           4677.47        4839.39
716           4677.47        4839.39
717           4677.47        4839.38
718           4677.47        4839.38
719           4677.47        4839.38
720           4677.47        4839.38
721           4677.47        4839.38
722           4677.47        4839.38
723           4677.47        4839.38
724           4677.47        4839.38
725           4677.47        4839.38
726           4677.47        4839.38
727           4677.47        4839.38
728           4677.47        4839.38
729           4677.47        4839.38
730           4677.47        4839.36
731           4677.47        4839.36
732           4677.47        4839.36
733           4677.47        4839.36
734           4677.47        4839.36
735           4677.47        4839.36
736           4677.47        4839.36
737           4677.47        4839.36
738           4677.47        4839.36
739           4677.47        4839.35
740           4677.47        4839.35
741           4677.47        4839.35
742           4677.47        4839.35
743           4677.47        4839.35
744           4677.47        4839.35
745           4677.47        4839.35
746           4677.47        4839.35
747           4677.47        4839.35
748           4677.47        4839.35
749           4677.47        4839.35
750           4677.47        4839.35
751           4677.47        4839.35
752           4677.47        4839.35
753           4677.47        4839.35
754           4677.47        4839.35
755           4677.47        4839.35
756           4677.47        4839.35
757           4677.47        4839.35
758           4677.47        4839.33
759           4677.47        4839.33
760           4677.47        4839.33
761           4677.47        4839.33
762           4677.44        4839.32
763           4677.44        4839.31
764           4677.44        4839.31
765           4677.44         4839.3
766           4677.44         4839.3
767           4677.44        4839.29
768           4677.44        4839.29
769           4677.44        4839.29
770           4677.44        4839.29
771           4677.44        4839.29
772           4677.44        4839.29
773           4677.44        4839.29
774           4677.44        4839.29
775           4677.44        4839.29
776           4677.44        4839.28
777           4677.39        4839.28
778           4677.39        4839.28
779           4677.39        4839.28
780           4677.39        4839.28
781           4677.39        4839.28
782           4677.39        4839.28
783           4677.39        4839.28
784           4677.39        4839.28
785           4677.39        4839.28
786           4677.39        4839.28
787           4677.39        4839.27
788           4677.39        4839.27
789           4677.37        4839.27
790           4677.37        4839.27
791           4677.37        4839.27
792           4677.37        4839.27
793           4677.37        4839.27
794           4677.37        4839.27
795           4677.37        4839.26
796           4677.37        4839.26
797           4677.37        4839.26
798           4677.37        4839.26
799           4677.37        4839.26
800           4677.37        4839.26
801           4677.37        4839.26
802           4677.37        4839.26
803           4677.37        4839.24
804           4677.37        4839.24
805           4677.37        4839.24
806           4677.37        4839.24
807           4677.37        4839.22
808           4677.37        4839.22
809           4677.37        4839.22
810           4677.37        4839.22
811           4677.37        4839.19
812           4677.37        4839.19
813           4677.37        4839.19
814           4677.37        4839.19
815           4677.37        4839.19
816           4677.37        4839.19
817           4677.37        4839.19
818           4677.37        4839.19
819           4677.37        4839.19
820           4677.37        4839.19
821           4677.37        4839.19
822           4677.37        4839.19
823           4677.37        4839.19
824           4677.37        4839.19
825           4677.37        4839.19
826           4677.37        4839.17
827           4677.37        4839.17
828           4677.37        4839.17
829           4677.37        4839.17
830           4677.37        4839.17
831           4677.37        4839.17
832           4677.37        4839.17
833           4677.37        4839.17
834           4677.37        4839.17
835           4677.37        4839.17
836           4677.37        4839.17
837           4677.37        4839.17
838           4677.37        4839.17
839           4677.37        4839.17
840           4677.37        4839.16
841           4677.37        4839.16
842           4677.37        4839.16
843           4677.37        4839.16
844           4677.37        4839.16
845           4677.37        4839.15
846           4677.37        4839.15
847           4677.37        4839.15
848           4677.37        4839.15
849           4677.37        4839.15
850           4677.37        4839.15
851           4677.37        4839.15
852           4677.37        4839.15
853           4677.37        4839.15
854           4677.37        4839.15
855           4677.37        4839.15
856           4677.37        4839.15
857           4677.37        4839.15
858           4677.37        4839.15
859           4677.37        4839.15
860           4677.37        4839.15
861           4677.37        4839.15
862           4677.37        4839.15
863           4677.37        4839.15
864           4677.37        4839.15
865           4677.37        4839.14
866           4677.37        4839.14
867           4677.37        4839.14
868           4677.37        4839.14
869           4677.37        4839.14
870           4677.37        4839.13
871           4677.37        4839.13
872           4677.37        4839.13
873           4677.37        4839.12
874           4677.37        4839.12
875           4677.37        4839.12
876           4677.37        4839.12
877           4677.37        4839.12
878           4677.37        4839.12
879           4677.37        4839.12
880           4677.37        4839.12
881           4677.37        4839.12
882           4677.37        4839.12
883           4677.37        4839.12
884           4677.37        4839.12
885           4677.37        4839.12
886           4677.37        4839.12
887           4677.37        4839.09
888           4677.37        4839.09
889           4677.37        4839.08
890           4677.37        4839.07
891           4677.37        4839.07
892           4677.37        4839.07
893           4677.37        4839.07
894           4677.37        4839.07
895           4677.37        4839.07
896           4677.37        4839.07
897           4677.37        4839.07
898           4677.37        4839.05
899           4677.37        4839.05
900           4677.37        4839.05
901           4677.37        4839.05
902           4677.37        4839.05
903           4677.37        4839.05
904           4677.37        4839.04
905           4677.37        4839.04
906           4677.37        4839.04
907           4677.37        4839.04
908           4677.37        4839.04
909           4677.37        4839.03
910           4677.37        4839.03
911           4677.37        4839.03
912           4677.37        4839.03
913           4677.37        4839.03
914           4677.37        4839.03
915           4677.37        4839.03
916           4677.37        4839.01
917           4677.37        4839.01
918           4677.37        4839.01
919           4677.37        4839.01
920           4677.37        4839.01
921           4677.37        4839.01
922           4677.37        4839.01
923           4677.37        4839.01
924           4677.37        4839.01
925           4677.37        4839.01
926           4677.37        4839.01
927           4677.37        4839.01
928           4677.37        4839.01
929           4677.37        4839.01
930           4677.37        4839.01
931           4677.37        4839.01
932           4677.37           4839
933           4677.37           4839
934           4677.37           4839
935           4677.37        4838.99
936           4677.37        4838.99
937           4677.37        4838.99
938           4677.37        4838.99
939           4677.37        4838.99
940           4677.37        4838.99
941           4677.37        4838.99
942           4677.37        4838.99
943           4677.37        4838.99
944           4677.37        4838.99
945           4677.37        4838.99
946           4677.37        4838.99
947           4677.37        4838.99
948           4677.37        4838.99
949           4677.37        4838.99
950           4677.37        4838.99
951           4677.37        4838.99
952           4677.37        4838.99
953           4677.37        4838.99
954           4677.37        4838.99
955           4677.37        4838.99
956           4677.37        4838.99
957           4677.37        4838.99
958           4677.37        4838.99
959           4677.37        4838.99
960           4677.37        4838.98
961           4677.37        4838.98
962           4677.37        4838.98
963           4677.37        4838.98
964           4677.37        4838.98
965           4677.37        4838.98
966           4677.37        4838.98
967           4677.37        4838.98
968           4677.37        4838.98
969           4677.37        4838.98
970           4677.37        4838.98
971           4677.37        4838.98
972           4677.37        4838.98
973           4677.37        4838.98
974           4677.37        4838.97
975           4677.37        4838.97
976           4677.37        4838.97
977           4677.37        4838.97
978           4677.37        4838.97
979           4677.37        4838.97
980           4677.37        4838.97
981           4677.37        4838.97
982           4677.37        4838.97
983           4677.37        4838.97
984           4677.37        4838.97
985           4677.37        4838.97
986           4677.37        4838.97
987           4677.37        4838.97
988           4677.37        4838.97
989           4677.37        4838.97
990           4677.37        4838.97
991           4677.37        4838.97
992           4677.37        4838.96
993           4677.37        4838.96
994           4677.37        4838.96
995           4677.37        4838.96
996           4677.37        4838.96
997           4677.37        4838.96
998           4677.37        4838.96
999           4677.37        4838.96
1000           4677.37        4838.96
1001           4677.37        4838.96
1002           4677.37        4838.96
1003           4677.37        4838.96
1004           4677.37        4838.96
1005           4677.37        4838.96
1006           4677.37        4838.96
1007           4677.37        4838.96
1008           4677.37        4838.96
1009           4677.37        4838.96
1010           4677.37        4838.96
1011           4677.37        4838.96
1012           4677.37        4838.96
1013           4677.37        4838.96
1014           4677.37        4838.96
1015           4677.37        4838.96
1016           4677.37        4838.96
1017           4677.37        4838.95
1018           4677.37        4838.95
1019           4677.37        4838.94
1020           4677.37        4838.94
1021           4677.37        4838.94
1022           4677.37        4838.94
1023           4677.37        4838.94
1024           4677.37        4838.94
1025           4677.37        4838.94
1026           4677.37        4838.94
1027           4677.37        4838.94
1028           4677.37        4838.93
1029           4677.37        4838.93
1030           4677.37        4838.93
1031           4677.37        4838.93
1032           4677.37        4838.93
1033           4677.37        4838.93
1034           4677.37        4838.93
1035           4677.37        4838.93
1036           4677.37        4838.92
1037           4677.37        4838.92
1038           4677.37        4838.92
1039           4677.37        4838.92
1040           4677.37        4838.92
1041           4677.37        4838.92
1042           4677.37        4838.92
1043           4677.37        4838.92
1044           4677.37        4838.92
1045           4677.37        4838.92
1046           4677.37        4838.92
1047           4677.37        4838.92
1048           4677.37        4838.92
1049           4677.37        4838.92
1050           4677.37        4838.92
1051           4677.37        4838.92
1052           4677.37        4838.92
1053           4677.37        4838.92
1054           4677.37        4838.92
1055           4677.37        4838.92
1056           4677.37        4838.92
1057           4677.37        4838.92
1058           4677.37        4838.92
1059           4677.37        4838.92
1060           4677.37        4838.92
1061           4677.37        4838.92
1062           4677.37        4838.91
1063           4677.37        4838.91
1064           4677.37        4838.91
1065           4677.37        4838.91
1066           4677.37        4838.91
1067           4677.37        4838.91
1068           4677.37        4838.91
1069           4677.37        4838.91
1070           4677.37        4838.91
1071           4677.37        4838.91
1072           4677.37        4838.91
1073           4677.37        4838.91
1074           4677.37        4838.91
1075           4677.37         4838.9
1076           4677.37         4838.9
1077           4677.37         4838.9
1078           4677.37         4838.9
1079           4677.37         4838.9
1080           4677.37         4838.9
1081           4677.37         4838.9
1082           4677.37         4838.9
1083           4677.37         4838.9
1084           4677.37         4838.9
1085           4677.37         4838.9
1086           4677.37         4838.9
1087           4677.37         4838.9
1088           4677.37         4838.9
1089           4677.37         4838.9
1090           4677.37         4838.9
1091           4677.37         4838.9
1092           4677.37         4838.9
1093           4677.37         4838.9
1094           4677.37         4838.9
1095           4677.37         4838.9
1096           4677.37         4838.9
1097           4677.37         4838.9
1098           4677.37         4838.9
1099           4677.37        4838.89
1100           4677.37        4838.89
1101           4677.37        4838.89
1102           4677.37        4838.89
1103           4677.37        4838.89
1104           4677.37        4838.89
1105           4677.37        4838.89
1106           4677.37        4838.89
1107           4677.37        4838.89
1108           4677.37        4838.89
1109           4677.37        4838.89
1110           4677.37        4838.89
1111           4677.37        4838.89
1112           4677.37        4838.89
1113           4677.37        4838.89
1114           4677.37        4838.89
1115           4677.37        4838.89
1116           4677.37        4838.89
1117           4677.37        4838.89
1118           4677.37        4838.89
1119           4677.37        4838.89
1120           4677.37        4838.89
1121           4677.37        4838.87
1122           4677.37        4838.87
1123           4677.37        4838.87
1124           4677.37        4838.86
1125           4677.37        4838.86
1126           4677.37        4838.86
1127           4677.37        4838.86
1128           4677.37        4838.86
1129           4677.37        4838.86
1130           4677.37        4838.86
1131           4677.37        4838.86
1132           4677.37        4838.86
1133           4677.37        4838.86
1134           4677.37        4838.86
1135           4677.37        4838.86
1136           4677.37        4838.86
1137           4677.37        4838.86
1138           4677.37        4838.86
1139           4677.37        4838.86
1140           4677.37        4838.86
1141           4677.37        4838.86
1142           4677.37        4838.86
1143           4677.37        4838.84
1144           4677.37        4838.84
1145           4677.37        4838.84
1146           4677.37        4838.84
1147           4677.37        4838.84
1148           4677.37        4838.84
1149           4677.37        4838.84
1150           4677.37        4838.84
1151           4677.37        4838.84
1152           4677.37        4838.84
1153           4677.37        4838.84
1154           4677.37        4838.84
1155           4677.37        4838.84
1156           4677.37        4838.84
1157           4677.37        4838.84
1158           4677.37        4838.84
1159           4677.37        4838.84
1160           4677.37        4838.84
1161           4677.37        4838.84
1162           4677.37        4838.84
1163           4677.37        4838.84
1164           4677.37        4838.84
1165           4677.37        4838.84
1166           4677.37        4838.84
1167           4677.37        4838.84
1168           4677.37        4838.84
1169           4677.37        4838.84
1170           4677.37        4838.84
1171           4677.37        4838.84
1172           4677.37        4838.84
1173           4677.37        4838.82
1174           4677.37        4838.82
1175           4677.37        4838.82
1176           4677.37        4838.82
1177           4677.37        4838.82
1178           4677.37        4838.82
1179           4677.37        4838.82
1180           4677.37        4838.82
1181           4677.37        4838.82
1182           4677.37        4838.82
1183           4677.37        4838.82
1184           4677.37        4838.82
1185           4677.37        4838.82
1186           4677.37        4838.82
1187           4677.37        4838.82
1188           4677.37        4838.81
1189           4677.37        4838.81
1190           4677.37        4838.81
1191           4677.37        4838.81
1192           4677.37        4838.81
1193           4677.36        4838.81
1194           4677.36        4838.81
1195           4677.36        4838.81
1196           4677.36        4838.81
1197           4677.36        4838.81
1198           4677.36        4838.81
1199           4677.36        4838.81
1200           4677.36        4838.81
1201           4677.36        4838.81
1202           4677.36        4838.81
1203           4677.36        4838.81
1204           4677.36        4838.81
1205           4677.36        4838.81
1206           4677.36        4838.81
1207           4677.36        4838.81
1208           4677.36        4838.79
1209           4677.36        4838.79
1210           4677.36        4838.79
1211           4677.36        4838.79
1212           4677.36        4838.79
1213           4677.36        4838.79
1214           4677.36        4838.79
1215           4677.36        4838.79
1216           4677.36        4838.79
1217           4677.36        4838.79
1218           4677.36        4838.79
1219           4677.36        4838.79
1220           4677.36        4838.79
1221           4677.36        4838.79
1222           4677.36        4838.79
1223           4677.36        4838.79
1224           4677.36        4838.79
1225           4677.36        4838.79
1226           4677.36        4838.79
1227           4677.36        4838.79
1228           4677.36        4838.79
1229           4677.36        4838.79
1230           4677.36        4838.79
1231           4677.36        4838.79
1232           4677.36        4838.79
1233           4677.36        4838.79
1234           4677.36        4838.79
1235           4677.36        4838.79
1236           4677.36        4838.79
1237           4677.36        4838.79
1238           4677.36        4838.79
1239           4677.36        4838.79
1240           4677.36        4838.79
1241           4677.36        4838.79
1242           4677.36        4838.79
1243           4677.36        4838.79
1244           4677.36        4838.79
1245           4677.36        4838.79
1246           4677.36        4838.79
1247           4677.36        4838.79
1248           4677.36        4838.79
1249           4677.36        4838.79
1250           4677.36        4838.79
1251           4677.36        4838.79
1252           4677.36        4838.79
1253           4677.36        4838.79
1254           4677.36        4838.79
1255           4677.36        4838.78
1256           4677.36        4838.78
1257           4677.36        4838.78
1258           4677.36        4838.78
1259           4677.36        4838.78
1260           4677.36        4838.78
1261           4677.36        4838.78
1262           4677.36        4838.78
1263           4677.36        4838.78
1264           4677.36        4838.78
1265           4677.36        4838.78
1266           4677.36        4838.78
1267           4677.36        4838.78
1268           4677.36        4838.78
1269           4677.36        4838.77
1270           4677.36        4838.77
1271           4677.36        4838.77
1272           4677.36        4838.77
1273           4677.36        4838.77
1274           4677.36        4838.77
1275           4677.36        4838.77
1276           4677.36        4838.77
1277           4677.36        4838.77
1278           4677.36        4838.77
1279           4677.36        4838.77
1280           4677.36        4838.77
1281           4677.36        4838.77
1282           4677.36        4838.77
1283           4677.36        4838.77
1284           4677.36        4838.77
1285           4677.36        4838.77
1286           4677.36        4838.77
1287           4677.36        4838.77
1288           4677.36        4838.77
1289           4677.36        4838.77
1290           4677.36        4838.77
1291           4677.36        4838.77
1292           4677.36        4838.77
1293           4677.36        4838.77
1294           4677.36        4838.77
1295           4677.36        4838.77
1296           4677.36        4838.77
1297           4677.36        4838.77
1298           4677.36        4838.77
1299           4677.36        4838.77
1300           4677.36        4838.77
1301           4677.36        4838.77
1302           4677.36        4838.77
1303           4677.36        4838.77
1304           4677.36        4838.77
1305           4677.36        4838.77
1306           4677.36        4838.77
1307           4677.36        4838.77
1308           4677.36        4838.77
1309           4677.36        4838.77
1310           4677.36        4838.77
1311           4677.36        4838.77
1312           4677.36        4838.77
1313           4677.36        4838.77
1314           4677.36        4838.77
1315           4677.36        4838.77
1316           4677.36        4838.77
1317           4677.36        4838.77
1318           4677.33        4838.76
1319           4677.33        4838.76
1320           4677.33        4838.76
1321           4677.33        4838.76
1322           4677.33        4838.76
1323           4677.33        4838.76
1324           4677.33        4838.76
1325           4677.33        4838.76
1326           4677.33        4838.76
1327           4677.33        4838.76
1328           4677.33        4838.76
1329           4677.33        4838.75
1330           4677.33        4838.75
1331           4677.33        4838.75
1332           4677.33        4838.75
1333           4677.33        4838.75
1334           4677.33        4838.75
1335           4677.33        4838.75
1336           4677.33        4838.75
1337           4677.33        4838.75
1338           4677.33        4838.75
1339           4677.33        4838.75
1340           4677.33        4838.75
1341           4677.33        4838.75
1342           4677.33        4838.75
1343           4677.33        4838.75
1344           4677.27        4838.75
1345           4677.27        4838.75
1346           4677.27        4838.75
1347           4677.27        4838.75
1348           4677.27        4838.75
1349           4677.27        4838.74
1350           4677.27        4838.74
1351           4677.27        4838.74
1352           4677.27        4838.74
1353           4677.27        4838.74
1354           4677.27        4838.74
1355           4677.27        4838.74
1356           4677.27        4838.74
1357           4677.27        4838.74
1358           4677.27        4838.74
1359           4677.27        4838.74
1360           4677.27        4838.74
1361           4677.27        4838.74
1362           4677.27        4838.74
1363           4677.27        4838.74
1364           4677.27        4838.74
1365           4677.27        4838.74
1366           4677.27        4838.74
1367           4677.27        4838.74
1368           4677.27        4838.74
1369           4677.27        4838.74
1370           4677.27        4838.74
1371           4677.27        4838.74
1372           4677.27        4838.74
1373           4677.27        4838.74
1374           4677.27        4838.74
1375           4677.27        4838.74
1376           4677.27        4838.74
1377           4677.27        4838.74
1378           4677.27        4838.74
1379           4677.27        4838.74
1380           4677.27        4838.74
1381           4677.27        4838.74
1382           4677.27        4838.74
1383           4677.27        4838.74
1384           4677.27        4838.74
1385           4677.27        4838.74
1386           4677.27        4838.74
1387           4677.27        4838.74
1388           4677.27        4838.74
1389           4677.27        4838.74
1390           4677.27        4838.74
1391           4677.27        4838.74
1392           4677.27        4838.74
1393           4677.27        4838.74
1394           4677.27        4838.74
1395           4677.27        4838.74
1396           4677.27        4838.74
1397           4677.27        4838.74
1398           4677.27        4838.74
1399           4677.27        4838.74
1400           4677.27        4838.74
1401           4677.27        4838.74
1402           4677.27        4838.74
1403           4677.27        4838.74
1404           4677.27        4838.74
1405           4677.27        4838.74
1406           4677.27        4838.74
1407           4677.27        4838.74
1408           4677.27        4838.74
1409           4677.27        4838.74
1410           4677.27        4838.74
1411           4677.27        4838.74
1412           4677.27        4838.74
1413           4677.27        4838.74
1414           4677.27        4838.74
1415           4677.27        4838.74
1416           4677.27        4838.74
1417           4677.27        4838.74
1418           4677.27        4838.74
1419           4677.27        4838.74
1420           4677.27        4838.74
1421           4677.27        4838.74
1422           4677.27        4838.74
1423           4677.27        4838.74
1424           4677.27        4838.74
1425           4677.27        4838.74
1426           4677.27        4838.74
1427           4677.27        4838.74
1428           4677.27        4838.74
1429           4677.27        4838.74
1430           4677.27        4838.74
1431           4677.27        4838.74
1432           4677.27        4838.74
1433           4677.27        4838.74
1434           4677.27        4838.74
1435           4677.27        4838.74
1436           4677.27        4838.74
1437           4677.27        4838.74
1438           4677.27        4838.74
1439           4677.27        4838.74
1440           4677.27        4838.74
1441           4677.27        4838.74
1442           4677.27        4838.74
1443           4677.27        4838.74
1444           4677.27        4838.74
1445           4677.27        4838.74
1446           4677.27        4838.74
1447           4677.27        4838.74
1448           4677.27        4838.74
1449           4677.27        4838.74
1450           4677.27        4838.74
1451           4677.27        4838.74
1452           4677.27        4838.74
1453           4677.27        4838.74
1454           4677.27        4838.74
1455           4677.27        4838.74
1456           4677.27        4838.74
1457           4677.27        4838.74
1458           4677.27        4838.74
1459           4677.27        4838.74
1460           4677.27        4838.74
1461           4677.27        4838.74
1462           4677.27        4838.74
1463           4677.27        4838.74
1464           4677.27        4838.74
1465           4677.26        4838.73
1466           4677.26        4838.73
1467           4677.26        4838.73
1468           4677.26        4838.73
1469           4677.26        4838.73
1470           4677.26        4838.73
1471           4677.26        4838.73
1472           4677.26        4838.73
1473           4677.26        4838.73
1474           4677.26        4838.73
1475           4677.26        4838.73
1476           4677.26        4838.73
1477           4677.26        4838.72
1478           4677.26        4838.72
1479           4677.26        4838.72
1480           4677.26        4838.72
1481           4677.26        4838.72
1482           4677.26        4838.72
1483           4677.26        4838.72
1484           4677.26        4838.72
1485           4677.26        4838.72
1486           4677.26        4838.72
1487           4677.26        4838.72
1488           4677.26        4838.72
1489           4677.26        4838.72
1490           4677.26        4838.72
1491           4677.26        4838.72
1492           4677.26        4838.72
1493           4677.26        4838.72
1494           4677.26        4838.72
1495           4677.26        4838.71
1496           4677.26        4838.71
1497           4677.26        4838.71
1498           4677.26        4838.71
1499           4677.26        4838.71
1500           4677.26        4838.71
1501           4677.26        4838.71
1502           4677.26        4838.71
1503           4677.26        4838.71
1504           4677.26        4838.71
1505           4677.26        4838.71
1506           4677.26        4838.71
1507           4677.26        4838.71
1508           4677.26        4838.71
1509           4677.26        4838.71
1510           4677.26        4838.71
1511           4677.26        4838.71
1512           4677.26        4838.71
1513           4677.26        4838.71
1514           4677.26        4838.71
1515           4677.26        4838.71
1516           4677.26        4838.71
1517           4677.26        4838.71
1518           4677.26        4838.71
1519           4677.26        4838.71
1520           4677.26        4838.71
1521           4677.26        4838.71
1522           4677.26        4838.71
1523           4677.26        4838.71
1524           4677.26        4838.71
1525           4677.26        4838.71
1526           4677.26        4838.71
1527           4677.26        4838.71
1528           4677.26        4838.71
1529           4677.26        4838.71
1530           4677.26        4838.71
1531           4677.26        4838.71
1532           4677.26        4838.71
1533           4677.26        4838.71
1534           4677.26        4838.71
1535           4677.26         4838.7
1536           4677.26         4838.7
1537           4677.26         4838.7
1538           4677.26         4838.7
1539           4677.26         4838.7
1540           4677.26         4838.7
1541           4677.26         4838.7
1542           4677.26         4838.7
1543           4677.26        4838.69
1544           4677.26        4838.69
1545           4677.26        4838.69
1546           4677.26        4838.69
1547           4677.26        4838.69
1548           4677.26        4838.69
1549           4677.26        4838.69
1550           4677.26        4838.69
1551           4677.26        4838.69
1552           4677.26        4838.69
1553           4677.26        4838.69
1554           4677.26        4838.69
1555           4677.26        4838.69
1556           4677.26        4838.69
1557           4677.26        4838.69
1558           4677.26        4838.69
1559           4677.26        4838.69
1560           4677.26        4838.69
1561           4677.26        4838.69
1562           4677.26        4838.69
1563           4677.26        4838.69
1564           4677.26        4838.69
1565           4677.26        4838.69
1566           4677.26        4838.69
1567           4677.26        4838.69
1568           4677.26        4838.69
1569           4677.26        4838.69
1570           4677.26        4838.69
1571           4677.26        4838.69
1572           4677.26        4838.69
1573           4677.26        4838.69
1574           4677.26        4838.69
1575           4677.26        4838.69
1576           4677.26        4838.69
1577           4677.26        4838.69
1578           4677.26        4838.69
1579           4677.26        4838.69
1580           4677.26        4838.69
1581           4677.26        4838.69
1582           4677.26        4838.69
1583           4677.26        4838.69
1584           4677.26        4838.69
1585           4677.26        4838.69
1586           4677.26        4838.69
1587           4677.26        4838.69
1588           4677.26        4838.69
1589           4677.26        4838.69
1590           4677.26        4838.69
1591           4677.26        4838.69
1592           4677.26        4838.69
1593           4677.26        4838.69
1594           4677.26        4838.69
1595           4677.26        4838.69
1596           4677.26        4838.69
1597           4677.26        4838.69
1598           4677.26        4838.69
1599           4677.26        4838.69
1600           4677.26        4838.69
1601           4677.26        4838.69
1602           4677.26        4838.69
1603           4677.26        4838.69
1604           4677.26        4838.69
1605           4677.26        4838.69
1606           4677.26        4838.69
1607           4677.25        4838.69
1608           4677.25        4838.69
1609           4677.25        4838.69
1610           4677.25        4838.69
1611           4677.25        4838.69
1612           4677.25        4838.69
1613           4677.25        4838.69
1614           4677.25        4838.69
1615           4677.25        4838.69
1616           4677.25        4838.69
1617           4677.25        4838.69
1618           4677.25        4838.68
1619           4677.25        4838.68
1620           4677.25        4838.68
1621           4677.25        4838.68
1622           4677.25        4838.68
1623           4677.25        4838.68
1624           4677.25        4838.68
1625           4677.25        4838.68
1626           4677.25        4838.68
1627           4677.25        4838.68
1628           4677.25        4838.68
1629           4677.25        4838.68
1630           4677.25        4838.68
1631           4677.25        4838.68
1632           4677.25        4838.68
1633           4677.25        4838.68
1634           4677.25        4838.68
1635           4677.25        4838.68
1636           4677.25        4838.68
1637           4677.25        4838.68
1638           4677.25        4838.68
1639           4677.25        4838.68
1640           4677.25        4838.68
1641           4677.25        4838.68
1642           4677.25        4838.68
1643           4677.25        4838.68
1644           4677.25        4838.68
1645           4677.25        4838.68
1646           4677.25        4838.68
1647           4677.25        4838.67
1648           4677.25        4838.67
1649           4677.25        4838.67
1650           4677.25        4838.67
1651           4677.25        4838.67
1652           4677.25        4838.67
1653           4677.25        4838.67
1654           4677.25        4838.67
1655           4677.25        4838.67
1656           4677.25        4838.67
1657           4677.25        4838.67
1658           4677.25        4838.67
1659           4677.25        4838.67
1660           4677.25        4838.67
1661           4677.25        4838.67
1662           4677.25        4838.67
1663           4677.25        4838.67
1664           4677.25        4838.67
1665           4677.25        4838.67
1666           4677.25        4838.67
1667           4677.25        4838.67
1668           4677.25        4838.67
1669           4677.25        4838.67
1670           4677.25        4838.67
1671           4677.25        4838.67
1672           4677.25        4838.67
1673           4677.25        4838.67
1674           4677.25        4838.67
1675           4677.25        4838.67
1676           4677.25        4838.67
1677           4677.25        4838.66
1678           4677.25        4838.66
1679           4677.25        4838.66
1680           4677.25        4838.66
1681           4677.25        4838.66
1682           4677.25        4838.66
1683           4677.25        4838.66
1684           4677.25        4838.66
1685           4677.25        4838.66
1686           4677.25        4838.66
1687           4677.25        4838.66
1688           4677.25        4838.66
1689           4677.25        4838.66
1690           4677.25        4838.66
1691           4677.25        4838.66
1692           4677.25        4838.66
1693           4677.25        4838.66
1694           4677.25        4838.66
1695           4677.25        4838.66
1696           4677.25        4838.66
1697           4677.25        4838.66
1698           4677.25        4838.66
1699           4677.25        4838.66
1700           4677.25        4838.66
1701           4677.25        4838.66
1702           4677.25        4838.65
1703           4677.25        4838.65
1704           4677.25        4838.65
1705           4677.25        4838.65
1706           4677.25        4838.65
1707           4677.25        4838.65
1708           4677.25        4838.65
1709           4677.25        4838.65
1710           4677.25        4838.65
1711           4677.25        4838.65
1712           4677.25        4838.65
1713           4677.25        4838.65
1714           4677.25        4838.65
1715           4677.25        4838.65
1716           4677.25        4838.65
1717           4677.25        4838.65
1718           4677.25        4838.65
1719           4677.25        4838.65
1720           4677.25        4838.65
1721           4677.25        4838.65
1722           4677.25        4838.65
1723           4677.25        4838.65
1724           4677.25        4838.65
1725           4677.25        4838.65
1726           4677.25        4838.65
1727           4677.25        4838.65
1728           4677.25        4838.65
1729           4677.25        4838.65
1730           4677.25        4838.65
1731           4677.25        4838.65
1732           4677.25        4838.65
1733           4677.25        4838.65
1734           4677.25        4838.65
1735           4677.25        4838.65
1736           4677.25        4838.65
1737           4677.25        4838.65
1738           4677.25        4838.65
1739           4677.25        4838.65
1740           4677.25        4838.65
1741           4677.25        4838.65
1742           4677.25        4838.65
1743           4677.25        4838.65
1744           4677.25        4838.65
1745           4677.25        4838.65
1746           4677.25        4838.65
1747           4677.25        4838.65
1748           4677.25        4838.64
1749           4677.25        4838.64
1750           4677.25        4838.64
1751           4677.25        4838.64
1752           4677.25        4838.64
1753           4677.25        4838.64
1754           4677.25        4838.64
1755           4677.25        4838.64
1756           4677.25        4838.64
1757           4677.25        4838.64
1758           4677.25        4838.64
1759           4677.25        4838.64
1760           4677.25        4838.64
1761           4677.25        4838.64
1762           4677.25        4838.64
1763           4677.25        4838.64
1764           4677.25        4838.64
1765           4677.25        4838.64
1766           4677.25        4838.64
1767           4677.25        4838.64
1768           4677.25        4838.64
1769           4677.25        4838.64
1770           4677.25        4838.64
1771           4677.25        4838.64
1772           4677.25        4838.64
1773           4677.25        4838.64
1774           4677.25        4838.64
1775           4677.25        4838.64
1776           4677.25        4838.64
1777           4677.25        4838.64
1778           4677.25        4838.64
1779           4677.25        4838.64
1780           4677.25        4838.64
1781           4677.25        4838.64
1782           4677.25        4838.64
1783           4677.25        4838.64
1784           4677.25        4838.64
1785           4677.25        4838.64
1786           4677.25        4838.64
1787           4677.25        4838.64
1788           4677.25        4838.64
1789           4677.25        4838.64
1790           4677.25        4838.64
1791           4677.25        4838.64
1792           4677.25        4838.64
1793           4677.25        4838.64
1794           4677.25        4838.64
1795           4677.25        4838.64
1796           4677.25        4838.64
1797           4677.25        4838.64
1798           4677.25        4838.64
1799           4677.25        4838.64
1800           4677.25        4838.64
1801           4677.25        4838.64
1802           4677.25        4838.64
1803           4677.25        4838.64
1804           4677.25        4838.64
1805           4677.25        4838.63
1806           4677.25        4838.63
1807           4677.25        4838.63
1808           4677.25        4838.63
1809           4677.25        4838.63
1810           4677.25        4838.63
1811           4677.25        4838.63
1812           4677.25        4838.63
1813           4677.25        4838.63
1814           4677.25        4838.63
1815           4677.25        4838.63
1816           4677.25        4838.63
1817           4677.25        4838.63
1818           4677.25        4838.63
1819           4677.25        4838.63
1820           4677.25        4838.63
1821           4677.25        4838.63
1822           4677.25        4838.63
1823           4677.25        4838.63
1824           4677.25        4838.63
1825           4677.25        4838.63
1826           4677.25        4838.63
1827           4677.25        4838.63
1828           4677.25        4838.63
1829           4677.25        4838.63
1830           4677.25        4838.63
1831           4677.25        4838.63
1832           4677.25        4838.63
1833           4677.25        4838.63
1834           4677.25        4838.63
1835           4677.25        4838.63
1836           4677.25        4838.63
1837           4677.25        4838.63
1838           4677.25        4838.63
1839           4677.25        4838.63
1840           4677.25        4838.63
1841           4677.24        4838.63
1842           4677.24        4838.63
1843           4677.24        4838.63
1844           4677.24        4838.63
1845           4677.24        4838.63
1846           4677.24        4838.63
1847           4677.24        4838.63
1848           4677.24        4838.62
1849           4677.24        4838.62
1850           4677.24        4838.62
1851           4677.24        4838.62
1852           4677.24        4838.62
1853           4677.24        4838.62
1854           4677.24        4838.62
1855           4677.24        4838.62
1856           4677.24        4838.62
1857           4677.24        4838.62
1858           4677.24        4838.62
1859           4677.24        4838.62
1860           4677.24        4838.62
1861           4677.24        4838.62
1862           4677.24        4838.62
1863           4677.24        4838.62
1864           4677.24        4838.62
1865           4677.24        4838.62
1866           4677.24        4838.62
1867           4677.24        4838.62
1868           4677.24        4838.62
1869           4677.24        4838.62
1870           4677.24        4838.62
1871           4677.24        4838.62
1872           4677.24        4838.62
1873           4677.24        4838.62
1874           4677.24        4838.62
1875           4677.24        4838.62
1876           4677.24        4838.62
1877           4677.24        4838.62
1878           4677.24        4838.62
1879           4677.24        4838.62
1880           4677.24        4838.62
1881           4677.24        4838.62
1882           4677.24        4838.62
1883           4677.24        4838.62
1884           4677.24        4838.62
1885           4677.24        4838.62
1886           4677.24        4838.62
1887           4677.24        4838.62
1888           4677.24        4838.62
1889           4677.24        4838.62
1890           4677.24        4838.62
1891           4677.24        4838.62
1892           4677.24        4838.62
1893           4677.24        4838.62
1894           4677.24        4838.62
1895           4677.24        4838.62
1896           4677.24        4838.62
1897           4677.24        4838.62
1898           4677.24        4838.62
1899           4677.24        4838.62
1900           4677.24        4838.62
1901           4677.24        4838.62
1902           4677.24        4838.62
1903           4677.24        4838.62
1904           4677.24        4838.62
1905           4677.24        4838.62
1906           4677.24        4838.62
1907           4677.24        4838.62
1908           4677.24        4838.62
1909           4677.24        4838.62
1910           4677.24        4838.62
1911           4677.24        4838.62
1912           4677.24        4838.62
1913           4677.24        4838.62
1914           4677.24        4838.62
1915           4677.24        4838.62
1916           4677.24        4838.62
1917           4677.24        4838.62
1918           4677.24        4838.62
1919           4677.24        4838.62
1920           4677.24        4838.62
1921           4677.24        4838.62
1922           4677.24        4838.62
1923           4677.24        4838.62
1924           4677.24        4838.62
1925           4677.24        4838.62
1926           4677.24        4838.62
1927           4677.24        4838.62
1928           4677.24        4838.62
1929           4677.24        4838.62
1930           4677.24        4838.62
1931           4677.24        4838.62
1932           4677.24        4838.62
1933           4677.24        4838.62
1934           4677.24        4838.62
1935           4677.24        4838.62
1936           4677.24        4838.62
1937           4677.24        4838.62
1938           4677.24        4838.62
1939           4677.24        4838.62
1940           4677.24        4838.62
1941           4677.24        4838.62
1942           4677.24        4838.62
1943           4677.24        4838.62
1944           4677.24        4838.62
1945           4677.24        4838.62
1946           4677.24        4838.62
1947           4677.24        4838.62
1948           4677.24        4838.62
1949           4677.24        4838.62
1950           4677.24        4838.62
1951           4677.24        4838.62
1952           4677.24        4838.62
1953           4677.24        4838.62
1954           4677.24        4838.62
1955           4677.24        4838.62
1956           4677.24        4838.62
1957           4677.24        4838.62
1958           4677.24        4838.62
1959           4677.24        4838.62
1960           4677.24        4838.62
1961           4677.24        4838.62
1962           4677.24        4838.62
1963           4677.24        4838.62
1964           4677.24        4838.61
1965           4677.24        4838.61
1966           4677.24        4838.61
1967           4677.24        4838.61
1968           4677.24        4838.61
1969           4677.24        4838.61
1970           4677.24        4838.61
1971           4677.24        4838.61
1972           4677.24        4838.61
1973           4677.24        4838.61
1974           4677.24        4838.61
1975           4677.24        4838.61
1976           4677.24        4838.61
1977           4677.24        4838.61
1978           4677.24        4838.61
1979           4677.24        4838.61
1980           4677.24        4838.61
1981           4677.24        4838.61
1982           4677.24        4838.61
1983           4677.24        4838.61
1984           4677.24        4838.61
1985           4677.24        4838.61
1986           4677.24        4838.61
1987           4677.24        4838.61
1988           4677.24        4838.61
1989           4677.24        4838.61
1990           4677.24        4838.61
1991           4677.24        4838.61
1992           4677.24        4838.61
1993           4677.24        4838.61
1994           4677.24        4838.61
1995           4677.24        4838.61
1996           4677.24        4838.61
1997           4677.24        4838.61
1998           4677.24        4838.61
1999           4677.24        4838.61
2000           4677.24        4838.61
2001           4677.24        4838.61
2002           4677.24        4838.61
2003           4677.24        4838.61
2004           4677.24        4838.61
2005           4677.24        4838.61
2006           4677.24        4838.61
2007           4677.24        4838.61
2008           4677.24        4838.61
2009           4677.24        4838.61
2010           4677.24        4838.61
2011           4677.24        4838.61
2012           4677.24        4838.61
2013           4677.24        4838.61
2014           4677.24        4838.61
2015           4677.24        4838.61
2016           4677.24        4838.61
2017           4677.24        4838.61
2018           4677.24        4838.61
2019           4677.24        4838.61
2020           4677.24        4838.61
2021           4677.24        4838.61
2022           4677.24        4838.61
2023           4677.24        4838.61
2024           4677.24        4838.61
2025           4677.24        4838.61
2026           4677.24        4838.61
2027           4677.24         4838.6
2028           4677.24         4838.6
2029           4677.24         4838.6
2030           4677.24         4838.6
2031           4677.24         4838.6
2032           4677.24         4838.6
2033           4677.24         4838.6
2034           4677.24         4838.6
2035           4677.24         4838.6
2036           4677.24         4838.6
2037           4677.24         4838.6
2038           4677.24         4838.6
2039           4677.24         4838.6
2040           4677.24         4838.6
2041           4677.24         4838.6
2042           4677.24         4838.6
2043           4677.24         4838.6
2044           4677.24         4838.6
2045           4677.24         4838.6
2046           4677.24         4838.6
2047           4677.24         4838.6
2048           4677.24         4838.6
2049           4677.24         4838.6
2050           4677.24         4838.6
2051           4677.24         4838.6
2052           4677.24         4838.6
2053           4677.24         4838.6
2054           4677.24         4838.6
2055           4677.24         4838.6
2056           4677.24         4838.6
2057           4677.24         4838.6
2058           4677.24         4838.6
2059           4677.24         4838.6
2060           4677.24         4838.6
2061           4677.24         4838.6
2062           4677.24         4838.6
2063           4677.24         4838.6
2064           4677.24         4838.6
2065           4677.24         4838.6
2066           4677.24         4838.6
2067           4677.24         4838.6
2068           4677.24         4838.6
2069           4677.24         4838.6
2070           4677.24         4838.6
2071           4677.24         4838.6
2072           4677.24         4838.6
2073           4677.24         4838.6
2074           4677.24         4838.6
2075           4677.24         4838.6
2076           4677.24         4838.6
2077           4677.24         4838.6
2078           4677.24         4838.6
2079           4677.24         4838.6
2080           4677.24         4838.6
2081           4677.24         4838.6
2082           4677.24         4838.6
2083           4677.24         4838.6
2084           4677.24         4838.6
2085           4677.24         4838.6
2086           4677.24         4838.6
2087           4677.24         4838.6
2088           4677.24         4838.6
2089           4677.24         4838.6
2090           4677.24         4838.6
2091           4677.24         4838.6
2092           4677.24         4838.6
2093           4677.24         4838.6
2094           4677.24         4838.6
2095           4677.24         4838.6
2096           4677.24         4838.6
2097           4677.24        4838.59
2098           4677.24        4838.59
2099           4677.24        4838.59
2100           4677.24        4838.59
2101           4677.24        4838.59
2102           4677.24        4838.59
2103           4677.24        4838.59
2104           4677.24        4838.59
2105           4677.24        4838.59
2106           4677.24        4838.59
2107           4677.24        4838.59
2108           4677.24        4838.59
2109           4677.24        4838.59
2110           4677.24        4838.59
2111           4677.24        4838.59
2112           4677.24        4838.59
2113           4677.24        4838.59
2114           4677.24        4838.59
2115           4677.24        4838.59
2116           4677.24        4838.59
2117           4677.24        4838.59
2118           4677.24        4838.59
2119           4677.24        4838.59
2120           4677.24        4838.59
2121           4677.24        4838.59
2122           4677.24        4838.59
2123           4677.24        4838.59
2124           4677.24        4838.59
2125           4677.24        4838.59
2126           4677.24        4838.59
2127           4677.24        4838.59
2128           4677.24        4838.59
2129           4677.24        4838.59
2130           4677.24        4838.59
2131           4677.24        4838.59
2132           4677.24        4838.59
2133           4677.24        4838.59
2134           4677.24        4838.59
2135           4677.24        4838.59
2136           4677.24        4838.59
2137           4677.24        4838.59
2138           4677.24        4838.59
2139           4677.24        4838.59
2140           4677.24        4838.59
2141           4677.24        4838.59
2142           4677.24        4838.59
2143           4677.24        4838.59
2144           4677.24        4838.59
2145           4677.24        4838.59
2146           4677.24        4838.59
2147           4677.24        4838.59
2148           4677.24        4838.59
2149           4677.24        4838.59
2150           4677.24        4838.59
2151           4677.24        4838.59
2152           4677.24        4838.59
2153           4677.24        4838.59
2154           4677.24        4838.59
2155           4677.24        4838.59
2156           4677.24        4838.59
2157           4677.24        4838.59
2158           4677.24        4838.59
2159           4677.24        4838.59
2160           4677.24        4838.59
2161           4677.24        4838.59
2162           4677.24        4838.59
2163           4677.24        4838.59
2164           4677.24        4838.59
2165           4677.24        4838.59
2166           4677.24        4838.59
2167           4677.24        4838.59
2168           4677.24        4838.59
2169           4677.24        4838.59
2170           4677.24        4838.59
2171           4677.24        4838.59
2172           4677.24        4838.59
2173           4677.24        4838.59
2174           4677.24        4838.59
2175           4677.24        4838.59
2176           4677.24        4838.59
2177           4677.24        4838.59
2178           4677.24        4838.59
2179           4677.24        4838.59
2180           4677.24        4838.59
2181           4677.24        4838.59
2182           4677.24        4838.59
2183           4677.24        4838.59
2184           4677.24        4838.59
2185           4677.24        4838.59
2186           4677.24        4838.59
2187           4677.24        4838.59
2188           4677.24        4838.59
2189           4677.24        4838.59
2190           4677.24        4838.59
2191           4677.24        4838.59
2192           4677.24        4838.59
2193           4677.24        4838.59
2194           4677.24        4838.59
2195           4677.24        4838.59
2196           4677.24        4838.59
2197           4677.24        4838.59
2198           4677.24        4838.59
2199           4677.24        4838.59
2200           4677.24        4838.59
2201           4677.24        4838.59
2202           4677.24        4838.59
2203           4677.24        4838.59
2204           4677.24        4838.59
2205           4677.24        4838.59
2206           4677.24        4838.59
2207           4677.24        4838.59
2208           4677.24        4838.59
2209           4677.24        4838.59
2210           4677.24        4838.59
2211           4677.24        4838.59
2212           4677.24        4838.59
2213           4677.24        4838.59
2214           4677.24        4838.59
2215           4677.24        4838.59
2216           4677.24        4838.59
2217           4677.24        4838.59
2218           4677.24        4838.59
2219           4677.24        4838.59
2220           4677.24        4838.59
2221           4677.24        4838.59
2222           4677.24        4838.59
2223           4677.24        4838.59
2224           4677.24        4838.59
2225           4677.24        4838.59
2226           4677.24        4838.59
2227           4677.24        4838.59
2228           4677.24        4838.59
2229           4677.24        4838.59
2230           4677.24        4838.59
2231           4677.24        4838.59
2232           4677.24        4838.59
2233           4677.24        4838.59
2234           4677.24        4838.59
2235           4677.24        4838.59
2236           4677.24        4838.59
2237           4677.24        4838.59
2238           4677.24        4838.59
2239           4677.24        4838.59
2240           4677.24        4838.59
2241           4677.24        4838.59
2242           4677.24        4838.59
2243           4677.24        4838.59
2244           4677.24        4838.59
2245           4677.24        4838.59
2246           4677.24        4838.59
2247           4677.24        4838.59
2248           4677.24        4838.59
2249           4677.24        4838.59
2250           4677.24        4838.59
2251           4677.24        4838.59
2252           4677.24        4838.59
2253           4677.24        4838.59
2254           4677.24        4838.59
2255           4677.24        4838.59
2256           4677.24        4838.59
2257           4677.24        4838.59
2258           4677.24        4838.59
2259           4677.24        4838.59
2260           4677.24        4838.59
2261           4677.24        4838.59
2262           4677.24        4838.59
2263           4677.24        4838.59
2264           4677.24        4838.59
2265           4677.24        4838.59
2266           4677.24        4838.59
2267           4677.24        4838.59
2268           4677.24        4838.59
2269           4677.24        4838.59
2270           4677.24        4838.59
2271           4677.24        4838.59
2272           4677.24        4838.59
2273           4677.24        4838.59
2274           4677.24        4838.59
2275           4677.24        4838.59
2276           4677.24        4838.59
2277           4677.24        4838.59
2278           4677.24        4838.59
2279           4677.24        4838.59
2280           4677.24        4838.59
2281           4677.24        4838.59
2282           4677.24        4838.59
2283           4677.24        4838.59
2284           4677.24        4838.59
2285           4677.24        4838.59
2286           4677.24        4838.59
2287           4677.24        4838.59
2288           4677.24        4838.59
2289           4677.24        4838.59
2290           4677.24        4838.59
2291           4677.24        4838.59
2292           4677.24        4838.59
2293           4677.24        4838.59
2294           4677.24        4838.59
2295           4677.24        4838.59
2296           4677.24        4838.59
2297           4677.24        4838.59
2298           4677.24        4838.59
2299           4677.24        4838.59
2300           4677.24        4838.59
2301           4677.24        4838.59
2302           4677.24        4838.59
2303           4677.24        4838.59
2304           4677.24        4838.59
2305           4677.24        4838.58
2306           4677.24        4838.58
2307           4677.24        4838.58
2308           4677.24        4838.58
2309           4677.24        4838.58
2310           4677.24        4838.58
2311           4677.24        4838.58
2312           4677.24        4838.58
2313           4677.24        4838.58
2314           4677.24        4838.58
2315           4677.24        4838.58
2316           4677.24        4838.58
2317           4677.24        4838.58
2318           4677.24        4838.58
2319           4677.24        4838.58
2320           4677.24        4838.58
2321           4677.24        4838.58
2322           4677.24        4838.58
2323           4677.24        4838.58
2324           4677.24        4838.58
2325           4677.24        4838.58
2326           4677.24        4838.58
2327           4677.24        4838.58
2328           4677.24        4838.58
2329           4677.24        4838.58
2330           4677.24        4838.58
2331           4677.24        4838.58
2332           4677.24        4838.58
2333           4677.24        4838.58
2334           4677.24        4838.58
2335           4677.24        4838.58
2336           4677.24        4838.58
2337           4677.24        4838.58
2338           4677.24        4838.58
2339           4677.24        4838.58
2340           4677.24        4838.58
2341           4677.24        4838.58
2342           4677.24        4838.58
2343           4677.24        4838.58
2344           4677.24        4838.58
2345           4677.24        4838.58
2346           4677.24        4838.58
2347           4677.24        4838.58
2348           4677.24        4838.58
2349           4677.24        4838.58
2350           4677.24        4838.58
2351           4677.24        4838.58
2352           4677.24        4838.58
2353           4677.24        4838.58
2354           4677.24        4838.58
2355           4677.24        4838.58
2356           4677.24        4838.58
2357           4677.24        4838.58
2358           4677.24        4838.58
2359           4677.24        4838.58
2360           4677.24        4838.58
2361           4677.24        4838.58
2362           4677.24        4838.58
2363           4677.24        4838.58
2364           4677.24        4838.58
2365           4677.24        4838.58
2366           4677.24        4838.58
2367           4677.24        4838.58
2368           4677.24        4838.58
2369           4677.24        4838.58
2370           4677.24        4838.58
2371           4677.24        4838.58
2372           4677.24        4838.58
2373           4677.24        4838.58
2374           4677.24        4838.58
2375           4677.24        4838.58
2376           4677.24        4838.58
2377           4677.24        4838.58
2378           4677.24        4838.58
2379           4677.24        4838.58
2380           4677.24        4838.58
2381           4677.24        4838.58
2382           4677.24        4838.58
2383           4677.24        4838.58
2384           4677.24        4838.58
2385           4677.24        4838.58
2386           4677.24        4838.58
2387           4677.24        4838.58
2388           4677.24        4838.58
2389           4677.24        4838.58
2390           4677.24        4838.58
2391           4677.24        4838.58
2392           4677.24        4838.58
2393           4677.24        4838.58
2394           4677.24        4838.58
2395           4677.24        4838.58
2396           4677.24        4838.58
2397           4677.24        4838.58
2398           4677.24        4838.58
2399           4677.24        4838.58
2400           4677.24        4838.58
2401           4677.24        4838.58
2402           4677.24        4838.58
2403           4677.24        4838.58
2404           4677.24        4838.58
2405           4677.24        4838.58
2406           4677.24        4838.58
2407           4677.24        4838.58
2408           4677.24        4838.58
2409           4677.24        4838.58
2410           4677.24        4838.58
2411           4677.24        4838.58
2412           4677.24        4838.58
2413           4677.24        4838.58
2414           4677.24        4838.57
2415           4677.24        4838.57
2416           4677.24        4838.57
2417           4677.24        4838.57
2418           4677.24        4838.57
2419           4677.24        4838.57
2420           4677.24        4838.57
2421           4677.24        4838.57
2422           4677.24        4838.57
2423           4677.24        4838.57
2424           4677.24        4838.57
2425           4677.24        4838.57
2426           4677.24        4838.57
2427           4677.24        4838.57
2428           4677.24        4838.57
2429           4677.24        4838.57
2430           4677.24        4838.57
2431           4677.24        4838.57
2432           4677.24        4838.57
2433           4677.24        4838.57
2434           4677.24        4838.57
2435           4677.23        4838.57
2436           4677.23        4838.57
2437           4677.23        4838.57
2438           4677.23        4838.57
2439           4677.23        4838.57
2440           4677.23        4838.57
2441           4677.23        4838.57
2442           4677.23        4838.57
2443           4677.23        4838.57
2444           4677.23        4838.57
2445           4677.23        4838.57
2446           4677.23        4838.57
2447           4677.23        4838.57
2448           4677.23        4838.57
2449           4677.23        4838.57
2450           4677.23        4838.57
2451           4677.23        4838.57
2452           4677.23        4838.57
2453           4677.23        4838.57
2454           4677.23        4838.57
2455           4677.23        4838.57
2456           4677.23        4838.57
2457           4677.23        4838.57
2458           4677.23        4838.57
2459           4677.23        4838.57
2460           4677.23        4838.57
2461           4677.23        4838.57
2462           4677.23        4838.57
2463           4677.23        4838.57
2464           4677.23        4838.57
2465           4677.23        4838.57
2466           4677.23        4838.57
2467           4677.23        4838.57
2468           4677.23        4838.57
2469           4677.23        4838.57
2470           4677.23        4838.57
2471           4677.23        4838.57
2472           4677.23        4838.57
2473           4677.23        4838.57
2474           4677.23        4838.57
2475           4677.23        4838.57
2476           4677.23        4838.57
2477           4677.23        4838.57
2478           4677.23        4838.57
2479           4677.23        4838.57
2480           4677.23        4838.57
2481           4677.23        4838.57
2482           4677.23        4838.57
2483           4677.23        4838.57
2484           4677.23        4838.57
2485           4677.23        4838.57
2486           4677.23        4838.57
2487           4677.23        4838.57
2488           4677.23        4838.57
2489           4677.23        4838.57
2490           4677.23        4838.57
2491           4677.23        4838.57
2492           4677.23        4838.57
2493           4677.23        4838.57
2494           4677.23        4838.57
2495           4677.23        4838.57
2496           4677.23        4838.57
2497           4677.23        4838.57
2498           4677.23        4838.57
2499           4677.23        4838.57
2500           4677.23        4838.57
