#ITER       #BEST_FO       #MEDIA_FO
1                 0    2.05904e+19
2                 0    4.11807e+17
3                 0    8.23615e+15
4                 0    1.64723e+14
5                 0    3.29446e+12
6                 0    6.58892e+10
7                 0    1.31779e+09
8                 0    2.63625e+07
9                 0         533836
10                 0        16998.3
11                 0        6661.53
12                 0        6454.79
13                 0         6345.3
14                 0        6186.12
15                 0        6021.85
16                 0        6018.56
17                 0        5296.35
18                 0        5281.91
19                 0        5237.72
20                 0        5021.05
21                 0        5016.72
22                 0        4975.41
23                 0        4974.59
24                 0        4858.67
25                 0        4856.35
26                 0         4856.3
27                 0        4781.43
28                 0        4702.21
29                 0        4700.23
30                 0        4700.19
31                 0        4552.39
32                 0         4548.3
33                 0        4548.22
34                 0        4548.22
35                 0        4407.63
36                 0        4404.82
37                 0        4404.76
38                 0        4382.27
39                 0        4381.82
40                 0         4355.9
41                 0        4355.38
42                 0        4355.37
43                 0        4355.37
44                 0        4355.37
45                 0        4271.92
46                 0        4270.25
47                 0         4129.8
48                 0        4126.99
49                 0        4126.93
50                 0        4126.93
51                 0        4126.93
52                 0        4126.93
53                 0        4097.86
54                 0        4097.27
55                 0        4097.26
56                 0        4078.91
57                 0        4078.55
58                 0        4078.54
59                 0        4078.54
60                 0        4062.82
61                 0        4027.54
62                 0        4026.83
63                 0        4026.82
64                 0        4026.82
65                 0        3943.67
66                 0        3942.01
67                 0        3941.97
68                 0        3857.21
69                 0        3855.51
70                 0        3855.48
71                 0        3855.48
72                 0        3855.48
73                 0        3855.48
74                 0        3855.48
75                 0        3855.48
76                 0        3855.48
77                 0        3811.39
78                 0         3810.5
79                 0        3810.49
80                 0        3810.49
81                 0        3810.49
82                 0        3810.49
83                 0        3810.49
84                 0        3810.49
85                 0        3810.49
86                 0        3810.49
87                 0        3810.49
88                 0        3810.49
89                 0        3810.49
90                 0        3799.97
91                 0        3799.76
92                 0        3799.76
93                 0        3799.76
94                 0        3799.76
95                 0        3799.76
96                 0        3799.76
97                 0        3799.76
98                 0        3799.76
99                 0        3799.76
100                 0        3799.76
101                 0        3799.76
102                 0        3799.76
103                 0        3799.76
104                 0        3799.76
105                 0        3799.76
106                 0        3799.76
107                 0        3797.74
108                 0         3797.7
109                 0         3797.7
110                 0        3732.38
111                 0        3731.07
112                 0        3705.72
113                 0        3705.21
114                 0         3705.2
115                 0         3705.2
116                 0         3705.2
117                 0         3705.2
118                 0         3705.2
119                 0         3705.2
120                 0         3705.2
121                 0        3672.29
122                 0        3654.96
123                 0        3654.61
124                 0         3654.6
125                 0         3654.6
126                 0         3654.6
127                 0         3654.6
128                 0         3654.6
129                 0         3654.6
130                 0         3654.6
131                 0         3654.6
132                 0         3654.6
133                 0         3654.6
134                 0         3654.6
135                 0         3654.6
136                 0         3654.6
137                 0         3654.6
138                 0         3654.6
139                 0         3654.6
140                 0         3654.6
141                 0         3654.6
142                 0         3654.6
143                 0         3654.6
144                 0         3654.6
145                 0         3654.6
146                 0         3654.6
147                 0         3654.6
148                 0         3654.6
149                 0         3654.6
150                 0         3654.6
151                 0         3654.6
152                 0         3654.6
153                 0         3654.6
154                 0         3654.6
155                 0         3654.6
156                 0         3654.6
157                 0         3651.5
158                 0        3651.44
159                 0        3651.44
160                 0        3651.44
161                 0        3651.44
162                 0        3651.44
163                 0        3651.44
164                 0        3651.44
165                 0        3651.44
166                 0        3651.44
167                 0        3651.44
168                 0        3651.44
169                 0        3651.44
170                 0        3651.44
171                 0        3651.44
172                 0        3651.44
173                 0        3649.71
174                 0        3649.68
175                 0        3649.68
176                 0        3649.68
177                 0        3649.68
178                 0        3649.68
179                 0        3647.73
180                 0        3647.69
181                 0        3647.69
182                 0        3612.51
183                 0         3611.8
184                 0        3611.79
185                 0        3611.79
186                 0        3611.79
187                 0        3611.79
188                 0        3611.79
189                 0        3611.79
190                 0        3611.79
191                 0        3611.79
192                 0        3611.79
193                 0        3611.79
194                 0        3611.79
195                 0        3611.79
196                 0        3611.79
197                 0        3611.79
198                 0        3611.79
199                 0        3611.79
200                 0        3611.79
201                 0        3611.79
202                 0        3611.79
203                 0        3597.25
204                 0        3596.96
205                 0        3596.96
206                 0        3596.96
207                 0        3596.96
208                 0        3596.96
209                 0        3596.96
210                 0        3596.96
211                 0        3596.96
212                 0        3585.42
213                 0        3585.19
214                 0        3585.18
215                 0        3585.18
216                 0        3585.18
217                 0        3585.18
218                 0        3585.18
219                 0        3585.18
220                 0        3585.18
221                 0        3585.18
222                 0        3585.18
223                 0        3585.18
224                 0        3585.18
225                 0        3585.18
226                 0        3585.18
227                 0        3585.18
228                 0        3585.18
229                 0        3585.18
230                 0        3585.18
231                 0        3585.18
232                 0        3585.18
233                 0        3585.18
234                 0        3585.18
235                 0        3585.18
236                 0        3585.18
237                 0        3585.18
238                 0        3585.18
239                 0        3585.18
240                 0        3585.18
241                 0        3585.18
242                 0        3585.18
243                 0        3585.18
244                 0        3585.18
245                 0        3585.18
246                 0        3585.18
247                 0        3585.18
248                 0        3585.18
249                 0        3585.18
250                 0        3585.18
251                 0        3585.18
252                 0        3585.18
253                 0        3585.18
254                 0        3585.18
255                 0        3585.18
256                 0        3585.18
257                 0        3585.18
258                 0        3585.18
259                 0        3585.18
260                 0        3585.18
261                 0        3585.18
262                 0        3585.18
263                 0        3585.18
264                 0        3585.18
265                 0        3585.18
266                 0        3585.18
267                 0        3585.18
268                 0        3585.18
269                 0        3585.18
270                 0        3585.18
271                 0        3585.18
272                 0        3585.18
273                 0        3585.18
274                 0        3585.18
275                 0        3585.18
276                 0        3585.18
277                 0        3576.93
278                 0        3576.76
279                 0        3559.17
280                 0        3558.82
281                 0        3558.81
282                 0        3558.81
283                 0        3558.81
284                 0        3558.81
285                 0        3558.81
286                 0        3558.81
287                 0        3558.81
288                 0        3558.81
289                 0        3558.81
290                 0        3558.81
291                 0        3558.81
292                 0        3555.03
293                 0        3554.96
294                 0        3554.95
295                 0        3554.95
296                 0        3554.95
297                 0        3548.62
298                 0        3547.46
299                 0        3547.44
300                 0        3547.44
301                 0        3547.44
302                 0        3547.44
303                 0        3547.44
304                 0        3547.44
305                 0        3547.44
306                 0        3547.44
307                 0        3547.44
308                 0        3547.44
309                 0        3547.44
310                 0        3547.44
311                 0        3547.44
312                 0        3547.44
313                 0        3547.44
314                 0        3547.44
315                 0        3547.44
316                 0        3547.44
317                 0        3547.44
318                 0        3547.44
319                 0        3547.44
320                 0        3547.44
321                 0        3547.44
322                 0        3547.44
323                 0        3547.44
324                 0        3547.44
325                 0        3547.44
326                 0        3547.44
327                 0        3547.44
328                 0        3547.44
329                 0        3547.44
330                 0        3547.44
331                 0        3547.44
332                 0        3547.44
333                 0        3547.44
334                 0        3547.44
335                 0        3547.44
336                 0        3547.44
337                 0        3547.44
338                 0        3547.44
339                 0        3547.44
340                 0        3547.44
341                 0        3547.44
342                 0        3547.44
343                 0        3547.44
344                 0        3547.44
345                 0        3547.44
346                 0        3547.44
347                 0        3547.44
348                 0        3547.44
349                 0        3547.44
350                 0        3547.44
351                 0        3547.44
352                 0        3547.44
353                 0        3547.44
354                 0        3547.44
355                 0        3547.44
356                 0        3547.44
357                 0        3547.44
358                 0        3547.44
359                 0        3547.44
360                 0        3547.44
361                 0        3547.44
362                 0        3544.36
363                 0        3540.15
364                 0        3540.06
365                 0        3540.06
366                 0        3540.06
367                 0        3540.06
368                 0        3540.06
369                 0        3540.06
370                 0        3540.06
371                 0        3540.06
372                 0        3540.06
373                 0        3540.06
374                 0        3540.06
375                 0        3540.06
376                 0        3540.06
377                 0        3540.06
378                 0        3540.06
379                 0        3540.06
380                 0        3540.06
381                 0        3540.06
382                 0        3540.06
383                 0        3540.06
384                 0        3540.06
385                 0        3540.06
386                 0        3540.06
387                 0        3540.06
388                 0        3540.06
389                 0        3540.06
390                 0        3540.06
391                 0        3540.06
392                 0        3540.06
393                 0        3540.06
394                 0        3540.06
395                 0        3540.06
396                 0        3540.06
397                 0        3540.06
398                 0        3540.06
399                 0        3540.06
400                 0        3540.06
401                 0        3540.06
402                 0        3540.06
403                 0        3540.06
404                 0        3540.06
405                 0        3540.06
406                 0        3540.06
407                 0        3540.06
408                 0        3540.06
409                 0        3540.06
410                 0        3540.06
411                 0        3540.06
412                 0        3540.06
413                 0        3540.06
414                 0        3540.06
415                 0        3540.06
416                 0        3540.06
417                 0        3540.06
418                 0        3540.06
419                 0        3540.06
420                 0        3540.06
421                 0        3540.06
422                 0        3540.06
423                 0        3540.06
424                 0        3540.06
425                 0        3540.06
426                 0        3540.06
427                 0        3540.06
428                 0        3540.06
429                 0        3540.06
430                 0        3540.06
431                 0        3540.06
432                 0        3540.06
433                 0        3540.06
434                 0        3540.06
435                 0        3540.06
436                 0        3540.06
437                 0        3540.06
438                 0        3540.06
439                 0        3540.06
440                 0        3540.06
441                 0        3540.06
442                 0        3540.06
443                 0        3540.06
444                 0        3540.06
445                 0        3540.06
446                 0        3540.06
447                 0        3540.06
448                 0        3540.06
449                 0        3540.06
450                 0        3540.06
451                 0        3540.06
452                 0        3540.06
453                 0        3540.06
454                 0        3540.06
455                 0        3540.06
456                 0        3540.06
457                 0        3540.06
458                 0        3540.06
459                 0        3540.06
460                 0        3540.06
461                 0        3540.06
462                 0        3540.06
463                 0        3540.06
464                 0        3540.06
465                 0        3540.06
466                 0        3540.06
467                 0        3540.06
468                 0        3540.06
469                 0        3540.06
470                 0        3540.06
471                 0        3540.06
472                 0        3540.06
473                 0        3540.06
474                 0        3540.06
475                 0        3540.06
476                 0        3540.06
477                 0        3540.06
478                 0        3540.06
479                 0        3540.06
480                 0        3540.06
481                 0        3540.06
482                 0        3540.06
483                 0        3540.06
484                 0        3540.06
485                 0        3540.06
486                 0        3540.06
487                 0        3540.06
488                 0        3540.06
489                 0        3540.06
490                 0        3540.06
491                 0        3540.06
492                 0        3540.06
493                 0        3540.06
494                 0        3540.06
495                 0        3540.06
496                 0        3540.06
497                 0        3540.06
498                 0        3540.06
499                 0        3540.06
500                 0        3540.06
501                 0        3540.06
502                 0        3540.06
503                 0        3540.06
504                 0        3540.06
505                 0        3540.06
506                 0        3540.06
507                 0        3540.06
508                 0        3540.06
509                 0        3540.06
510                 0        3540.06
511                 0        3540.06
512                 0        3540.06
513                 0        3532.64
514                 0        3532.49
515                 0        3532.49
516                 0        3532.49
517                 0        3532.49
518                 0        3532.49
519                 0        3532.49
520                 0        3532.49
521                 0        3532.49
522                 0        3532.49
523                 0        3532.49
524                 0        3532.49
525                 0        3532.49
526                 0        3532.49
527                 0        3532.49
528                 0        3532.49
529                 0        3532.49
530                 0        3532.49
531                 0        3532.49
532                 0        3531.99
533                 0        3531.98
534                 0        3531.98
535                 0        3531.98
536                 0        3531.98
537                 0        3531.98
538                 0        3531.98
539                 0        3531.98
540                 0        3531.98
541                 0        3531.98
542                 0        3531.98
543                 0        3531.98
544                 0        3531.98
545                 0        3531.98
546                 0        3531.98
547                 0        3531.98
548                 0        3531.98
549                 0        3531.98
550                 0        3531.98
551                 0        3531.98
552                 0        3531.98
553                 0        3531.98
554                 0        3531.98
555                 0        3531.98
556                 0        3531.98
557                 0        3531.98
558                 0        3531.98
559                 0        3531.98
560                 0        3531.98
561                 0        3531.98
562                 0        3531.98
563                 0        3531.98
564                 0        3531.98
565                 0        3531.98
566                 0        3531.98
567                 0        3531.98
568                 0        3526.61
569                 0         3526.5
570                 0         3526.5
571                 0         3526.5
572                 0         3526.5
573                 0         3526.5
574                 0         3526.5
575                 0         3526.5
576                 0         3526.5
577                 0         3526.5
578                 0         3526.5
579                 0         3526.5
580                 0         3526.5
581                 0         3526.5
582                 0         3526.5
583                 0         3526.5
584                 0         3526.5
585                 0         3526.5
586                 0         3526.5
587                 0         3526.5
588                 0         3526.5
589                 0         3526.5
590                 0         3526.5
591                 0         3526.5
592                 0         3526.5
593                 0         3526.5
594                 0         3526.5
595                 0         3526.5
596                 0         3526.5
597                 0         3526.5
598                 0         3526.5
599                 0         3526.5
600                 0         3526.5
601                 0         3526.5
602                 0         3526.5
603                 0         3526.5
604                 0         3526.5
605                 0         3526.5
606                 0         3526.5
607                 0        3524.89
608                 0        3524.86
609                 0        3524.85
610                 0        3524.85
611                 0        3524.85
612                 0        3524.85
613                 0        3524.85
614                 0        3524.85
615                 0        3524.85
616                 0        3524.85
617                 0        3524.85
618                 0        3524.85
619                 0        3524.85
620                 0        3524.85
621                 0        3524.85
622                 0        3524.85
623                 0        3524.85
624                 0        3524.85
625                 0        3524.85
626                 0        3524.85
627                 0        3524.85
628                 0        3524.85
629                 0        3524.85
630                 0        3524.85
631                 0        3524.85
632                 0        3524.85
633                 0        3524.85
634                 0        3524.85
635                 0        3524.85
636                 0        3524.85
637                 0        3524.85
638                 0        3524.85
639                 0        3524.85
640                 0        3524.85
641                 0        3524.85
642                 0        3524.85
643                 0        3524.85
644                 0        3524.85
645                 0        3524.85
646                 0        3524.85
647                 0        3524.85
648                 0        3524.85
649                 0        3524.85
650                 0        3524.85
651                 0        3524.85
652                 0        3524.85
653                 0        3524.85
654                 0        3524.85
655                 0        3524.85
656                 0        3524.85
657                 0        3524.85
658                 0        3524.85
659                 0        3524.85
660                 0        3524.85
661                 0        3524.85
662                 0        3524.85
663                 0        3524.85
664                 0        3524.85
665                 0        3524.85
666                 0        3524.85
667                 0        3524.85
668                 0        3524.85
669                 0        3524.85
670                 0        3524.85
671                 0        3524.85
672                 0        3524.85
673                 0        3524.85
674                 0        3524.85
675                 0        3524.55
676                 0        3524.55
677                 0        3524.55
678                 0        3524.55
679                 0        3524.55
680                 0        3517.62
681                 0        3517.48
682                 0        3517.48
683                 0        3517.48
684                 0        3517.48
685                 0        3517.48
686                 0        3517.48
687                 0        3517.48
688                 0        3517.48
689                 0        3517.48
690                 0        3517.48
691                 0        3517.48
692                 0        3517.48
693                 0        3517.48
694                 0        3517.48
695                 0        3517.48
696                 0        3516.45
697                 0        3516.43
698                 0        3516.43
699                 0        3516.43
700                 0        3516.43
701                 0        3516.43
702                 0        3516.43
703                 0        3516.43
704                 0        3516.43
705                 0        3516.43
706                 0        3516.43
707                 0        3516.43
708                 0        3516.43
709                 0        3516.43
710                 0        3516.43
711                 0        3516.43
712                 0        3516.43
713                 0        3516.43
714                 0        3516.43
715                 0        3516.43
716                 0        3516.43
717                 0        3516.43
718                 0        3516.43
719                 0        3516.43
720                 0        3516.43
721                 0        3516.43
722                 0        3516.43
723                 0        3516.43
724                 0        3516.43
725                 0        3516.43
726                 0        3516.43
727                 0        3516.43
728                 0        3516.43
729                 0        3508.91
730                 0        3508.76
731                 0        3508.76
732                 0        3508.76
733                 0        3508.76
734                 0        3508.76
735                 0        3508.76
736                 0        3508.76
737                 0        3508.76
738                 0        3508.76
739                 0        3508.76
740                 0        3508.76
741                 0        3508.76
742                 0        3508.76
743                 0        3508.76
744                 0        3508.76
745                 0        3508.76
746                 0        3508.76
747                 0        3508.76
748                 0        3508.76
749                 0        3508.76
750                 0        3508.76
751                 0        3508.76
752                 0        3508.76
753                 0        3508.76
754                 0        3508.76
755                 0        3508.76
756                 0        3508.76
757                 0        3508.76
758                 0        3508.76
759                 0        3508.76
760                 0        3508.76
761                 0        3508.76
762                 0        3508.76
763                 0        3508.76
764                 0        3508.76
765                 0        3508.76
766                 0        3508.76
767                 0        3508.76
768                 0        3508.76
769                 0        3508.76
770                 0        3508.76
771                 0        3508.76
772                 0        3508.76
773                 0        3508.76
774                 0        3508.76
775                 0        3508.76
776                 0        3508.76
777                 0        3508.76
778                 0        3508.76
779                 0        3508.76
780                 0        3508.76
781                 0        3508.76
782                 0        3508.76
783                 0        3508.76
784                 0        3508.76
785                 0        3508.76
786                 0        3508.76
787                 0        3508.76
788                 0        3508.76
789                 0        3508.76
790                 0        3508.76
791                 0        3508.76
792                 0        3508.76
793                 0        3508.76
794                 0        3508.76
795                 0        3508.76
796                 0        3508.76
797                 0        3508.76
798                 0        3508.76
799                 0        3508.76
800                 0        3508.76
801                 0        3508.76
802                 0        3508.76
803                 0        3508.76
804                 0        3508.76
805                 0        3508.76
806                 0        3508.76
807                 0        3508.76
808                 0        3508.76
809                 0        3508.76
810                 0        3508.76
811                 0        3508.76
812                 0        3508.76
813                 0        3508.76
814                 0        3508.76
815                 0        3508.76
816                 0        3508.76
817                 0        3508.76
818                 0        3508.76
819                 0        3508.76
820                 0        3508.76
821                 0        3508.76
822                 0        3508.76
823                 0        3508.76
824                 0        3508.76
825                 0        3508.76
826                 0        3508.76
827                 0        3508.76
828                 0        3508.76
829                 0        3508.76
830                 0        3508.76
831                 0        3508.76
832                 0        3508.76
833                 0        3508.76
834                 0        3508.76
835                 0        3508.76
836                 0        3508.76
837                 0        3508.76
838                 0        3508.76
839                 0        3508.76
840                 0        3508.76
841                 0        3508.76
842                 0        3508.76
843                 0        3508.76
844                 0        3508.76
845                 0        3508.76
846                 0        3508.76
847                 0        3508.76
848                 0        3508.76
849                 0        3508.76
850                 0        3508.76
851                 0        3508.76
852                 0        3508.76
853                 0        3508.76
854                 0        3508.76
855                 0        3508.76
856                 0        3508.76
857                 0        3508.76
858                 0        3508.76
859                 0        3508.76
860                 0        3508.76
861                 0        3508.76
862                 0        3508.76
863                 0        3508.76
864                 0        3508.76
865                 0        3508.76
866                 0        3508.76
867                 0        3508.76
868                 0        3508.76
869                 0        3508.76
870                 0        3508.76
871                 0        3508.76
872                 0        3508.76
873                 0        3508.76
874                 0        3508.76
875                 0        3508.76
876                 0        3508.76
877                 0        3508.76
878                 0        3508.76
879                 0        3508.76
880                 0        3508.76
881                 0        3508.76
882                 0        3508.76
883                 0        3508.76
884                 0        3508.76
885                 0        3508.76
886                 0        3508.76
887                 0        3508.76
888                 0        3508.76
889                 0        3508.76
890                 0        3508.76
891                 0        3508.76
892                 0        3508.76
893                 0        3508.76
894                 0        3508.76
895                 0        3508.76
896                 0        3508.76
897                 0        3508.76
898                 0        3508.76
899                 0        3508.76
900                 0        3508.76
901                 0        3508.76
902                 0        3508.76
903                 0        3508.76
904                 0        3508.76
905                 0        3508.76
906                 0        3508.76
907                 0        3508.76
908                 0        3508.76
909                 0        3508.76
910                 0        3508.76
911                 0        3508.76
912                 0        3508.76
913                 0        3508.76
914                 0        3508.76
915                 0        3508.76
916                 0        3508.76
917                 0        3508.76
918                 0        3508.76
919                 0        3508.76
920                 0        3508.76
921                 0        3508.76
922                 0        3508.76
923                 0        3508.76
924                 0        3508.76
925                 0        3508.76
926                 0        3508.76
927                 0        3508.76
928                 0        3508.76
929                 0        3508.76
930                 0        3508.76
931                 0        3508.76
932                 0        3508.76
933                 0        3508.76
934                 0        3508.76
935                 0        3508.76
936                 0        3508.76
937                 0        3508.76
938                 0        3508.76
939                 0        3508.76
940                 0        3508.76
941                 0        3508.76
942                 0        3508.76
943                 0        3508.76
944                 0        3508.76
945                 0        3508.76
946                 0        3508.76
947                 0        3508.76
948                 0        3508.76
949                 0        3508.76
950                 0        3508.76
951                 0        3508.76
952                 0        3508.76
953                 0        3508.76
954                 0        3508.76
955                 0        3508.76
956                 0        3508.76
957                 0        3508.61
958                 0        3508.61
959                 0        3508.61
960                 0        3508.61
961                 0        3508.61
962                 0        3508.61
963                 0        3508.61
964                 0        3508.61
965                 0        3508.61
966                 0        3508.61
967                 0        3508.61
968                 0        3508.61
969                 0        3508.61
970                 0        3508.61
971                 0        3508.61
972                 0        3508.61
973                 0        3508.61
974                 0        3508.61
975                 0        3508.61
976                 0        3508.61
977                 0        3508.61
978                 0        3508.61
979                 0        3508.61
980                 0        3508.61
981                 0        3508.61
982                 0        3508.61
983                 0        3508.61
984                 0        3508.61
985                 0        3508.61
986                 0        3508.61
987                 0        3508.61
988                 0        3508.61
989                 0        3508.61
990                 0        3508.61
991                 0        3508.61
992                 0        3508.61
993                 0        3508.61
994                 0        3508.61
995                 0        3508.61
996                 0        3508.61
997                 0        3508.61
998                 0        3508.61
999                 0        3508.61
1000                 0        3508.61
1001                 0        3508.61
1002                 0        3508.61
1003                 0        3508.61
1004                 0        3508.61
1005                 0        3508.61
1006                 0        3508.61
1007                 0        3508.61
1008                 0        3508.61
1009                 0        3508.61
1010                 0        3508.61
1011                 0        3508.61
1012                 0        3508.61
1013                 0        3508.61
1014                 0        3508.61
1015                 0        3508.61
1016                 0        3508.61
1017                 0        3508.61
1018                 0        3508.61
1019                 0        3508.61
1020                 0        3508.61
1021                 0        3508.61
1022                 0        3508.61
1023                 0        3508.61
1024                 0        3508.61
1025                 0        3508.61
1026                 0        3508.61
1027                 0        3508.61
1028                 0        3508.61
1029                 0        3508.61
1030                 0        3508.61
1031                 0        3508.61
1032                 0        3508.61
1033                 0        3508.61
1034                 0        3508.61
1035                 0        3508.61
1036                 0        3508.61
1037                 0        3508.61
1038                 0        3508.61
1039                 0        3508.61
1040                 0        3508.61
1041                 0        3508.61
1042                 0        3508.61
1043                 0        3508.61
1044                 0        3508.61
1045                 0        3508.61
1046                 0        3508.61
1047                 0        3508.61
1048                 0        3508.61
1049                 0        3508.61
1050                 0        3506.61
1051                 0        3506.57
1052                 0        3506.57
1053                 0        3506.57
1054                 0        3506.57
1055                 0        3506.57
1056                 0        3506.57
1057                 0        3506.57
1058                 0        3506.57
1059                 0        3506.57
1060                 0        3506.57
1061                 0        3506.57
1062                 0        3506.57
1063                 0        3506.57
1064                 0        3506.57
1065                 0        3506.57
1066                 0        3506.57
1067                 0        3506.57
1068                 0        3506.57
1069                 0        3506.57
1070                 0        3506.57
1071                 0        3506.57
1072                 0        3506.57
1073                 0        3506.57
1074                 0        3506.57
1075                 0        3506.57
1076                 0        3506.57
1077                 0        3506.57
1078                 0        3506.57
1079                 0        3506.57
1080                 0        3506.57
1081                 0        3506.57
1082                 0        3506.57
1083                 0        3506.57
1084                 0        3506.57
1085                 0        3506.57
1086                 0        3506.57
1087                 0        3506.57
1088                 0        3506.57
1089                 0        3506.57
1090                 0        3506.57
1091                 0        3506.57
1092                 0        3506.57
1093                 0        3506.57
1094                 0        3506.57
1095                 0        3506.57
1096                 0        3506.57
1097                 0        3506.57
1098                 0        3506.57
1099                 0        3506.57
1100                 0        3506.57
1101                 0        3506.57
1102                 0        3506.57
1103                 0        3506.57
1104                 0        3506.57
1105                 0        3506.57
1106                 0        3506.57
1107                 0        3506.57
1108                 0        3506.57
1109                 0        3506.57
1110                 0        3506.57
1111                 0        3506.57
1112                 0        3506.57
1113                 0        3506.57
1114                 0        3506.57
1115                 0        3506.57
1116                 0        3506.57
1117                 0        3506.57
1118                 0        3506.57
1119                 0        3506.57
1120                 0        3506.57
1121                 0        3506.57
1122                 0        3506.57
1123                 0        3506.57
1124                 0        3506.57
1125                 0        3506.57
1126                 0        3506.57
1127                 0        3506.57
1128                 0        3506.57
1129                 0        3506.57
1130                 0        3506.57
1131                 0        3506.57
1132                 0        3506.57
1133                 0        3506.57
1134                 0        3506.57
1135                 0        3506.57
1136                 0        3506.57
1137                 0        3506.57
1138                 0        3506.57
1139                 0        3506.57
1140                 0        3506.57
1141                 0        3506.57
1142                 0        3506.57
1143                 0        3506.57
1144                 0        3506.57
1145                 0        3506.57
1146                 0        3506.57
1147                 0        3506.57
1148                 0        3506.57
1149                 0        3506.57
1150                 0        3506.57
1151                 0        3506.57
1152                 0        3506.57
1153                 0        3506.57
1154                 0        3506.57
1155                 0        3506.57
1156                 0        3506.57
1157                 0        3506.57
1158                 0        3506.57
1159                 0        3506.57
1160                 0        3506.57
1161                 0        3506.57
1162                 0        3506.57
1163                 0        3506.57
1164                 0        3506.57
1165                 0        3506.57
1166                 0        3506.57
1167                 0        3506.57
1168                 0        3506.57
1169                 0        3506.57
1170                 0        3506.57
1171                 0        3506.57
1172                 0        3506.57
1173                 0        3505.63
1174                 0        3505.61
1175                 0        3505.61
1176                 0        3505.61
1177                 0        3505.61
1178                 0        3505.61
1179                 0        3505.61
1180                 0        3505.61
1181                 0        3505.61
1182                 0        3505.61
1183                 0        3505.61
1184                 0        3505.61
1185                 0        3504.97
1186                 0        3504.96
1187                 0        3504.96
1188                 0        3504.96
1189                 0        3504.96
1190                 0        3504.96
1191                 0        3504.96
1192                 0        3504.96
1193                 0        3504.96
1194                 0        3504.96
1195                 0        3504.96
1196                 0        3504.96
1197                 0        3504.96
1198                 0        3504.96
1199                 0        3504.96
1200                 0        3504.96
1201                 0        3504.96
1202                 0        3504.96
1203                 0        3504.96
1204                 0        3504.96
1205                 0        3504.96
1206                 0        3504.96
1207                 0        3504.96
1208                 0        3504.96
1209                 0        3504.96
1210                 0        3504.96
1211                 0        3504.96
1212                 0        3504.96
1213                 0        3504.96
1214                 0        3504.26
1215                 0        3504.25
1216                 0        3504.25
1217                 0        3504.25
1218                 0        3504.25
1219                 0        3504.25
1220                 0        3504.25
1221                 0        3504.25
1222                 0        3504.25
1223                 0        3504.25
1224                 0        3504.25
1225                 0        3504.25
1226                 0        3504.25
1227                 0        3504.25
1228                 0        3504.25
1229                 0        3504.25
1230                 0        3504.25
1231                 0        3504.25
1232                 0        3504.25
1233                 0        3504.25
1234                 0        3504.25
1235                 0        3504.25
1236                 0        3504.25
1237                 0        3504.25
1238                 0        3504.25
1239                 0        3504.25
1240                 0        3504.25
1241                 0        3504.25
1242                 0        3504.25
1243                 0        3504.25
1244                 0        3504.25
1245                 0        3504.25
1246                 0        3504.25
1247                 0        3504.25
1248                 0        3504.25
1249                 0        3504.25
1250                 0        3504.25
1251                 0        3504.25
1252                 0        3504.25
1253                 0        3504.25
1254                 0        3504.25
1255                 0        3504.25
1256                 0        3504.25
1257                 0        3504.25
1258                 0        3504.25
1259                 0        3504.25
1260                 0        3504.25
1261                 0        3504.25
1262                 0        3504.25
1263                 0        3504.25
1264                 0        3504.25
1265                 0        3504.25
1266                 0        3504.25
1267                 0        3504.25
1268                 0        3504.25
1269                 0        3504.25
1270                 0        3504.25
1271                 0        3504.25
1272                 0        3504.25
1273                 0        3504.25
1274                 0        3504.25
1275                 0        3504.25
1276                 0        3504.25
1277                 0        3504.25
1278                 0        3504.25
1279                 0        3504.25
1280                 0        3504.25
1281                 0        3504.25
1282                 0        3504.25
1283                 0        3504.25
1284                 0        3504.25
1285                 0        3504.25
1286                 0        3504.25
1287                 0        3504.25
1288                 0        3504.25
1289                 0        3504.25
1290                 0        3504.25
1291                 0        3504.25
1292                 0        3504.25
1293                 0        3504.25
1294                 0        3504.25
1295                 0        3504.25
1296                 0        3504.25
1297                 0        3504.25
1298                 0        3504.25
1299                 0        3504.25
1300                 0        3504.25
1301                 0        3504.25
1302                 0        3504.25
1303                 0        3504.25
1304                 0        3504.25
1305                 0        3504.25
1306                 0        3504.25
1307                 0        3504.25
1308                 0        3504.25
1309                 0        3504.25
1310                 0        3504.25
1311                 0        3504.25
1312                 0        3504.25
1313                 0        3504.25
1314                 0        3504.25
1315                 0        3504.25
1316                 0        3504.25
1317                 0        3504.25
1318                 0        3504.25
1319                 0        3504.25
1320                 0        3504.25
1321                 0        3504.25
1322                 0        3504.25
1323                 0        3504.25
1324                 0        3504.25
1325                 0        3504.25
1326                 0        3504.25
1327                 0        3504.25
1328                 0        3504.25
1329                 0        3504.25
1330                 0        3504.25
1331                 0        3504.25
1332                 0        3504.25
1333                 0        3504.25
1334                 0        3504.25
1335                 0        3504.25
1336                 0        3504.25
1337                 0        3504.25
1338                 0        3504.25
1339                 0        3504.25
1340                 0        3504.25
1341                 0        3504.25
1342                 0        3504.25
1343                 0        3504.25
1344                 0        3504.25
1345                 0        3504.25
1346                 0        3504.25
1347                 0        3504.25
1348                 0        3504.25
1349                 0        3504.25
1350                 0        3504.25
1351                 0        3504.25
1352                 0        3504.25
1353                 0        3504.25
1354                 0        3504.25
1355                 0        3504.25
1356                 0        3504.25
1357                 0        3504.25
1358                 0        3504.25
1359                 0        3504.25
1360                 0        3504.25
1361                 0        3504.25
1362                 0        3504.25
1363                 0        3504.25
1364                 0        3504.25
1365                 0        3504.25
1366                 0        3504.25
1367                 0        3504.25
1368                 0        3504.25
1369                 0        3504.25
1370                 0        3504.25
1371                 0        3504.25
1372                 0        3504.25
1373                 0        3504.25
1374                 0        3504.25
1375                 0        3504.25
1376                 0        3504.25
1377                 0        3504.25
1378                 0        3504.25
1379                 0        3504.25
1380                 0        3504.25
1381                 0        3504.25
1382                 0        3504.25
1383                 0        3504.25
1384                 0        3504.25
1385                 0        3504.25
1386                 0        3504.25
1387                 0        3504.25
1388                 0        3504.25
1389                 0        3504.25
1390                 0        3504.25
1391                 0        3504.25
1392                 0        3504.25
1393                 0        3504.25
1394                 0        3504.25
1395                 0        3504.25
1396                 0        3504.25
1397                 0        3504.25
1398                 0        3504.25
1399                 0        3504.25
1400                 0        3504.25
1401                 0        3504.25
1402                 0        3504.25
1403                 0        3504.25
1404                 0        3504.25
1405                 0        3504.25
1406                 0        3504.25
1407                 0        3504.25
1408                 0        3504.25
1409                 0        3504.25
1410                 0        3504.25
1411                 0        3504.25
1412                 0        3504.25
1413                 0        3504.25
1414                 0        3503.33
1415                 0        3503.31
1416                 0        3503.31
1417                 0        3503.31
1418                 0        3503.31
1419                 0        3503.31
1420                 0        3503.31
1421                 0        3503.31
1422                 0        3503.31
1423                 0        3503.31
1424                 0        3503.31
1425                 0        3503.31
1426                 0        3503.31
1427                 0        3503.31
1428                 0        3503.31
1429                 0        3503.31
1430                 0        3503.31
1431                 0        3503.31
1432                 0        3503.31
1433                 0        3503.31
1434                 0        3503.31
1435                 0        3503.31
1436                 0        3503.31
1437                 0        3503.31
1438                 0        3503.31
1439                 0        3503.31
1440                 0        3503.31
1441                 0        3503.31
1442                 0        3503.31
1443                 0        3503.31
1444                 0        3503.31
1445                 0        3503.31
1446                 0        3503.31
1447                 0        3503.31
1448                 0        3503.31
1449                 0        3503.31
1450                 0        3503.31
1451                 0        3503.31
1452                 0        3503.31
1453                 0        3503.31
1454                 0        3503.31
1455                 0        3503.31
1456                 0        3503.31
1457                 0        3503.31
1458                 0        3503.31
1459                 0        3501.95
1460                 0        3501.92
1461                 0        3501.92
1462                 0        3501.92
1463                 0        3501.92
1464                 0        3501.92
1465                 0        3501.92
1466                 0        3501.92
1467                 0        3501.92
1468                 0        3501.92
1469                 0        3501.92
1470                 0        3501.92
1471                 0        3501.92
1472                 0        3501.92
1473                 0        3501.92
1474                 0        3501.92
1475                 0        3501.92
1476                 0        3501.92
1477                 0        3501.92
1478                 0        3501.92
1479                 0        3501.92
1480                 0        3501.92
1481                 0        3501.92
1482                 0        3501.92
1483                 0        3501.92
1484                 0        3501.92
1485                 0        3501.92
1486                 0        3501.92
1487                 0        3501.92
1488                 0        3501.92
1489                 0        3501.92
1490                 0        3501.92
1491                 0        3501.92
1492                 0        3501.92
1493                 0        3501.92
1494                 0        3501.92
1495                 0        3501.92
1496                 0        3501.92
1497                 0        3501.92
1498                 0        3501.92
1499                 0        3501.92
1500                 0        3501.92
1501                 0        3501.92
1502                 0        3501.92
1503                 0        3501.92
1504                 0        3501.92
1505                 0        3501.92
1506                 0        3501.92
1507                 0        3501.92
1508                 0        3501.92
1509                 0        3501.92
1510                 0        3501.92
1511                 0        3501.92
1512                 0        3501.92
1513                 0        3501.92
1514                 0        3501.92
1515                 0        3501.92
1516                 0        3501.92
1517                 0        3501.92
1518                 0        3501.92
1519                 0        3501.92
1520                 0        3501.92
1521                 0        3501.92
1522                 0        3501.92
1523                 0        3501.92
1524                 0        3501.92
1525                 0        3501.92
1526                 0        3501.92
1527                 0        3501.92
1528                 0        3501.92
1529                 0        3501.92
1530                 0        3501.92
1531                 0        3501.92
1532                 0        3501.92
1533                 0        3501.92
1534                 0        3501.92
1535                 0        3501.92
1536                 0        3501.92
1537                 0        3501.92
1538                 0        3501.92
1539                 0        3501.92
1540                 0        3501.92
1541                 0        3501.92
1542                 0        3501.92
1543                 0        3501.92
1544                 0        3501.92
1545                 0        3501.92
1546                 0        3501.92
1547                 0        3501.92
1548                 0        3501.92
1549                 0        3501.92
1550                 0        3501.92
1551                 0        3501.92
1552                 0        3501.92
1553                 0        3501.92
1554                 0        3501.92
1555                 0        3501.92
1556                 0        3501.92
1557                 0        3501.92
1558                 0        3501.92
1559                 0        3501.92
1560                 0        3501.92
1561                 0        3501.92
1562                 0        3501.92
1563                 0        3501.92
1564                 0        3501.92
1565                 0        3501.92
1566                 0        3501.92
1567                 0        3501.92
1568                 0        3501.92
1569                 0        3501.92
1570                 0        3501.92
1571                 0        3501.92
1572                 0        3501.92
1573                 0        3501.92
1574                 0        3501.92
1575                 0        3501.92
1576                 0        3501.92
1577                 0        3501.92
1578                 0        3501.92
1579                 0        3501.92
1580                 0        3501.92
1581                 0        3501.92
1582                 0        3501.92
1583                 0        3501.92
1584                 0        3501.92
1585                 0        3501.92
1586                 0        3501.92
1587                 0        3501.92
1588                 0        3501.92
1589                 0        3501.92
1590                 0        3501.92
1591                 0        3501.92
1592                 0        3501.92
1593                 0         3501.1
1594                 0        3501.08
1595                 0        3501.08
1596                 0        3501.08
1597                 0        3501.08
1598                 0        3501.08
1599                 0        3501.08
1600                 0        3501.08
1601                 0        3501.08
1602                 0        3501.08
1603                 0        3501.08
1604                 0        3501.08
1605                 0        3501.08
1606                 0        3501.08
1607                 0        3501.08
1608                 0        3501.08
1609                 0        3501.08
1610                 0        3501.08
1611                 0        3501.08
1612                 0        3501.08
1613                 0        3501.08
1614                 0        3501.08
1615                 0        3501.08
1616                 0        3501.08
1617                 0        3501.08
1618                 0        3501.08
1619                 0        3501.08
1620                 0        3501.08
1621                 0        3501.08
1622                 0        3501.08
1623                 0        3501.08
1624                 0        3501.08
1625                 0        3501.08
1626                 0        3501.08
1627                 0        3501.08
1628                 0        3501.08
1629                 0        3501.08
1630                 0        3501.08
1631                 0        3501.08
1632                 0        3501.08
1633                 0        3501.08
1634                 0        3501.08
1635                 0        3501.08
1636                 0        3501.08
1637                 0        3501.08
1638                 0        3501.08
1639                 0        3501.08
1640                 0        3501.08
1641                 0        3501.08
1642                 0        3501.08
1643                 0        3501.08
1644                 0        3501.08
1645                 0        3501.08
1646                 0        3499.29
1647                 0        3499.25
1648                 0        3499.25
1649                 0        3499.25
1650                 0        3499.25
1651                 0        3499.25
1652                 0        3499.25
1653                 0        3499.25
1654                 0        3499.25
1655                 0        3499.25
1656                 0        3499.25
1657                 0        3499.25
1658                 0        3499.25
1659                 0        3499.25
1660                 0        3499.25
1661                 0        3499.25
1662                 0        3499.25
1663                 0        3499.25
1664                 0        3499.25
1665                 0        3499.25
1666                 0        3499.25
1667                 0        3499.25
1668                 0        3499.25
1669                 0        3499.25
1670                 0        3499.25
1671                 0        3499.25
1672                 0        3499.25
1673                 0        3499.25
1674                 0        3499.25
1675                 0        3499.25
1676                 0        3499.25
1677                 0        3499.25
1678                 0        3499.25
1679                 0        3499.25
1680                 0        3499.25
1681                 0        3499.25
1682                 0        3499.25
1683                 0        3499.25
1684                 0        3499.25
1685                 0        3499.25
1686                 0        3499.25
1687                 0        3499.25
1688                 0        3499.25
1689                 0        3499.25
1690                 0        3499.25
1691                 0        3499.25
1692                 0        3499.25
1693                 0        3499.25
1694                 0        3499.25
1695                 0        3499.25
1696                 0        3499.25
1697                 0        3499.25
1698                 0        3499.25
1699                 0        3499.25
1700                 0        3499.25
1701                 0        3499.25
1702                 0        3499.25
1703                 0        3499.25
1704                 0        3499.25
1705                 0        3499.25
1706                 0        3499.25
1707                 0        3499.25
1708                 0        3499.25
1709                 0        3499.25
1710                 0        3499.25
1711                 0        3499.25
1712                 0        3499.25
1713                 0        3499.25
1714                 0        3499.25
1715                 0        3499.25
1716                 0        3499.25
1717                 0        3499.25
1718                 0        3499.25
1719                 0        3499.25
1720                 0        3499.25
1721                 0        3499.25
1722                 0        3499.25
1723                 0        3499.25
1724                 0        3499.25
1725                 0        3499.25
1726                 0        3499.25
1727                 0        3499.25
1728                 0        3498.78
1729                 0        3498.77
1730                 0        3498.77
1731                 0        3498.77
1732                 0        3498.77
1733                 0        3498.77
1734                 0        3498.77
1735                 0        3498.77
1736                 0        3498.77
1737                 0        3498.77
1738                 0        3498.77
1739                 0        3498.77
1740                 0        3498.77
1741                 0        3498.77
1742                 0        3498.77
1743                 0        3498.77
1744                 0        3498.77
1745                 0        3498.77
1746                 0        3498.77
1747                 0        3498.77
1748                 0        3498.77
1749                 0        3498.77
1750                 0        3498.77
1751                 0        3498.77
1752                 0        3498.77
1753                 0        3498.77
1754                 0        3498.77
1755                 0        3498.77
1756                 0        3498.77
1757                 0        3498.73
1758                 0        3498.72
1759                 0        3498.72
1760                 0        3498.72
1761                 0        3498.72
1762                 0        3498.72
1763                 0        3498.72
1764                 0        3498.72
1765                 0        3498.72
1766                 0        3498.72
1767                 0        3498.72
1768                 0        3498.72
1769                 0        3498.72
1770                 0        3498.72
1771                 0        3498.72
1772                 0        3498.72
1773                 0        3498.72
1774                 0        3498.72
1775                 0        3498.72
1776                 0        3498.72
1777                 0        3498.72
1778                 0        3498.72
1779                 0        3498.72
1780                 0        3498.72
1781                 0        3498.72
1782                 0        3498.72
1783                 0        3498.72
1784                 0        3498.72
1785                 0        3498.72
1786                 0        3498.72
1787                 0        3498.72
1788                 0        3498.72
1789                 0        3498.72
1790                 0        3498.72
1791                 0        3498.72
1792                 0        3498.72
1793                 0        3498.72
1794                 0        3498.19
1795                 0        3498.18
1796                 0        3498.18
1797                 0        3498.18
1798                 0        3498.18
1799                 0        3498.18
1800                 0        3498.18
1801                 0        3498.18
1802                 0        3498.18
1803                 0        3498.18
1804                 0        3498.18
1805                 0        3498.18
1806                 0        3498.18
1807                 0        3498.18
1808                 0        3498.18
1809                 0        3498.18
1810                 0        3498.18
1811                 0        3498.18
1812                 0        3498.18
1813                 0        3498.18
1814                 0        3498.18
1815                 0        3498.18
1816                 0         3497.8
1817                 0        3497.79
1818                 0        3497.79
1819                 0        3497.79
1820                 0        3497.79
1821                 0        3497.79
1822                 0        3497.79
1823                 0        3497.79
1824                 0        3497.79
1825                 0        3497.79
1826                 0        3497.79
1827                 0        3497.79
1828                 0        3497.79
1829                 0        3497.79
1830                 0        3497.79
1831                 0        3497.79
1832                 0        3497.79
1833                 0        3497.79
1834                 0        3497.79
1835                 0        3497.79
1836                 0        3497.79
1837                 0        3497.79
1838                 0        3495.01
1839                 0        3494.96
1840                 0        3494.95
1841                 0        3494.95
1842                 0        3494.95
1843                 0        3494.95
1844                 0        3494.95
1845                 0        3494.95
1846                 0        3494.95
1847                 0        3494.95
1848                 0        3494.95
1849                 0        3494.95
1850                 0        3494.95
1851                 0        3494.95
1852                 0        3494.95
1853                 0        3494.95
1854                 0        3494.95
1855                 0        3494.95
1856                 0        3494.95
1857                 0        3494.95
1858                 0        3494.95
1859                 0        3494.95
1860                 0        3494.95
1861                 0        3494.95
1862                 0        3494.95
1863                 0        3494.95
1864                 0        3494.95
1865                 0        3494.95
1866                 0        3494.95
1867                 0        3494.95
1868                 0        3494.95
1869                 0        3494.95
1870                 0        3494.95
1871                 0        3494.95
1872                 0        3494.95
1873                 0        3494.95
1874                 0        3494.95
1875                 0        3494.95
1876                 0        3494.95
1877                 0        3494.95
1878                 0        3494.95
1879                 0        3494.95
1880                 0        3494.95
1881                 0        3494.95
1882                 0        3494.95
1883                 0        3494.95
1884                 0        3494.95
1885                 0        3494.95
1886                 0        3494.95
1887                 0        3494.95
1888                 0        3494.95
1889                 0        3494.95
1890                 0        3494.95
1891                 0        3494.95
1892                 0        3494.95
1893                 0        3494.95
1894                 0        3494.95
1895                 0        3494.95
1896                 0        3494.95
1897                 0        3494.95
1898                 0        3494.95
1899                 0        3494.95
1900                 0        3494.95
1901                 0        3494.95
1902                 0        3494.95
1903                 0        3494.95
1904                 0        3494.95
1905                 0        3494.95
1906                 0        3494.95
1907                 0        3494.95
1908                 0        3494.95
1909                 0        3494.95
1910                 0        3494.95
1911                 0        3494.95
1912                 0        3494.95
1913                 0        3494.95
1914                 0        3494.95
1915                 0        3494.95
1916                 0        3494.95
1917                 0        3494.95
1918                 0        3494.95
1919                 0        3494.95
1920                 0        3494.95
1921                 0        3494.95
1922                 0        3494.95
1923                 0        3494.95
1924                 0        3494.95
1925                 0        3494.95
1926                 0        3494.95
1927                 0        3494.95
1928                 0        3494.95
1929                 0        3494.95
1930                 0        3494.95
1931                 0        3494.95
1932                 0        3494.95
1933                 0        3494.95
1934                 0        3494.95
1935                 0        3494.95
1936                 0        3494.95
1937                 0        3494.95
1938                 0        3494.95
1939                 0        3494.95
1940                 0        3494.95
1941                 0        3494.95
1942                 0        3494.95
1943                 0        3494.95
1944                 0        3494.95
1945                 0        3494.95
1946                 0        3494.95
1947                 0        3494.95
1948                 0        3494.95
1949                 0        3494.95
1950                 0        3494.95
1951                 0        3494.95
1952                 0        3494.95
1953                 0        3494.95
1954                 0        3494.95
1955                 0        3494.95
1956                 0        3494.95
1957                 0        3494.95
1958                 0        3494.95
1959                 0        3494.95
1960                 0        3494.95
1961                 0        3494.95
1962                 0        3494.95
1963                 0        3494.95
1964                 0        3494.95
1965                 0        3494.95
1966                 0        3494.95
1967                 0        3494.95
1968                 0        3494.95
1969                 0        3494.95
1970                 0        3494.95
1971                 0        3494.95
1972                 0        3494.95
1973                 0        3494.95
1974                 0        3494.95
1975                 0        3494.95
1976                 0        3494.95
1977                 0        3494.95
1978                 0        3494.95
1979                 0        3494.95
1980                 0        3494.95
1981                 0        3494.95
1982                 0        3494.95
1983                 0        3494.95
1984                 0        3494.95
1985                 0        3494.95
1986                 0        3494.95
1987                 0        3494.95
1988                 0        3494.95
1989                 0        3494.95
1990                 0        3494.95
1991                 0        3494.95
1992                 0        3494.95
1993                 0        3494.95
1994                 0        3494.95
1995                 0        3494.95
1996                 0        3494.95
1997                 0        3494.95
1998                 0        3494.95
1999                 0        3494.95
2000                 0        3494.95
2001                 0        3494.95
2002                 0        3494.95
2003                 0        3494.95
2004                 0        3494.95
2005                 0        3494.95
2006                 0        3494.95
2007                 0        3494.95
2008                 0        3494.34
2009                 0        3494.33
2010                 0        3494.33
2011                 0        3494.33
2012                 0        3494.33
2013                 0        3494.33
2014                 0        3494.33
2015                 0        3494.33
2016                 0        3494.33
2017                 0        3494.33
2018                 0        3494.33
2019                 0        3494.33
2020                 0        3494.33
2021                 0        3494.33
2022                 0        3494.33
2023                 0        3494.33
2024                 0        3494.33
2025                 0        3494.33
2026                 0        3494.33
2027                 0        3494.33
2028                 0        3494.33
2029                 0        3494.33
2030                 0        3494.33
2031                 0        3494.33
2032                 0        3494.33
2033                 0        3494.33
2034                 0        3494.33
2035                 0        3494.33
2036                 0        3494.33
2037                 0        3494.33
2038                 0        3494.33
2039                 0        3494.33
2040                 0        3494.33
2041                 0        3494.33
2042                 0        3494.33
2043                 0        3494.33
2044                 0        3494.33
2045                 0        3494.33
2046                 0        3494.33
2047                 0        3494.33
2048                 0        3494.33
2049                 0        3494.33
2050                 0        3494.33
2051                 0        3494.33
2052                 0        3494.33
2053                 0        3494.33
2054                 0        3494.33
2055                 0        3494.33
2056                 0        3494.33
2057                 0        3494.33
2058                 0        3494.33
2059                 0        3494.33
2060                 0        3494.33
2061                 0        3494.33
2062                 0        3494.33
2063                 0        3494.33
2064                 0        3494.33
2065                 0        3494.33
2066                 0        3494.33
2067                 0        3494.33
2068                 0        3494.33
2069                 0        3494.33
2070                 0        3494.33
2071                 0        3494.33
2072                 0        3494.33
2073                 0        3494.33
2074                 0        3494.33
2075                 0        3494.33
2076                 0        3494.33
2077                 0        3494.33
2078                 0        3494.33
2079                 0        3494.33
2080                 0        3494.33
2081                 0        3494.33
2082                 0        3494.33
2083                 0        3494.33
2084                 0        3494.33
2085                 0        3494.33
2086                 0        3494.33
2087                 0        3494.33
2088                 0        3494.33
2089                 0        3494.33
2090                 0        3494.33
2091                 0        3494.33
2092                 0        3494.33
2093                 0        3494.33
2094                 0        3494.33
2095                 0        3494.33
2096                 0        3494.33
2097                 0        3494.33
2098                 0        3494.33
2099                 0        3494.33
2100                 0        3494.33
2101                 0        3494.33
2102                 0        3494.33
2103                 0        3494.33
2104                 0        3494.33
2105                 0        3494.33
2106                 0        3494.33
2107                 0        3494.33
2108                 0        3494.33
2109                 0        3494.33
2110                 0        3494.33
2111                 0        3494.33
2112                 0        3494.33
2113                 0        3494.33
2114                 0        3494.33
2115                 0        3494.33
2116                 0        3494.33
2117                 0        3494.33
2118                 0        3494.33
2119                 0        3494.33
2120                 0        3494.33
2121                 0        3494.33
2122                 0        3494.33
2123                 0        3494.33
2124                 0        3494.33
2125                 0        3494.33
2126                 0        3494.33
2127                 0        3494.33
2128                 0        3494.33
2129                 0        3494.33
2130                 0        3494.33
2131                 0        3494.33
2132                 0        3494.33
2133                 0        3494.33
2134                 0        3494.33
2135                 0        3494.33
2136                 0        3494.33
2137                 0        3494.33
2138                 0        3494.33
2139                 0        3494.33
2140                 0        3494.33
2141                 0        3494.33
2142                 0        3494.33
2143                 0        3494.33
2144                 0        3494.33
2145                 0        3494.33
2146                 0        3494.33
2147                 0        3494.33
2148                 0        3494.33
2149                 0        3494.33
2150                 0        3494.33
2151                 0        3494.33
2152                 0        3494.33
2153                 0        3494.33
2154                 0        3494.33
2155                 0        3494.33
2156                 0        3494.33
2157                 0        3494.33
2158                 0        3494.33
2159                 0        3494.33
2160                 0        3494.33
2161                 0        3494.33
2162                 0        3494.33
2163                 0        3494.33
2164                 0        3494.33
2165                 0        3494.33
2166                 0        3494.33
2167                 0        3494.33
2168                 0        3494.33
2169                 0        3494.33
2170                 0        3494.33
2171                 0        3494.33
2172                 0        3494.33
2173                 0        3494.33
2174                 0        3494.33
2175                 0        3494.33
2176                 0        3494.33
2177                 0        3494.33
2178                 0        3494.33
2179                 0        3494.33
2180                 0        3494.33
2181                 0        3494.33
2182                 0        3494.33
2183                 0        3494.33
2184                 0        3494.33
2185                 0        3494.33
2186                 0        3494.33
2187                 0        3494.33
2188                 0        3494.33
2189                 0        3494.33
2190                 0        3494.33
2191                 0        3494.33
2192                 0        3494.33
2193                 0        3494.33
2194                 0        3494.33
2195                 0        3494.33
2196                 0        3494.33
2197                 0        3494.33
2198                 0        3494.33
2199                 0        3494.33
2200                 0        3494.33
2201                 0        3494.33
2202                 0        3494.33
2203                 0        3494.33
2204                 0        3494.33
2205                 0        3494.33
2206                 0        3494.33
2207                 0        3494.33
2208                 0        3494.33
2209                 0        3494.33
2210                 0        3494.33
2211                 0        3494.33
2212                 0        3494.33
2213                 0        3494.33
2214                 0        3494.33
2215                 0        3494.33
2216                 0        3494.33
2217                 0        3494.33
2218                 0        3494.33
2219                 0        3494.33
2220                 0        3494.33
2221                 0        3494.33
2222                 0        3494.33
2223                 0        3494.33
2224                 0        3494.33
2225                 0        3494.33
2226                 0        3494.33
2227                 0        3494.33
2228                 0        3494.33
2229                 0        3494.33
2230                 0        3494.33
2231                 0        3494.33
2232                 0        3494.33
2233                 0        3494.33
2234                 0        3494.33
2235                 0        3494.33
2236                 0        3494.33
2237                 0        3494.33
2238                 0        3494.33
2239                 0        3494.33
2240                 0        3494.33
2241                 0        3494.33
2242                 0        3494.33
2243                 0        3494.33
2244                 0        3494.33
2245                 0        3494.33
2246                 0        3494.33
2247                 0        3494.33
2248                 0        3494.33
2249                 0        3494.33
2250                 0        3494.33
2251                 0        3494.33
2252                 0        3494.33
2253                 0        3494.33
2254                 0        3494.33
2255                 0        3494.33
2256                 0        3494.33
2257                 0        3494.33
2258                 0        3494.33
2259                 0        3494.33
2260                 0        3494.33
2261                 0        3494.33
2262                 0        3494.33
2263                 0        3494.33
2264                 0        3494.33
2265                 0        3494.33
2266                 0        3494.33
2267                 0        3494.33
2268                 0        3494.33
2269                 0        3494.33
2270                 0        3494.33
2271                 0        3494.33
2272                 0        3494.33
2273                 0        3494.33
2274                 0        3494.33
2275                 0        3494.33
2276                 0        3494.33
2277                 0        3494.33
2278                 0        3494.33
2279                 0        3494.33
2280                 0        3494.33
2281                 0        3494.33
2282                 0        3494.33
2283                 0        3494.33
2284                 0        3494.33
2285                 0        3494.33
2286                 0        3494.33
2287                 0        3494.33
2288                 0        3494.33
2289                 0        3494.33
2290                 0        3494.33
2291                 0        3494.33
2292                 0        3494.33
2293                 0        3494.33
2294                 0        3494.33
2295                 0        3494.33
2296                 0        3494.33
2297                 0        3494.33
2298                 0        3494.33
2299                 0        3494.33
2300                 0        3494.33
2301                 0        3494.03
2302                 0        3494.03
2303                 0        3494.03
2304                 0        3494.03
2305                 0        3494.03
2306                 0        3494.03
2307                 0        3494.03
2308                 0        3494.03
2309                 0        3494.03
2310                 0        3494.03
2311                 0        3494.03
2312                 0        3494.03
2313                 0        3494.03
2314                 0        3494.03
2315                 0        3494.03
2316                 0        3494.03
2317                 0        3494.03
2318                 0        3494.03
2319                 0        3494.03
2320                 0        3494.03
2321                 0        3494.03
2322                 0        3494.03
2323                 0        3494.03
2324                 0        3490.74
2325                 0        3490.67
2326                 0        3490.67
2327                 0        3490.67
2328                 0        3490.67
2329                 0        3490.67
2330                 0        3490.67
2331                 0        3490.67
2332                 0        3490.67
2333                 0        3490.67
2334                 0        3490.67
2335                 0        3490.67
2336                 0        3490.67
2337                 0        3490.67
2338                 0        3490.67
2339                 0        3490.67
2340                 0        3490.67
2341                 0        3490.67
2342                 0        3490.67
2343                 0        3490.67
2344                 0        3490.67
2345                 0        3490.67
2346                 0        3490.67
2347                 0        3490.67
2348                 0        3490.67
2349                 0        3490.67
2350                 0        3490.67
2351                 0        3490.67
2352                 0        3490.67
2353                 0        3490.67
2354                 0        3490.67
2355                 0        3490.67
2356                 0        3490.67
2357                 0        3490.67
2358                 0        3490.67
2359                 0        3490.67
2360                 0        3490.67
2361                 0        3490.67
2362                 0        3490.67
2363                 0        3490.67
2364                 0        3490.67
2365                 0        3490.67
2366                 0        3490.67
2367                 0        3490.67
2368                 0        3490.67
2369                 0        3490.67
2370                 0        3490.67
2371                 0        3490.67
2372                 0        3490.67
2373                 0        3490.67
2374                 0        3490.67
2375                 0        3490.67
2376                 0        3490.67
2377                 0        3490.67
2378                 0        3490.67
2379                 0        3490.67
2380                 0        3490.67
2381                 0        3490.67
2382                 0        3490.67
2383                 0        3490.67
2384                 0        3490.67
2385                 0        3490.67
2386                 0        3490.67
2387                 0        3490.67
2388                 0        3490.67
2389                 0        3490.67
2390                 0        3490.67
2391                 0        3490.67
2392                 0        3490.67
2393                 0        3490.67
2394                 0        3490.67
2395                 0        3490.67
2396                 0        3490.67
2397                 0        3490.67
2398                 0        3490.67
2399                 0        3490.67
2400                 0        3490.67
2401                 0        3490.67
2402                 0        3490.67
2403                 0        3490.67
2404                 0        3490.67
2405                 0        3490.67
2406                 0        3490.67
2407                 0        3490.67
2408                 0        3490.67
2409                 0        3490.67
2410                 0        3490.67
2411                 0        3490.67
2412                 0        3490.67
2413                 0        3490.67
2414                 0        3490.67
2415                 0        3490.67
2416                 0        3490.67
2417                 0        3490.67
2418                 0        3490.67
2419                 0        3490.67
2420                 0        3490.67
2421                 0        3490.67
2422                 0        3490.67
2423                 0        3490.67
2424                 0        3490.67
2425                 0        3490.67
2426                 0        3490.67
2427                 0        3490.67
2428                 0        3490.67
2429                 0        3490.67
2430                 0        3490.67
2431                 0        3490.67
2432                 0        3490.67
2433                 0        3490.67
2434                 0        3490.67
2435                 0        3490.67
2436                 0        3490.67
2437                 0        3490.67
2438                 0        3490.67
2439                 0        3490.67
2440                 0        3490.67
2441                 0        3490.67
2442                 0        3490.67
2443                 0        3490.67
2444                 0        3490.67
2445                 0        3490.67
2446                 0        3490.67
2447                 0        3490.67
2448                 0        3490.67
2449                 0        3490.67
2450                 0        3490.67
2451                 0        3490.67
2452                 0        3490.67
2453                 0        3490.67
2454                 0        3490.67
2455                 0        3490.67
2456                 0        3490.67
2457                 0        3490.67
2458                 0        3490.67
2459                 0        3490.67
2460                 0        3490.67
2461                 0        3490.67
2462                 0        3490.67
2463                 0        3490.67
2464                 0        3490.67
2465                 0        3490.67
2466                 0        3490.67
2467                 0        3490.67
2468                 0        3490.67
2469                 0        3490.67
2470                 0        3490.67
2471                 0        3490.67
2472                 0        3490.67
2473                 0        3490.67
2474                 0        3490.67
2475                 0        3490.67
2476                 0        3490.67
2477                 0        3490.67
2478                 0        3490.67
2479                 0        3490.67
2480                 0        3490.67
2481                 0        3490.67
2482                 0        3490.67
2483                 0        3490.67
2484                 0        3490.67
2485                 0        3490.67
2486                 0        3490.67
2487                 0        3490.67
2488                 0        3490.67
2489                 0        3490.67
2490                 0        3490.67
2491                 0        3490.67
2492                 0        3490.67
2493                 0        3490.67
2494                 0        3490.67
2495                 0        3490.67
2496                 0        3490.67
2497                 0        3490.67
2498                 0        3490.67
2499                 0        3490.67
2500                 0        3490.67
