#ITER       #BEST_FO       #MEDIA_FO
1           6761.35        16901.2
2           6469.04        8606.68
3            6044.5        7241.16
4           5761.97        6631.43
5           5434.79        6188.33
6           5290.43        5944.83
7           4997.47        5707.02
8           4893.17        5446.65
9           4893.17        5335.75
10           4893.17        5235.15
11           4868.38        5161.52
12           4829.84        5114.81
13           4816.04        5056.83
14           4794.01        5034.11
15           4750.14        5002.48
16           4735.19        4972.05
17           4735.19        4955.41
18           4722.88        4933.71
19            4719.9         4917.5
20            4719.9         4909.7
21            4719.9        4901.43
22           4710.28        4895.86
23              4706        4890.08
24           4703.29        4884.33
25           4699.24        4879.02
26           4693.82        4874.48
27           4693.01         4870.1
28           4692.32        4867.06
29           4691.42        4864.76
30           4690.23        4861.52
31           4690.23        4860.21
32           4688.82        4859.05
33           4688.82        4858.68
34           4685.89        4857.17
35            4684.7        4855.43
36            4684.7        4854.38
37            4684.7        4852.85
38            4684.7         4851.7
39            4684.7        4850.56
40           4684.34         4849.7
41           4684.34         4849.1
42           4683.87        4848.67
43           4683.87        4848.34
44           4683.04        4848.18
45           4683.04        4847.81
46           4683.04        4847.71
47           4683.04         4847.5
48           4683.04        4847.24
49           4683.04        4847.17
50           4683.04         4846.9
51           4683.04        4846.74
52           4683.04        4846.49
53           4683.04        4846.34
54           4683.04        4846.15
55           4683.04        4846.08
56           4683.04        4845.96
57           4683.04        4845.85
58           4683.04        4845.69
59           4683.04        4845.59
60           4682.92        4845.47
61           4682.91        4845.34
62           4682.91        4845.32
63           4682.91        4845.31
64           4682.27        4845.13
65           4682.27        4845.07
66           4682.27        4845.03
67           4682.27        4844.92
68           4682.27        4844.84
69           4682.27        4844.83
70           4682.27        4844.83
71           4682.21        4844.81
72           4682.21        4844.76
73           4682.21        4844.73
74           4682.21        4844.67
75           4682.21        4844.65
76           4682.21        4844.63
77           4682.21        4844.55
78           4681.97        4844.46
79           4681.92        4844.43
80           4681.92        4844.43
81           4681.92        4844.42
82           4681.92         4844.4
83           4681.92         4844.4
84           4681.92        4844.39
85           4681.81        4844.36
86           4681.81        4844.35
87           4681.72        4844.35
88           4681.72        4844.29
89           4681.68         4844.2
90           4681.68        4844.14
91           4681.68        4844.09
92           4681.68        4844.05
93           4681.45           4844
94           4681.45           4844
95           4681.45           4844
96           4681.45        4843.98
97            4681.4        4843.95
98            4681.4        4843.95
99            4681.4        4843.94
100            4681.4        4843.93
101            4681.4        4843.85
102            4681.4        4843.85
103            4681.4         4843.8
104            4681.4        4843.77
105            4681.4        4843.75
106            4681.4        4843.75
107           4681.13        4843.72
108           4681.13        4843.72
109           4681.13        4843.71
110           4681.13        4843.71
111           4681.13        4843.71
112           4681.13        4843.71
113           4681.13        4843.69
114           4681.13        4843.68
115           4681.13        4843.68
116           4681.11        4843.67
117           4681.11        4843.67
118           4681.11        4843.67
119           4681.11        4843.67
120           4681.11        4843.66
121           4681.11        4843.66
122           4680.76        4843.62
123           4680.76         4843.6
124           4680.76         4843.6
125           4680.76         4843.6
126           4680.66         4843.6
127           4680.66         4843.6
128           4680.66         4843.6
129           4680.66        4843.58
130           4680.66        4843.58
131           4680.66        4843.58
132           4680.66        4843.58
133           4680.66        4843.58
134           4680.66        4843.55
135           4680.66        4843.55
136           4680.66        4843.54
137           4680.66        4843.54
138           4680.66        4843.54
139           4680.66        4843.54
140           4680.66        4843.54
141           4680.66        4843.53
142           4680.66        4843.52
143           4680.66        4843.52
144           4680.66         4843.5
145           4680.66         4843.5
146           4680.66        4843.46
147           4680.66        4843.41
148           4680.66         4843.4
149           4680.66        4843.38
150           4680.66        4843.36
151           4680.66        4843.28
152           4680.66        4843.24
153           4680.66        4843.24
154           4680.66        4843.23
155           4680.66        4843.19
156           4680.66        4843.18
157           4680.66        4843.13
158           4680.66        4843.08
159           4680.66        4843.08
160           4680.66        4843.06
161           4680.66        4843.05
162            4680.5        4842.98
163            4680.5        4842.94
164            4680.5        4842.94
165            4680.5         4842.9
166            4680.5        4842.88
167            4680.5        4842.88
168            4680.5        4842.86
169            4680.5        4842.86
170            4680.5        4842.84
171            4680.5        4842.82
172            4680.5        4842.81
173            4680.5        4842.78
174            4680.5        4842.78
175            4680.5        4842.78
176            4680.5        4842.77
177            4680.5        4842.77
178           4680.48        4842.76
179           4680.48        4842.75
180           4680.48        4842.75
181           4680.48        4842.72
182           4680.48         4842.7
183           4680.48        4842.68
184           4680.48        4842.67
185           4680.48        4842.65
186           4680.48        4842.63
187           4680.48        4842.63
188           4680.48        4842.62
189           4680.48        4842.58
190           4680.48        4842.57
191           4680.48        4842.57
192           4680.48        4842.57
193           4680.48        4842.54
194           4680.48        4842.54
195           4680.48        4842.54
196           4680.48        4842.54
197           4680.48        4842.53
198           4680.48        4842.53
199           4680.48        4842.53
200           4680.48        4842.53
201           4680.39        4842.52
202           4680.39        4842.49
203           4680.36        4842.46
204           4680.36        4842.45
205           4680.36        4842.43
206           4680.36        4842.42
207           4680.36         4842.4
208           4680.36         4842.4
209           4680.36         4842.4
210           4680.36         4842.4
211           4680.36         4842.4
212           4680.31        4842.37
213           4680.31        4842.37
214           4680.31        4842.37
215           4680.31        4842.37
216           4680.31        4842.37
217           4680.31        4842.37
218           4680.31        4842.37
219           4680.31        4842.36
220           4680.31        4842.34
221           4680.31        4842.33
222           4680.31        4842.31
223           4680.31        4842.31
224           4680.31        4842.31
225           4680.31         4842.3
226           4680.31        4842.28
227           4680.31        4842.28
228           4680.31        4842.28
229           4680.31        4842.28
230           4680.31        4842.28
231           4680.31        4842.25
232           4680.31        4842.25
233           4680.31        4842.23
234           4680.31        4842.22
235           4680.31        4842.22
236           4680.31        4842.22
237           4680.31         4842.2
238           4680.31         4842.2
239           4680.31         4842.2
240           4680.31        4842.19
241           4680.31        4842.19
242           4680.31        4842.18
243           4680.31        4842.18
244           4680.31        4842.18
245           4680.31        4842.16
246           4680.31        4842.13
247           4680.31        4842.13
248           4680.31        4842.13
249           4680.31        4842.13
250           4680.31        4842.13
251           4680.31        4842.13
252           4680.31        4842.12
253           4680.31        4842.12
254           4680.31         4842.1
255           4680.31         4842.1
256           4680.31        4842.09
257           4680.31        4842.09
258           4680.31        4842.08
259           4680.31        4842.07
260           4680.31        4842.07
261           4680.31        4842.07
262            4680.3        4842.07
263            4680.3        4842.07
264            4680.3        4842.07
265            4680.3        4842.07
266            4680.3        4842.07
267            4680.3        4842.07
268            4680.3        4842.07
269            4680.3        4842.03
270            4680.3        4842.03
271            4680.3        4842.03
272            4680.3        4842.03
273            4680.3        4842.03
274            4680.3        4842.02
275            4680.3        4842.02
276            4680.3        4842.02
277            4680.3        4842.02
278            4680.3        4842.02
279            4680.3        4842.02
280            4680.3        4842.02
281            4680.3        4842.02
282            4680.3        4842.02
283            4680.3        4842.02
284            4680.3        4842.01
285            4680.3        4842.01
286            4680.3        4842.01
287            4680.3        4842.01
288            4680.3        4842.01
289           4680.25           4842
290           4680.25           4842
291           4680.25           4842
292           4680.25           4842
293           4680.25           4842
294           4680.25           4842
295           4680.25        4841.99
296           4680.25        4841.99
297           4680.25        4841.99
298           4680.25        4841.99
299           4680.25        4841.99
300           4680.25        4841.99
301           4680.25        4841.99
302           4680.25        4841.99
303           4680.25        4841.99
304           4680.25        4841.97
305           4680.25        4841.97
306           4680.25        4841.97
307           4680.25        4841.97
308           4680.25        4841.97
309           4680.25        4841.97
310           4680.25        4841.97
311           4680.25        4841.97
312           4680.25        4841.97
313           4680.25        4841.97
314           4680.25        4841.96
315           4680.25        4841.96
316           4680.25        4841.96
317           4680.25        4841.96
318           4680.25        4841.96
319           4680.25        4841.96
320           4680.25        4841.96
321           4680.25        4841.96
322           4680.25        4841.96
323           4680.25        4841.96
324           4680.25        4841.96
325           4680.25        4841.96
326           4680.25        4841.96
327           4680.25        4841.96
328           4680.25        4841.95
329           4680.25        4841.95
330           4680.25        4841.95
331           4680.25        4841.95
332           4680.25        4841.95
333           4680.25        4841.95
334           4680.25        4841.95
335           4680.25        4841.95
336           4680.25        4841.95
337           4680.25        4841.95
338           4680.25        4841.95
339           4680.25        4841.95
340           4680.25        4841.95
341           4680.25        4841.94
342           4680.25        4841.94
343           4680.25        4841.94
344           4680.25        4841.94
345           4680.25        4841.94
346           4680.25        4841.93
347           4680.25        4841.93
348           4680.25        4841.93
349           4680.25        4841.93
350           4680.25        4841.93
351           4680.25        4841.93
352           4680.25        4841.93
353           4680.25        4841.93
354           4680.25        4841.93
355           4680.25        4841.93
356           4680.25        4841.93
357           4680.25        4841.92
358           4680.25        4841.92
359           4680.25        4841.92
360           4680.25        4841.92
361           4680.25        4841.92
362           4680.25        4841.92
363           4680.25        4841.92
364           4680.25        4841.92
365           4680.25        4841.92
366           4680.25        4841.91
367           4680.25        4841.91
368           4680.25        4841.91
369           4680.23         4841.9
370           4680.23         4841.9
371           4680.23         4841.9
372           4680.23         4841.9
373           4680.23         4841.9
374           4680.23         4841.9
375           4680.23         4841.9
376           4680.23         4841.9
377           4680.23         4841.9
378           4680.23         4841.9
379           4680.23         4841.9
380           4680.23         4841.9
381           4680.23         4841.9
382           4680.23         4841.9
383           4680.23         4841.9
384           4680.23         4841.9
385           4680.23         4841.9
386           4680.23         4841.9
387           4680.23         4841.9
388            4680.2        4841.89
389            4680.2        4841.88
390            4680.2        4841.87
391           4680.19        4841.86
392           4680.19        4841.84
393           4680.19        4841.83
394           4680.19        4841.81
395           4680.15        4841.79
396           4680.15        4841.79
397           4680.15        4841.78
398           4680.15        4841.78
399           4680.15        4841.78
400           4680.15        4841.78
401           4680.15        4841.78
402           4680.15        4841.78
403           4680.15        4841.78
404           4680.15        4841.78
405           4680.15        4841.78
406           4680.15        4841.77
407           4680.15        4841.76
408           4680.15        4841.76
409           4680.15        4841.75
410           4680.11        4841.74
411           4680.11        4841.74
412           4680.11        4841.74
413           4680.11        4841.74
414           4680.03        4841.72
415           4680.03        4841.72
416           4680.03        4841.72
417           4680.03        4841.72
418           4680.03        4841.72
419           4680.03        4841.72
420           4680.03        4841.72
421           4680.03         4841.7
422           4680.03         4841.7
423           4680.03         4841.7
424           4679.92         4841.7
425           4679.92         4841.7
426           4679.92         4841.7
427           4679.92         4841.7
428           4679.92         4841.7
429           4679.92        4841.69
430           4679.92        4841.69
431           4679.92        4841.69
432           4679.92        4841.68
433           4679.92        4841.67
434           4679.92        4841.67
435           4679.92        4841.67
436           4679.92        4841.67
437           4679.92        4841.67
438           4679.92        4841.67
439           4679.91        4841.67
440           4679.91        4841.67
441           4679.91        4841.67
442           4679.91        4841.67
443           4679.91        4841.67
444           4679.91        4841.67
445           4679.91        4841.67
446           4679.91        4841.67
447           4679.91        4841.66
448           4679.91        4841.66
449           4679.91        4841.66
450           4679.91        4841.66
451           4679.91        4841.66
452           4679.91        4841.66
453           4679.91        4841.66
454           4679.91        4841.66
455           4679.91        4841.66
456           4679.91        4841.66
457           4679.91        4841.66
458           4679.91        4841.65
459           4679.91        4841.65
460           4679.91        4841.65
461           4679.91        4841.65
462           4679.91        4841.64
463           4679.91        4841.64
464           4679.91        4841.64
465           4679.91        4841.64
466           4679.91        4841.64
467           4679.91        4841.64
468           4679.91        4841.63
469           4679.91        4841.63
470           4679.91        4841.62
471           4679.91        4841.61
472           4679.91        4841.61
473           4679.91        4841.61
474           4679.91        4841.61
475           4679.91        4841.61
476           4679.91         4841.6
477           4679.91         4841.6
478           4679.91         4841.6
479           4679.91         4841.6
480           4679.91         4841.6
481           4679.91        4841.59
482           4679.91        4841.58
483           4679.91        4841.58
484           4679.91        4841.57
485           4679.91        4841.57
486           4679.91        4841.57
487           4679.91        4841.57
488           4679.91        4841.57
489           4679.91        4841.56
490           4679.91        4841.56
491           4679.91        4841.55
492           4679.91        4841.55
493           4679.91        4841.54
494           4679.91        4841.54
495           4679.91        4841.54
496           4679.91        4841.54
497           4679.91        4841.54
498           4679.91        4841.54
499           4679.91        4841.53
500           4679.91        4841.53
501           4679.91        4841.53
502           4679.91        4841.53
503           4679.91        4841.53
504           4679.91        4841.52
505           4679.89        4841.52
506           4679.89        4841.52
507           4679.89        4841.52
508           4679.89        4841.52
509           4679.89        4841.52
510           4679.89        4841.51
511           4679.89        4841.51
512           4679.89        4841.51
513           4679.89        4841.51
514           4679.89        4841.51
515           4679.89        4841.51
516           4679.89        4841.51
517           4679.89        4841.51
518           4679.89        4841.51
519           4679.89        4841.51
520           4679.87        4841.51
521           4679.87        4841.51
522           4679.87         4841.5
523           4679.87         4841.5
524           4679.87         4841.5
525           4679.87         4841.5
526           4679.87         4841.5
527           4679.87         4841.5
528           4679.87         4841.5
529           4679.85         4841.5
530           4679.85         4841.5
531           4679.85         4841.5
532           4679.85         4841.5
533            4679.8        4841.49
534            4679.8        4841.49
535            4679.8        4841.48
536            4679.8        4841.48
537            4679.8        4841.48
538            4679.8        4841.47
539            4679.8        4841.46
540           4679.75        4841.45
541           4679.75        4841.45
542           4679.75        4841.45
543           4679.75        4841.45
544           4679.75        4841.45
545           4679.75        4841.45
546           4679.75        4841.45
547           4679.75        4841.45
548           4679.75        4841.44
549           4679.71        4841.42
550           4679.71        4841.42
551           4679.71        4841.42
552           4679.71        4841.42
553           4679.71        4841.42
554           4679.71        4841.42
555           4679.71        4841.41
556           4679.71        4841.41
557           4679.59         4841.4
558           4679.59         4841.4
559           4679.59        4841.39
560           4679.59        4841.39
561           4679.48        4841.38
562           4679.48        4841.37
563           4679.48        4841.36
564           4679.48        4841.36
565           4679.48        4841.36
566           4679.48        4841.36
567           4679.48        4841.35
568            4679.4        4841.33
569            4679.4        4841.33
570           4679.38         4841.3
571           4679.38        4841.29
572           4679.38        4841.28
573           4679.38        4841.28
574           4679.38        4841.28
575           4679.38        4841.26
576           4679.18        4841.26
577           4679.01        4841.23
578           4678.89        4841.21
579           4678.89        4841.21
580           4678.89        4841.21
581           4678.89        4841.18
582           4678.89        4841.16
583           4678.62        4841.15
584           4678.62        4841.15
585           4678.62        4841.15
586           4678.62        4841.15
587           4678.62        4841.15
588           4678.62        4841.15
589           4678.62        4841.15
590           4678.62        4841.15
591           4678.62        4841.15
592           4678.62        4841.15
593           4678.62        4841.15
594           4678.62        4841.11
595           4678.62        4841.11
596           4678.61         4841.1
597           4678.61         4841.1
598           4678.61         4841.1
599           4678.61        4841.07
600           4678.61        4841.07
601           4678.61        4841.07
602           4678.61        4841.06
603           4678.61        4841.04
604           4678.61        4841.04
605           4678.61        4841.04
606           4678.61           4841
607           4678.61           4841
608           4678.61           4841
609           4678.61        4840.99
610           4678.61        4840.99
611           4678.61        4840.99
612           4678.61        4840.99
613           4678.61        4840.99
614           4678.61        4840.99
615           4678.61        4840.96
616           4678.61        4840.96
617           4678.61        4840.96
618           4678.61        4840.96
619           4678.61        4840.95
620           4678.61        4840.94
621           4678.61        4840.93
622           4678.61        4840.93
623           4678.44         4840.9
624           4678.44         4840.9
625           4678.44         4840.9
626           4678.44         4840.9
627           4678.44         4840.9
628           4678.44         4840.9
629           4678.44         4840.9
630           4678.44         4840.9
631           4678.44         4840.9
632           4678.44         4840.9
633           4678.44         4840.9
634           4678.44        4840.88
635           4678.44        4840.88
636           4678.44        4840.88
637           4678.44        4840.88
638           4678.44        4840.88
639           4678.44        4840.87
640           4678.44        4840.85
641           4678.44        4840.85
642           4678.44        4840.85
643           4678.44        4840.84
644           4678.44        4840.82
645           4678.44        4840.82
646           4678.33         4840.8
647           4678.33         4840.8
648           4678.33        4840.77
649           4678.33        4840.76
650           4678.33        4840.76
651           4678.33         4840.7
652           4678.33         4840.7
653           4678.33         4840.7
654           4678.33         4840.7
655           4678.33         4840.7
656           4678.33         4840.7
657           4678.33        4840.67
658           4678.33        4840.67
659           4678.33        4840.67
660           4678.33        4840.67
661           4678.33        4840.66
662           4678.33        4840.66
663           4678.33        4840.66
664           4678.33        4840.65
665           4678.33        4840.64
666           4678.33        4840.64
667           4678.33        4840.64
668           4678.25        4840.63
669           4677.99        4840.62
670           4677.99        4840.62
671           4677.99        4840.62
672           4677.99        4840.62
673           4677.99        4840.62
674           4677.99        4840.61
675           4677.99        4840.59
676           4677.99        4840.59
677           4677.99        4840.59
678           4677.99        4840.59
679           4677.99        4840.53
680           4677.99        4840.53
681           4677.99        4840.53
682           4677.99         4840.5
683           4677.99         4840.5
684           4677.99        4840.47
685           4677.99        4840.47
686           4677.99        4840.47
687           4677.99        4840.47
688           4677.99        4840.47
689           4677.99        4840.47
690           4677.99        4840.46
691           4677.87        4840.41
692           4677.87        4840.41
693           4677.87        4840.41
694           4677.87        4840.41
695           4677.87        4840.41
696           4677.87        4840.38
697           4677.87        4840.38
698           4677.87        4840.38
699           4677.87        4840.38
700           4677.87        4840.38
701           4677.87        4840.38
702           4677.87        4840.38
703           4677.87        4840.35
704           4677.87        4840.35
705           4677.87        4840.35
706           4677.87        4840.34
707           4677.87        4840.34
708           4677.87         4840.3
709           4677.87         4840.3
710           4677.87         4840.3
711           4677.87         4840.3
712           4677.87         4840.3
713           4677.87        4840.29
714            4677.7        4840.27
715            4677.7        4840.24
716            4677.7         4840.2
717            4677.7         4840.2
718            4677.7         4840.2
719            4677.7        4840.18
720            4677.7        4840.18
721            4677.7        4840.15
722            4677.7        4840.14
723            4677.7        4840.12
724            4677.7        4840.09
725            4677.7        4840.08
726            4677.7        4840.08
727            4677.7        4840.08
728            4677.7        4840.07
729            4677.7        4840.06
730            4677.7        4840.05
731            4677.7        4840.05
732            4677.7        4840.05
733            4677.7        4840.03
734            4677.7        4840.02
735            4677.7        4839.98
736            4677.7        4839.95
737            4677.7        4839.94
738            4677.7        4839.94
739            4677.7        4839.94
740            4677.7        4839.92
741            4677.7        4839.91
742           4677.68        4839.87
743           4677.68        4839.87
744           4677.68        4839.87
745           4677.68        4839.87
746           4677.68        4839.86
747           4677.68        4839.86
748           4677.68        4839.86
749           4677.68        4839.86
750           4677.68        4839.86
751           4677.68        4839.86
752           4677.68        4839.86
753           4677.68        4839.86
754           4677.68        4839.86
755           4677.68        4839.86
756           4677.68        4839.86
757           4677.68        4839.86
758           4677.68        4839.86
759           4677.68        4839.86
760           4677.68        4839.86
761           4677.68        4839.86
762           4677.68        4839.86
763           4677.68        4839.86
764           4677.68        4839.83
765           4677.68        4839.83
766           4677.68        4839.83
767           4677.68        4839.82
768           4677.68        4839.82
769           4677.68        4839.82
770           4677.68        4839.81
771           4677.68        4839.78
772           4677.68        4839.78
773           4677.65        4839.77
774           4677.65        4839.77
775           4677.65        4839.77
776           4677.57        4839.76
777           4677.57        4839.76
778           4677.57        4839.76
779           4677.57        4839.76
780           4677.57        4839.76
781           4677.52        4839.73
782           4677.52        4839.73
783           4677.52         4839.7
784           4677.52         4839.7
785           4677.52         4839.7
786           4677.52         4839.7
787           4677.52         4839.7
788           4677.52         4839.7
789           4677.52         4839.7
790           4677.52        4839.69
791           4677.52        4839.68
792           4677.52        4839.63
793           4677.52        4839.63
794           4677.52        4839.63
795           4677.52        4839.59
796           4677.52        4839.59
797           4677.52        4839.58
798           4677.52        4839.58
799           4677.52        4839.58
800           4677.52        4839.57
801           4677.52        4839.57
802           4677.52        4839.57
803           4677.52        4839.57
804           4677.52        4839.57
805           4677.52        4839.56
806           4677.52        4839.56
807           4677.52        4839.56
808           4677.52        4839.55
809           4677.52        4839.55
810           4677.52        4839.54
811           4677.52        4839.51
812           4677.52         4839.5
813           4677.52         4839.5
814           4677.52        4839.49
815           4677.52        4839.49
816           4677.52        4839.49
817           4677.38        4839.46
818           4677.38        4839.46
819           4677.38        4839.46
820           4677.38        4839.46
821           4677.38        4839.46
822           4677.38        4839.46
823           4677.38        4839.46
824           4677.38        4839.46
825           4677.38        4839.45
826           4677.38        4839.45
827           4677.38        4839.45
828           4677.38        4839.43
829           4677.38        4839.41
830           4677.34         4839.4
831           4677.34         4839.4
832           4677.34         4839.4
833           4677.34        4839.39
834           4677.34        4839.39
835           4677.34        4839.39
836           4677.34        4839.36
837           4677.34        4839.36
838           4677.34        4839.36
839           4677.34        4839.36
840           4677.34        4839.34
841           4677.34        4839.29
842           4677.34        4839.29
843           4677.34        4839.26
844           4677.34        4839.26
845           4677.34        4839.26
846           4677.34        4839.26
847           4677.34        4839.26
848           4677.34        4839.24
849           4677.34        4839.24
850           4677.31        4839.23
851           4677.25        4839.22
852           4677.25        4839.22
853           4677.25        4839.22
854           4677.25        4839.22
855           4677.25        4839.22
856           4677.25        4839.22
857           4677.25        4839.22
858           4677.25        4839.22
859           4677.25        4839.22
860           4677.25        4839.22
861           4677.25        4839.22
862           4677.25        4839.22
863           4677.25        4839.21
864           4677.25        4839.21
865           4677.25        4839.19
866           4677.25        4839.19
867           4677.25        4839.19
868           4677.25        4839.18
869           4677.25        4839.17
870           4677.25        4839.17
871           4677.25        4839.16
872           4677.25        4839.15
873           4677.25        4839.15
874           4677.25        4839.15
875           4677.25        4839.15
876           4677.25        4839.15
877           4677.25        4839.15
878           4677.25        4839.12
879           4677.25        4839.12
880           4677.25        4839.12
881           4677.25        4839.11
882           4677.24        4839.11
883           4677.24         4839.1
884           4677.24        4839.08
885           4677.24        4839.08
886           4677.24        4839.08
887           4677.24        4839.08
888           4677.24        4839.06
889           4677.24        4839.06
890           4677.24        4839.06
891           4677.24        4839.06
892           4677.24        4839.05
893           4677.24        4839.05
894           4677.24        4839.05
895           4677.24        4839.05
896           4677.24        4839.05
897           4677.24        4839.03
898           4677.24        4839.03
899           4677.24           4839
900           4677.24           4839
901           4677.24           4839
902           4677.24           4839
903           4677.24           4839
904           4677.24           4839
905           4677.24           4839
906           4677.24        4838.99
907           4677.24        4838.99
908           4677.24        4838.99
909           4677.24        4838.99
910           4677.24        4838.99
911           4677.24        4838.98
912           4677.24        4838.98
913           4677.24        4838.98
914           4677.21        4838.98
915           4677.21        4838.98
916           4677.21        4838.98
917           4677.21        4838.98
918           4677.21        4838.98
919           4677.21        4838.98
920           4677.21        4838.98
921           4677.21        4838.98
922           4677.21        4838.98
923           4677.21        4838.98
924           4677.21        4838.97
925           4677.21        4838.97
926           4677.21        4838.97
927           4677.21        4838.96
928           4677.21        4838.96
929           4677.21        4838.96
930           4677.21        4838.96
931           4677.21        4838.96
932           4677.21        4838.96
933           4677.21        4838.96
934           4677.21        4838.96
935           4677.21        4838.96
936           4677.21        4838.95
937           4677.21        4838.94
938           4677.21        4838.94
939           4677.21        4838.93
940           4677.21        4838.92
941           4677.21        4838.92
942           4677.21        4838.91
943           4677.21        4838.91
944           4677.21        4838.91
945           4677.21        4838.89
946           4677.21        4838.88
947           4677.21        4838.88
948           4677.21        4838.87
949           4677.21        4838.87
950           4677.21        4838.86
951           4677.21        4838.86
952           4677.21        4838.86
953           4677.21        4838.86
954           4677.21        4838.86
955           4677.21        4838.85
956           4677.21        4838.85
957           4677.21        4838.84
958           4677.21        4838.84
959           4677.21        4838.84
960           4677.21        4838.84
961           4677.21        4838.84
962           4677.21        4838.83
963           4677.21        4838.83
964           4677.21        4838.83
965           4677.21        4838.83
966           4677.21        4838.83
967           4677.21        4838.82
968           4677.21        4838.82
969           4677.21        4838.82
970           4677.21        4838.82
971           4677.21        4838.82
972           4677.21        4838.82
973           4677.21        4838.81
974           4677.21        4838.81
975           4677.21        4838.81
976           4677.21        4838.81
977           4677.21        4838.81
978           4677.21        4838.81
979           4677.21         4838.8
980           4677.21         4838.8
981           4677.21        4838.79
982           4677.21        4838.79
983           4677.21        4838.79
984           4677.21        4838.79
985           4677.21        4838.79
986           4677.21        4838.79
987           4677.21        4838.79
988           4677.21        4838.78
989           4677.21        4838.78
990           4677.21        4838.78
991           4677.21        4838.78
992           4677.21        4838.78
993           4677.21        4838.78
994           4677.21        4838.78
995           4677.21        4838.78
996           4677.21        4838.78
997           4677.21        4838.78
998           4677.21        4838.78
999           4677.21        4838.78
1000           4677.21        4838.78
1001           4677.21        4838.78
1002           4677.21        4838.78
1003           4677.21        4838.78
1004           4677.21        4838.78
1005           4677.21        4838.77
1006            4677.2        4838.77
1007            4677.2        4838.77
1008            4677.2        4838.77
1009            4677.2        4838.77
1010            4677.2        4838.77
1011            4677.2        4838.77
1012            4677.2        4838.77
1013            4677.2        4838.76
1014            4677.2        4838.76
1015            4677.2        4838.76
1016            4677.2        4838.76
1017            4677.2        4838.75
1018            4677.2        4838.75
1019            4677.2        4838.75
1020            4677.2        4838.74
1021            4677.2        4838.74
1022            4677.2        4838.74
1023            4677.2        4838.74
1024            4677.2        4838.74
1025            4677.2        4838.74
1026            4677.2        4838.74
1027            4677.2        4838.74
1028            4677.2        4838.73
1029            4677.2        4838.71
1030            4677.2        4838.71
1031            4677.2        4838.71
1032            4677.2        4838.71
1033            4677.2        4838.71
1034            4677.2        4838.71
1035            4677.2        4838.71
1036            4677.2        4838.71
1037            4677.2        4838.71
1038            4677.2        4838.71
1039            4677.2        4838.71
1040            4677.2        4838.71
1041            4677.2        4838.71
1042            4677.2        4838.71
1043            4677.2        4838.71
1044            4677.2        4838.71
1045            4677.2        4838.71
1046            4677.2        4838.71
1047            4677.2        4838.71
1048            4677.2        4838.71
1049            4677.2        4838.71
1050            4677.2        4838.71
1051            4677.2        4838.71
1052            4677.2         4838.7
1053            4677.2        4838.69
1054            4677.2        4838.68
1055            4677.2        4838.68
1056            4677.2        4838.68
1057            4677.2        4838.68
1058            4677.2        4838.68
1059            4677.2        4838.68
1060            4677.2        4838.68
1061            4677.2        4838.68
1062            4677.2        4838.67
1063            4677.2        4838.67
1064            4677.2        4838.67
1065            4677.2        4838.67
1066            4677.2        4838.67
1067            4677.2        4838.67
1068            4677.2        4838.67
1069            4677.2        4838.67
1070            4677.2        4838.67
1071            4677.2        4838.66
1072            4677.2        4838.66
1073            4677.2        4838.66
1074            4677.2        4838.66
1075            4677.2        4838.66
1076            4677.2        4838.66
1077            4677.2        4838.66
1078            4677.2        4838.66
1079            4677.2        4838.66
1080            4677.2        4838.66
1081           4677.18        4838.65
1082           4677.18        4838.65
1083           4677.18        4838.65
1084           4677.18        4838.65
1085           4677.18        4838.65
1086           4677.18        4838.65
1087           4677.18        4838.65
1088           4677.18        4838.64
1089           4677.18        4838.64
1090           4677.18        4838.64
1091           4677.18        4838.64
1092           4677.18        4838.64
1093           4677.18        4838.64
1094           4677.18        4838.64
1095           4677.18        4838.64
1096           4677.18        4838.64
1097           4677.18        4838.64
1098           4677.18        4838.64
1099           4677.18        4838.64
1100           4677.18        4838.64
1101           4677.16        4838.64
1102           4677.16        4838.64
1103           4677.16        4838.64
1104           4677.16        4838.64
1105           4677.16        4838.64
1106           4677.16        4838.64
1107           4677.16        4838.64
1108           4677.16        4838.64
1109           4677.16        4838.64
1110           4677.16        4838.63
1111           4677.16        4838.63
1112           4677.16        4838.63
1113           4677.16        4838.63
1114           4677.16        4838.62
1115           4677.16        4838.62
1116           4677.16        4838.62
1117           4677.16        4838.62
1118           4677.16        4838.62
1119           4677.16        4838.61
1120           4677.16        4838.61
1121           4677.16        4838.61
1122           4677.16        4838.61
1123           4677.16        4838.61
1124           4677.16        4838.61
1125           4677.16        4838.61
1126           4677.16        4838.61
1127           4677.16        4838.61
1128           4677.16        4838.61
1129           4677.16        4838.61
1130           4677.16        4838.61
1131           4677.16        4838.61
1132           4677.16        4838.61
1133           4677.16        4838.61
1134           4677.16        4838.61
1135           4677.16         4838.6
1136           4677.16         4838.6
1137           4677.16         4838.6
1138           4677.16         4838.6
1139           4677.16         4838.6
1140           4677.16         4838.6
1141           4677.16         4838.6
1142           4677.16         4838.6
1143           4677.16         4838.6
1144           4677.16         4838.6
1145           4677.16         4838.6
1146           4677.16         4838.6
1147           4677.16         4838.6
1148           4677.16         4838.6
1149           4677.16         4838.6
1150           4677.16         4838.6
1151           4677.16         4838.6
1152           4677.16         4838.6
1153           4677.16         4838.6
1154           4677.16         4838.6
1155           4677.16         4838.6
1156           4677.15        4838.59
1157           4677.15        4838.59
1158           4677.15        4838.59
1159           4677.15        4838.59
1160           4677.15        4838.59
1161           4677.15        4838.59
1162           4677.15        4838.59
1163           4677.15        4838.59
1164           4677.15        4838.59
1165           4677.15        4838.59
1166           4677.15        4838.59
1167           4677.15        4838.59
1168           4677.15        4838.58
1169           4677.15        4838.58
1170           4677.15        4838.58
1171           4677.13        4838.58
1172           4677.13        4838.58
1173           4677.13        4838.58
1174           4677.13        4838.58
1175           4677.13        4838.58
1176           4677.13        4838.57
1177           4677.13        4838.57
1178           4677.13        4838.57
1179           4677.13        4838.57
1180           4677.13        4838.57
1181           4677.13        4838.57
1182           4677.13        4838.57
1183           4677.13        4838.57
1184           4677.13        4838.57
1185           4677.13        4838.57
1186           4677.13        4838.57
1187           4677.13        4838.57
1188           4677.13        4838.57
1189           4677.13        4838.57
1190           4677.13        4838.57
1191           4677.13        4838.57
1192           4677.13        4838.57
1193           4677.13        4838.57
1194           4677.13        4838.56
1195           4677.13        4838.56
1196           4677.13        4838.56
1197           4677.13        4838.56
1198           4677.13        4838.56
1199           4677.13        4838.56
1200           4677.13        4838.55
1201           4677.13        4838.55
1202           4677.13        4838.55
1203           4677.13        4838.55
1204           4677.13        4838.55
1205           4677.13        4838.55
1206           4677.13        4838.55
1207           4677.13        4838.55
1208           4677.13        4838.55
1209           4677.13        4838.55
1210           4677.13        4838.55
1211           4677.13        4838.55
1212           4677.13        4838.55
1213           4677.13        4838.55
1214           4677.13        4838.55
1215           4677.13        4838.55
1216           4677.13        4838.54
1217           4677.13        4838.54
1218           4677.13        4838.54
1219           4677.13        4838.54
1220           4677.13        4838.54
1221           4677.13        4838.54
1222           4677.13        4838.54
1223           4677.13        4838.54
1224           4677.13        4838.53
1225           4677.13        4838.53
1226           4677.13        4838.53
1227           4677.13        4838.53
1228           4677.13        4838.53
1229           4677.13        4838.53
1230           4677.13        4838.53
1231           4677.13        4838.53
1232           4677.13        4838.53
1233           4677.13        4838.53
1234           4677.13        4838.53
1235           4677.13        4838.53
1236           4677.13        4838.53
1237           4677.13        4838.53
1238           4677.13        4838.53
1239           4677.13        4838.53
1240           4677.13        4838.53
1241           4677.13        4838.53
1242           4677.13        4838.53
1243           4677.13        4838.53
1244           4677.13        4838.53
1245           4677.13        4838.53
1246           4677.13        4838.53
1247           4677.13        4838.53
1248           4677.13        4838.53
1249           4677.13        4838.53
1250           4677.13        4838.53
1251           4677.13        4838.53
1252           4677.13        4838.53
1253           4677.13        4838.53
1254           4677.13        4838.53
1255           4677.13        4838.53
1256           4677.13        4838.53
1257           4677.13        4838.53
1258           4677.13        4838.53
1259           4677.13        4838.53
1260           4677.13        4838.53
1261           4677.13        4838.53
1262           4677.13        4838.53
1263           4677.13        4838.52
1264           4677.13        4838.52
1265           4677.13        4838.52
1266           4677.13        4838.52
1267           4677.13        4838.52
1268           4677.13        4838.52
1269           4677.13        4838.52
1270           4677.13        4838.52
1271           4677.13        4838.52
1272           4677.13        4838.52
1273           4677.13        4838.52
1274           4677.13        4838.52
1275           4677.13        4838.52
1276           4677.13        4838.52
1277           4677.13        4838.52
1278           4677.13        4838.52
1279           4677.13        4838.52
1280           4677.13        4838.52
1281           4677.13        4838.52
1282           4677.13        4838.52
1283           4677.13        4838.52
1284           4677.13        4838.52
1285           4677.13        4838.52
1286           4677.13        4838.52
1287           4677.13        4838.52
1288           4677.13        4838.52
1289           4677.13        4838.52
1290           4677.13        4838.52
1291           4677.13        4838.52
1292           4677.13        4838.52
1293           4677.13        4838.52
1294           4677.13        4838.52
1295           4677.13        4838.52
1296           4677.13        4838.52
1297           4677.13        4838.52
1298           4677.13        4838.52
1299           4677.13        4838.52
1300           4677.13        4838.52
1301           4677.13        4838.52
1302           4677.13        4838.52
1303           4677.13        4838.52
1304           4677.13        4838.52
1305           4677.13        4838.52
1306           4677.13        4838.52
1307           4677.13        4838.52
1308           4677.13        4838.52
1309           4677.13        4838.52
1310           4677.13        4838.52
1311           4677.13        4838.52
1312           4677.13        4838.52
1313           4677.13        4838.52
1314           4677.13        4838.52
1315           4677.13        4838.52
1316           4677.13        4838.52
1317           4677.13        4838.52
1318           4677.13        4838.51
1319           4677.13        4838.51
1320           4677.13        4838.51
1321           4677.13        4838.51
1322           4677.13        4838.51
1323           4677.13        4838.51
1324           4677.13        4838.51
1325           4677.13        4838.51
1326           4677.13        4838.51
1327           4677.13        4838.51
1328           4677.13        4838.51
1329           4677.13        4838.51
1330           4677.13        4838.51
1331           4677.13        4838.51
1332           4677.13        4838.51
1333           4677.13        4838.51
1334           4677.13        4838.51
1335           4677.13        4838.51
1336           4677.13        4838.51
1337           4677.13        4838.51
1338           4677.13        4838.51
1339           4677.13        4838.51
1340           4677.13        4838.51
1341           4677.13        4838.51
1342           4677.13        4838.51
1343           4677.13        4838.51
1344           4677.13        4838.51
1345           4677.13        4838.51
1346           4677.13        4838.51
1347           4677.13        4838.51
1348           4677.13        4838.51
1349           4677.13        4838.51
1350           4677.13        4838.51
1351           4677.13        4838.51
1352           4677.13        4838.51
1353           4677.13        4838.51
1354           4677.13        4838.51
1355           4677.13         4838.5
1356           4677.13         4838.5
1357           4677.13         4838.5
1358           4677.13         4838.5
1359           4677.13         4838.5
1360           4677.13         4838.5
1361           4677.13         4838.5
1362           4677.13         4838.5
1363           4677.13         4838.5
1364           4677.13         4838.5
1365           4677.13         4838.5
1366           4677.13         4838.5
1367           4677.13         4838.5
1368           4677.13         4838.5
1369           4677.13         4838.5
1370           4677.13         4838.5
1371           4677.13         4838.5
1372           4677.13         4838.5
1373           4677.13         4838.5
1374           4677.13         4838.5
1375           4677.13         4838.5
1376           4677.13         4838.5
1377           4677.13         4838.5
1378           4677.13         4838.5
1379           4677.13         4838.5
1380           4677.13         4838.5
1381           4677.13         4838.5
1382           4677.13         4838.5
1383           4677.13         4838.5
1384           4677.13         4838.5
1385           4677.13         4838.5
1386           4677.13         4838.5
1387           4677.13         4838.5
1388           4677.13         4838.5
1389           4677.13         4838.5
1390           4677.13         4838.5
1391           4677.13         4838.5
1392           4677.13         4838.5
1393           4677.13         4838.5
1394           4677.13         4838.5
1395           4677.13         4838.5
1396           4677.13         4838.5
1397           4677.13         4838.5
1398           4677.13         4838.5
1399           4677.13         4838.5
1400           4677.13         4838.5
1401           4677.13         4838.5
1402           4677.13         4838.5
1403           4677.13         4838.5
1404           4677.13         4838.5
1405           4677.13         4838.5
1406           4677.13         4838.5
1407           4677.13        4838.49
1408           4677.13        4838.49
1409           4677.13        4838.49
1410           4677.13        4838.49
1411           4677.13        4838.49
1412           4677.13        4838.49
1413           4677.13        4838.49
1414           4677.13        4838.49
1415           4677.13        4838.49
1416           4677.13        4838.49
1417           4677.13        4838.49
1418           4677.13        4838.49
1419           4677.13        4838.49
1420           4677.13        4838.49
1421           4677.13        4838.49
1422           4677.13        4838.49
1423           4677.13        4838.49
1424           4677.13        4838.49
1425           4677.13        4838.49
1426           4677.13        4838.49
1427           4677.13        4838.49
1428           4677.13        4838.49
1429           4677.13        4838.49
1430           4677.13        4838.49
1431           4677.13        4838.49
1432           4677.13        4838.49
1433           4677.13        4838.49
1434           4677.13        4838.49
1435           4677.13        4838.49
1436           4677.13        4838.49
1437           4677.13        4838.49
1438           4677.13        4838.49
1439           4677.13        4838.49
1440           4677.13        4838.49
1441           4677.13        4838.49
1442           4677.13        4838.49
1443           4677.13        4838.49
1444           4677.13        4838.49
1445           4677.13        4838.49
1446           4677.13        4838.49
1447           4677.13        4838.49
1448           4677.13        4838.49
1449           4677.13        4838.49
1450           4677.13        4838.49
1451           4677.13        4838.49
1452           4677.13        4838.49
1453           4677.13        4838.49
1454           4677.13        4838.49
1455           4677.13        4838.49
1456           4677.13        4838.49
1457           4677.13        4838.49
1458           4677.13        4838.49
1459           4677.13        4838.49
1460           4677.13        4838.49
1461           4677.13        4838.49
1462           4677.13        4838.49
1463           4677.13        4838.49
1464           4677.13        4838.49
1465           4677.13        4838.49
1466           4677.13        4838.49
1467           4677.13        4838.49
1468           4677.13        4838.49
1469           4677.13        4838.49
1470           4677.13        4838.49
1471           4677.13        4838.49
1472           4677.13        4838.49
1473           4677.13        4838.49
1474           4677.13        4838.49
1475           4677.13        4838.49
1476           4677.13        4838.49
1477           4677.13        4838.49
1478           4677.13        4838.49
1479           4677.13        4838.49
1480           4677.13        4838.49
1481           4677.13        4838.49
1482           4677.13        4838.48
1483           4677.13        4838.48
1484           4677.13        4838.48
1485           4677.13        4838.48
1486           4677.13        4838.48
1487           4677.13        4838.48
1488           4677.13        4838.48
1489           4677.13        4838.48
1490           4677.13        4838.48
1491           4677.13        4838.48
1492           4677.13        4838.48
1493           4677.13        4838.48
1494           4677.13        4838.48
1495           4677.13        4838.48
1496           4677.13        4838.48
1497           4677.13        4838.48
1498           4677.13        4838.48
1499           4677.13        4838.48
1500           4677.13        4838.48
1501           4677.13        4838.48
1502           4677.13        4838.48
1503           4677.13        4838.48
1504           4677.13        4838.48
1505           4677.13        4838.48
1506           4677.13        4838.48
1507           4677.13        4838.48
1508           4677.13        4838.48
1509           4677.13        4838.48
1510           4677.13        4838.48
1511           4677.13        4838.48
1512           4677.13        4838.48
1513           4677.13        4838.48
1514           4677.13        4838.48
1515           4677.13        4838.48
1516           4677.13        4838.48
1517           4677.13        4838.48
1518           4677.13        4838.48
1519           4677.13        4838.48
1520           4677.13        4838.48
1521           4677.13        4838.48
1522           4677.13        4838.48
1523           4677.13        4838.48
1524           4677.13        4838.48
1525           4677.13        4838.48
1526           4677.13        4838.48
1527           4677.13        4838.48
1528           4677.13        4838.48
1529           4677.13        4838.48
1530           4677.13        4838.48
1531           4677.13        4838.48
1532           4677.13        4838.48
1533           4677.13        4838.48
1534           4677.13        4838.48
1535           4677.13        4838.48
1536           4677.13        4838.48
1537           4677.13        4838.48
1538           4677.13        4838.48
1539           4677.13        4838.48
1540           4677.13        4838.48
1541           4677.13        4838.48
1542           4677.13        4838.48
1543           4677.13        4838.48
1544           4677.13        4838.48
1545           4677.13        4838.48
1546           4677.13        4838.48
1547           4677.13        4838.48
1548           4677.13        4838.48
1549           4677.13        4838.48
1550           4677.13        4838.48
1551           4677.13        4838.48
1552           4677.13        4838.48
1553           4677.13        4838.48
1554           4677.13        4838.48
1555           4677.13        4838.48
1556           4677.13        4838.48
1557           4677.13        4838.48
1558           4677.13        4838.48
1559           4677.13        4838.48
1560           4677.13        4838.48
1561           4677.13        4838.48
1562           4677.13        4838.48
1563           4677.13        4838.48
1564           4677.13        4838.47
1565           4677.13        4838.47
1566           4677.13        4838.47
1567           4677.13        4838.47
1568           4677.13        4838.47
1569           4677.13        4838.47
1570           4677.13        4838.47
1571           4677.13        4838.47
1572           4677.13        4838.47
1573           4677.13        4838.47
1574           4677.13        4838.47
1575           4677.13        4838.47
1576           4677.13        4838.47
1577           4677.13        4838.47
1578           4677.13        4838.47
1579           4677.13        4838.47
1580           4677.13        4838.47
1581           4677.13        4838.47
1582           4677.13        4838.47
1583           4677.13        4838.47
1584           4677.13        4838.47
1585           4677.13        4838.46
1586           4677.13        4838.46
1587           4677.13        4838.46
1588           4677.13        4838.46
1589           4677.13        4838.46
1590           4677.13        4838.46
1591           4677.09        4838.46
1592           4677.09        4838.46
1593           4677.09        4838.46
1594           4677.09        4838.46
1595           4677.09        4838.46
1596           4677.09        4838.46
1597           4677.09        4838.46
1598           4677.09        4838.46
1599           4677.09        4838.46
1600           4677.09        4838.46
1601           4677.09        4838.46
1602           4677.09        4838.46
1603           4677.09        4838.46
1604           4677.09        4838.46
1605           4677.09        4838.46
1606           4677.09        4838.46
1607           4677.09        4838.46
1608           4677.09        4838.46
1609           4677.09        4838.46
1610           4677.09        4838.46
1611           4677.09        4838.46
1612           4677.09        4838.46
1613           4677.09        4838.46
1614           4677.09        4838.46
1615           4677.09        4838.46
1616           4677.09        4838.46
1617           4677.09        4838.46
1618           4677.09        4838.46
1619           4677.09        4838.46
1620           4677.09        4838.46
1621           4677.09        4838.46
1622           4677.09        4838.46
1623           4677.09        4838.46
1624           4677.09        4838.46
1625           4677.09        4838.46
1626           4677.09        4838.46
1627           4677.09        4838.46
1628           4677.09        4838.46
1629           4677.09        4838.46
1630           4677.09        4838.46
1631           4677.09        4838.46
1632           4677.09        4838.46
1633           4677.09        4838.46
1634           4677.09        4838.46
1635           4677.09        4838.46
1636           4677.09        4838.46
1637           4677.09        4838.46
1638           4677.09        4838.46
1639           4677.09        4838.46
1640           4677.09        4838.46
1641           4677.09        4838.46
1642           4677.09        4838.46
1643           4677.09        4838.46
1644           4677.09        4838.46
1645           4677.09        4838.46
1646           4677.09        4838.46
1647           4677.09        4838.46
1648           4677.09        4838.46
1649           4677.09        4838.46
1650           4677.09        4838.46
1651           4677.09        4838.46
1652           4677.09        4838.46
1653           4677.09        4838.46
1654           4677.09        4838.46
1655           4677.09        4838.46
1656           4677.09        4838.46
1657           4677.09        4838.46
1658           4677.09        4838.46
1659           4677.09        4838.46
1660           4677.09        4838.46
1661           4677.09        4838.46
1662           4677.09        4838.46
1663           4677.09        4838.46
1664           4677.09        4838.46
1665           4677.09        4838.46
1666           4677.09        4838.46
1667           4677.09        4838.46
1668           4677.09        4838.46
1669           4677.09        4838.46
1670           4677.09        4838.46
1671           4677.09        4838.46
1672           4677.09        4838.46
1673           4677.09        4838.46
1674           4677.09        4838.46
1675           4677.09        4838.46
1676           4677.09        4838.46
1677           4677.09        4838.46
1678           4677.09        4838.46
1679           4677.09        4838.46
1680           4677.09        4838.46
1681           4677.09        4838.46
1682           4677.09        4838.46
1683           4677.09        4838.46
1684           4677.09        4838.46
1685           4677.09        4838.46
1686           4677.09        4838.46
1687           4677.09        4838.46
1688           4677.09        4838.46
1689           4677.09        4838.46
1690           4677.09        4838.46
1691           4677.09        4838.46
1692           4677.09        4838.46
1693           4677.09        4838.46
1694           4677.09        4838.46
1695           4677.09        4838.46
1696           4677.09        4838.45
1697           4677.09        4838.45
1698           4677.09        4838.45
1699           4677.09        4838.45
1700           4677.09        4838.45
1701           4677.09        4838.45
1702           4677.09        4838.45
1703           4677.09        4838.45
1704           4677.09        4838.45
1705           4677.09        4838.45
1706           4677.09        4838.45
1707           4677.09        4838.45
1708           4677.09        4838.45
1709           4677.09        4838.45
1710           4677.09        4838.45
1711           4677.09        4838.45
1712           4677.09        4838.45
1713           4677.09        4838.45
1714           4677.09        4838.45
1715           4677.09        4838.45
1716           4677.09        4838.45
1717           4677.09        4838.45
1718           4677.09        4838.45
1719           4677.09        4838.45
1720           4677.09        4838.45
1721           4677.09        4838.45
1722           4677.09        4838.45
1723           4677.09        4838.45
1724           4677.09        4838.45
1725           4677.09        4838.45
1726           4677.09        4838.45
1727           4677.09        4838.45
1728           4677.09        4838.45
1729           4677.09        4838.45
1730           4677.09        4838.45
1731           4677.09        4838.45
1732           4677.09        4838.45
1733           4677.09        4838.45
1734           4677.09        4838.45
1735           4677.09        4838.45
1736           4677.09        4838.45
1737           4677.09        4838.45
1738           4677.09        4838.45
1739           4677.09        4838.45
1740           4677.09        4838.45
1741           4677.09        4838.45
1742           4677.09        4838.45
1743           4677.09        4838.45
1744           4677.09        4838.45
1745           4677.09        4838.45
1746           4677.09        4838.45
1747           4677.09        4838.45
1748           4677.09        4838.45
1749           4677.09        4838.45
1750           4677.09        4838.45
1751           4677.09        4838.45
1752           4677.09        4838.45
1753           4677.09        4838.45
1754           4677.09        4838.45
1755           4677.09        4838.45
1756           4677.09        4838.45
1757           4677.09        4838.45
1758           4677.07        4838.45
1759           4677.07        4838.45
1760           4677.07        4838.44
1761           4677.07        4838.44
1762           4677.07        4838.44
1763           4677.07        4838.44
1764           4677.07        4838.44
1765           4677.07        4838.44
1766           4677.07        4838.44
1767           4677.07        4838.44
1768           4677.07        4838.44
1769           4677.07        4838.44
1770           4677.07        4838.44
1771           4677.07        4838.44
1772           4677.07        4838.44
1773           4677.07        4838.44
1774           4677.07        4838.44
1775           4677.07        4838.44
1776           4677.07        4838.44
1777           4677.07        4838.44
1778           4677.07        4838.44
1779           4677.07        4838.44
1780           4677.07        4838.44
1781           4677.07        4838.44
1782           4677.07        4838.44
1783           4677.07        4838.44
1784           4677.07        4838.44
1785           4677.07        4838.44
1786           4677.07        4838.44
1787           4677.07        4838.44
1788           4677.07        4838.44
1789           4677.07        4838.44
1790           4677.07        4838.44
1791           4677.07        4838.44
1792           4677.07        4838.44
1793           4677.07        4838.44
1794           4677.07        4838.44
1795           4677.07        4838.44
1796           4677.07        4838.44
1797           4677.07        4838.44
1798           4677.07        4838.44
1799           4677.07        4838.44
1800           4677.07        4838.44
1801           4677.07        4838.44
1802           4677.07        4838.44
1803           4677.07        4838.44
1804           4677.07        4838.44
1805           4677.07        4838.44
1806           4677.07        4838.44
1807           4677.04        4838.43
1808           4677.04        4838.43
1809           4677.04        4838.43
1810           4677.04        4838.43
1811           4677.04        4838.43
1812           4677.04        4838.43
1813           4677.04        4838.43
1814           4677.04        4838.43
1815           4677.04        4838.43
1816           4677.04        4838.43
1817           4677.04        4838.43
1818           4677.04        4838.43
1819           4677.04        4838.43
1820           4677.04        4838.43
1821           4677.04        4838.43
1822           4677.04        4838.43
1823           4677.04        4838.43
1824           4677.04        4838.43
1825           4677.04        4838.43
1826           4677.04        4838.43
1827           4677.04        4838.43
1828           4677.04        4838.43
1829           4677.04        4838.43
1830           4677.04        4838.43
1831           4677.04        4838.43
1832           4677.04        4838.43
1833           4677.04        4838.43
1834           4677.04        4838.43
1835           4677.04        4838.43
1836           4677.04        4838.43
1837           4677.04        4838.43
1838           4677.04        4838.43
1839           4677.04        4838.43
1840           4677.04        4838.43
1841           4677.04        4838.42
1842           4677.04        4838.42
1843           4677.04        4838.42
1844           4677.04        4838.42
1845           4677.04        4838.42
1846           4677.04        4838.42
1847           4677.04        4838.42
1848           4677.04        4838.42
1849           4677.04        4838.42
1850           4677.04        4838.42
1851           4677.04        4838.42
1852           4677.04        4838.42
1853           4677.04        4838.42
1854           4677.04        4838.42
1855           4677.04        4838.42
1856           4677.04        4838.42
1857           4677.04        4838.42
1858           4677.04        4838.42
1859           4677.04        4838.42
1860           4677.04        4838.42
1861           4677.04        4838.42
1862           4677.04        4838.42
1863           4677.04        4838.42
1864           4677.04        4838.42
1865           4677.04        4838.42
1866           4677.02        4838.42
1867           4677.02        4838.42
1868           4677.02        4838.42
1869           4677.02        4838.42
1870           4677.02        4838.42
1871           4677.02        4838.42
1872           4677.02        4838.42
1873           4677.02        4838.42
1874           4677.02        4838.42
1875           4677.02        4838.42
1876           4677.02        4838.42
1877           4677.02        4838.42
1878           4677.02        4838.42
1879           4677.02        4838.42
1880           4677.02        4838.42
1881           4677.02        4838.42
1882           4677.02        4838.42
1883           4677.02        4838.42
1884           4677.02        4838.42
1885           4677.02        4838.42
1886           4677.02        4838.42
1887           4677.02        4838.42
1888           4677.02        4838.42
1889           4677.02        4838.42
1890           4677.02        4838.41
1891           4677.02        4838.41
1892           4677.02        4838.41
1893           4677.02        4838.41
1894           4677.02        4838.41
1895           4677.02        4838.41
1896           4677.02        4838.41
1897           4677.02        4838.41
1898           4677.02        4838.41
1899           4677.02        4838.41
1900           4677.02        4838.41
1901           4677.02        4838.41
1902           4677.02        4838.41
1903           4677.02        4838.41
1904           4677.02        4838.41
1905           4677.02        4838.41
1906           4677.02        4838.41
1907           4677.02        4838.41
1908           4677.02        4838.41
1909           4677.02        4838.41
1910           4677.02        4838.41
1911           4677.02        4838.41
1912           4677.02        4838.41
1913           4677.02        4838.41
1914           4677.02        4838.41
1915           4677.02        4838.41
1916           4677.02        4838.41
1917           4677.02        4838.41
1918           4677.02        4838.41
1919           4677.02        4838.41
1920           4677.02         4838.4
1921           4677.02         4838.4
1922           4677.02         4838.4
1923           4677.02         4838.4
1924           4676.98         4838.4
1925           4676.98         4838.4
1926           4676.98         4838.4
1927           4676.98         4838.4
1928           4676.98         4838.4
1929           4676.98         4838.4
1930           4676.98         4838.4
1931           4676.98         4838.4
1932           4676.98         4838.4
1933           4676.98         4838.4
1934           4676.98         4838.4
1935           4676.98         4838.4
1936           4676.98         4838.4
1937           4676.98         4838.4
1938           4676.98         4838.4
1939           4676.98         4838.4
1940           4676.98         4838.4
1941           4676.98         4838.4
1942           4676.98         4838.4
1943           4676.98         4838.4
1944           4676.98         4838.4
1945           4676.98         4838.4
1946           4676.98         4838.4
1947           4676.98         4838.4
1948           4676.98         4838.4
1949           4676.98         4838.4
1950           4676.98         4838.4
1951           4676.98         4838.4
1952           4676.98         4838.4
1953           4676.98        4838.39
1954           4676.98        4838.39
1955           4676.98        4838.39
1956           4676.98        4838.39
1957           4676.98        4838.39
1958           4676.98        4838.39
1959           4676.98        4838.39
1960           4676.98        4838.39
1961           4676.98        4838.39
1962           4676.98        4838.39
1963           4676.98        4838.39
1964           4676.98        4838.39
1965           4676.98        4838.39
1966           4676.98        4838.39
1967           4676.98        4838.39
1968           4676.98        4838.39
1969           4676.98        4838.39
1970           4676.98        4838.39
1971           4676.98        4838.39
1972           4676.98        4838.39
1973           4676.98        4838.39
1974           4676.98        4838.39
1975           4676.98        4838.39
1976           4676.98        4838.39
1977           4676.98        4838.39
1978           4676.98        4838.39
1979           4676.98        4838.39
1980           4676.98        4838.39
1981           4676.98        4838.39
1982           4676.98        4838.39
1983           4676.98        4838.39
1984           4676.98        4838.39
1985           4676.98        4838.39
1986           4676.98        4838.39
1987           4676.98        4838.39
1988           4676.98        4838.39
1989           4676.98        4838.39
1990           4676.98        4838.39
1991           4676.98        4838.39
1992           4676.98        4838.39
1993           4676.98        4838.39
1994           4676.98        4838.39
1995           4676.98        4838.39
1996           4676.98        4838.39
1997           4676.98        4838.39
1998           4676.98        4838.39
1999           4676.98        4838.39
2000           4676.98        4838.39
2001           4676.98        4838.39
2002           4676.98        4838.39
2003           4676.98        4838.39
2004           4676.98        4838.39
2005           4676.98        4838.39
2006           4676.98        4838.39
2007           4676.98        4838.39
2008           4676.98        4838.39
2009           4676.98        4838.39
2010           4676.98        4838.39
2011           4676.98        4838.39
2012           4676.98        4838.39
2013           4676.98        4838.39
2014           4676.98        4838.39
2015           4676.98        4838.39
2016           4676.98        4838.39
2017           4676.98        4838.39
2018           4676.98        4838.39
2019           4676.98        4838.39
2020           4676.98        4838.39
2021           4676.98        4838.39
2022           4676.98        4838.39
2023           4676.98        4838.39
2024           4676.98        4838.39
2025           4676.98        4838.39
2026           4676.98        4838.39
2027           4676.98        4838.39
2028           4676.98        4838.39
2029           4676.98        4838.39
2030           4676.98        4838.38
2031           4676.98        4838.38
2032           4676.98        4838.38
2033           4676.98        4838.38
2034           4676.98        4838.38
2035           4676.98        4838.38
2036           4676.98        4838.38
2037           4676.98        4838.38
2038           4676.98        4838.38
2039           4676.98        4838.38
2040           4676.98        4838.38
2041           4676.98        4838.38
2042           4676.98        4838.38
2043           4676.98        4838.38
2044           4676.98        4838.38
2045           4676.98        4838.38
2046           4676.98        4838.38
2047           4676.98        4838.37
2048           4676.98        4838.37
2049           4676.98        4838.37
2050           4676.98        4838.37
2051           4676.98        4838.37
2052           4676.98        4838.37
2053           4676.98        4838.37
2054           4676.98        4838.37
2055           4676.98        4838.37
2056           4676.98        4838.37
2057           4676.98        4838.37
2058           4676.98        4838.37
2059           4676.98        4838.37
2060           4676.98        4838.37
2061           4676.98        4838.37
2062           4676.98        4838.37
2063           4676.98        4838.37
2064           4676.98        4838.37
2065           4676.98        4838.37
2066           4676.98        4838.37
2067           4676.98        4838.37
2068           4676.98        4838.37
2069           4676.98        4838.37
2070           4676.98        4838.37
2071           4676.98        4838.37
2072           4676.98        4838.37
2073           4676.98        4838.37
2074           4676.98        4838.37
2075           4676.98        4838.37
2076           4676.98        4838.37
2077           4676.98        4838.37
2078           4676.98        4838.37
2079           4676.98        4838.37
2080           4676.98        4838.37
2081           4676.98        4838.37
2082           4676.98        4838.37
2083           4676.98        4838.37
2084           4676.98        4838.37
2085           4676.98        4838.37
2086           4676.98        4838.37
2087           4676.98        4838.37
2088           4676.98        4838.37
2089           4676.98        4838.37
2090           4676.98        4838.36
2091           4676.98        4838.36
2092           4676.98        4838.36
2093           4676.98        4838.36
2094           4676.98        4838.36
2095           4676.98        4838.36
2096           4676.98        4838.36
2097           4676.98        4838.36
2098           4676.98        4838.36
2099           4676.98        4838.36
2100           4676.98        4838.36
2101           4676.98        4838.36
2102           4676.98        4838.36
2103           4676.98        4838.36
2104           4676.98        4838.36
2105           4676.98        4838.36
2106           4676.98        4838.36
2107           4676.98        4838.36
2108           4676.98        4838.36
2109           4676.98        4838.36
2110           4676.98        4838.36
2111           4676.98        4838.36
2112           4676.98        4838.36
2113           4676.98        4838.36
2114           4676.98        4838.36
2115           4676.98        4838.36
2116           4676.98        4838.36
2117           4676.98        4838.36
2118           4676.98        4838.36
2119           4676.98        4838.36
2120           4676.98        4838.36
2121           4676.98        4838.36
2122           4676.98        4838.36
2123           4676.98        4838.36
2124           4676.98        4838.36
2125           4676.98        4838.36
2126           4676.98        4838.36
2127           4676.98        4838.36
2128           4676.98        4838.36
2129           4676.98        4838.36
2130           4676.98        4838.36
2131           4676.98        4838.36
2132           4676.98        4838.36
2133           4676.98        4838.36
2134           4676.98        4838.36
2135           4676.98        4838.36
2136           4676.98        4838.36
2137           4676.98        4838.36
2138           4676.98        4838.36
2139           4676.98        4838.36
2140           4676.98        4838.36
2141           4676.98        4838.36
2142           4676.98        4838.35
2143           4676.98        4838.35
2144           4676.98        4838.35
2145           4676.98        4838.35
2146           4676.98        4838.35
2147           4676.98        4838.35
2148           4676.98        4838.35
2149           4676.98        4838.35
2150           4676.98        4838.35
2151           4676.98        4838.35
2152           4676.98        4838.35
2153           4676.98        4838.35
2154           4676.98        4838.35
2155           4676.98        4838.35
2156           4676.98        4838.35
2157           4676.98        4838.35
2158           4676.98        4838.35
2159           4676.98        4838.35
2160           4676.98        4838.35
2161           4676.98        4838.35
2162           4676.98        4838.35
2163           4676.98        4838.35
2164           4676.98        4838.35
2165           4676.98        4838.35
2166           4676.98        4838.35
2167           4676.98        4838.35
2168           4676.98        4838.35
2169           4676.98        4838.35
2170           4676.98        4838.35
2171           4676.98        4838.35
2172           4676.98        4838.35
2173           4676.98        4838.35
2174           4676.98        4838.35
2175           4676.98        4838.35
2176           4676.98        4838.35
2177           4676.98        4838.35
2178           4676.98        4838.35
2179           4676.98        4838.35
2180           4676.98        4838.35
2181           4676.98        4838.35
2182           4676.98        4838.35
2183           4676.98        4838.35
2184           4676.98        4838.35
2185           4676.98        4838.35
2186           4676.98        4838.35
2187           4676.98        4838.35
2188           4676.98        4838.35
2189           4676.98        4838.35
2190           4676.98        4838.35
2191           4676.98        4838.35
2192           4676.98        4838.35
2193           4676.98        4838.35
2194           4676.98        4838.35
2195           4676.98        4838.35
2196           4676.98        4838.35
2197           4676.98        4838.35
2198           4676.98        4838.35
2199           4676.98        4838.35
2200           4676.98        4838.35
2201           4676.98        4838.35
2202           4676.98        4838.35
2203           4676.98        4838.35
2204           4676.98        4838.35
2205           4676.98        4838.34
2206           4676.98        4838.34
2207           4676.98        4838.34
2208           4676.98        4838.34
2209           4676.98        4838.34
2210           4676.98        4838.34
2211           4676.98        4838.34
2212           4676.98        4838.34
2213           4676.98        4838.34
2214           4676.98        4838.34
2215           4676.98        4838.34
2216           4676.98        4838.34
2217           4676.98        4838.34
2218           4676.98        4838.34
2219           4676.98        4838.34
2220           4676.98        4838.34
2221           4676.98        4838.34
2222           4676.98        4838.34
2223           4676.98        4838.34
2224           4676.98        4838.34
2225           4676.98        4838.34
2226           4676.98        4838.34
2227           4676.98        4838.34
2228           4676.98        4838.34
2229           4676.98        4838.34
2230           4676.98        4838.34
2231           4676.98        4838.34
2232           4676.98        4838.34
2233           4676.98        4838.34
2234           4676.98        4838.34
2235           4676.98        4838.34
2236           4676.98        4838.34
2237           4676.98        4838.34
2238           4676.98        4838.34
2239           4676.98        4838.34
2240           4676.98        4838.34
2241           4676.98        4838.34
2242           4676.98        4838.34
2243           4676.98        4838.34
2244           4676.98        4838.34
2245           4676.98        4838.34
2246           4676.98        4838.34
2247           4676.98        4838.34
2248           4676.98        4838.33
2249           4676.98        4838.33
2250           4676.98        4838.33
2251           4676.98        4838.33
2252           4676.98        4838.33
2253           4676.98        4838.33
2254           4676.98        4838.33
2255           4676.98        4838.33
2256           4676.98        4838.33
2257           4676.98        4838.33
2258           4676.98        4838.33
2259           4676.98        4838.33
2260           4676.98        4838.33
2261           4676.98        4838.33
2262           4676.98        4838.33
2263           4676.98        4838.33
2264           4676.98        4838.33
2265           4676.98        4838.33
2266           4676.98        4838.33
2267           4676.98        4838.33
2268           4676.98        4838.33
2269           4676.98        4838.33
2270           4676.98        4838.33
2271           4676.98        4838.33
2272           4676.98        4838.33
2273           4676.98        4838.33
2274           4676.98        4838.33
2275           4676.98        4838.33
2276           4676.98        4838.33
2277           4676.98        4838.33
2278           4676.98        4838.33
2279           4676.98        4838.33
2280           4676.98        4838.33
2281           4676.98        4838.33
2282           4676.98        4838.33
2283           4676.98        4838.33
2284           4676.98        4838.33
2285           4676.98        4838.33
2286           4676.98        4838.33
2287           4676.98        4838.33
2288           4676.98        4838.33
2289           4676.98        4838.32
2290           4676.98        4838.32
2291           4676.98        4838.32
2292           4676.98        4838.32
2293           4676.98        4838.32
2294           4676.98        4838.32
2295           4676.98        4838.32
2296           4676.98        4838.32
2297           4676.98        4838.32
2298           4676.98        4838.32
2299           4676.98        4838.32
2300           4676.98        4838.32
2301           4676.98        4838.32
2302           4676.98        4838.32
2303           4676.98        4838.32
2304           4676.98        4838.32
2305           4676.98        4838.32
2306           4676.98        4838.32
2307           4676.98        4838.32
2308           4676.98        4838.32
2309           4676.98        4838.32
2310           4676.98        4838.32
2311           4676.98        4838.32
2312           4676.98        4838.32
2313           4676.98        4838.32
2314           4676.98        4838.32
2315           4676.98        4838.32
2316           4676.98        4838.32
2317           4676.98        4838.32
2318           4676.98        4838.32
2319           4676.98        4838.32
2320           4676.98        4838.32
2321           4676.98        4838.32
2322           4676.98        4838.32
2323           4676.98        4838.32
2324           4676.98        4838.32
2325           4676.98        4838.32
2326           4676.98        4838.32
2327           4676.98        4838.32
2328           4676.98        4838.32
2329           4676.98        4838.32
2330           4676.98        4838.32
2331           4676.98        4838.32
2332           4676.98        4838.32
2333           4676.98        4838.32
2334           4676.98        4838.32
2335           4676.98        4838.32
2336           4676.98        4838.32
2337           4676.98        4838.32
2338           4676.98        4838.32
2339           4676.98        4838.32
2340           4676.98        4838.32
2341           4676.98        4838.32
2342           4676.98        4838.32
2343           4676.98        4838.32
2344           4676.98        4838.32
2345           4676.98        4838.32
2346           4676.98        4838.32
2347           4676.98        4838.32
2348           4676.98        4838.32
2349           4676.98        4838.32
2350           4676.98        4838.32
2351           4676.98        4838.32
2352           4676.98        4838.32
2353           4676.98        4838.32
2354           4676.98        4838.32
2355           4676.98        4838.32
2356           4676.98        4838.32
2357           4676.98        4838.32
2358           4676.98        4838.32
2359           4676.98        4838.32
2360           4676.98        4838.32
2361           4676.98        4838.32
2362           4676.98        4838.32
2363           4676.98        4838.32
2364           4676.98        4838.32
2365           4676.98        4838.32
2366           4676.98        4838.32
2367           4676.98        4838.32
2368           4676.98        4838.32
2369           4676.98        4838.32
2370           4676.98        4838.32
2371           4676.98        4838.32
2372           4676.98        4838.32
2373           4676.98        4838.32
2374           4676.98        4838.32
2375           4676.98        4838.32
2376           4676.98        4838.32
2377           4676.98        4838.32
2378           4676.98        4838.32
2379           4676.98        4838.32
2380           4676.98        4838.32
2381           4676.98        4838.32
2382           4676.98        4838.32
2383           4676.98        4838.32
2384           4676.98        4838.32
2385           4676.98        4838.32
2386           4676.98        4838.32
2387           4676.98        4838.32
2388           4676.98        4838.32
2389           4676.98        4838.32
2390           4676.98        4838.32
2391           4676.98        4838.32
2392           4676.98        4838.32
2393           4676.98        4838.32
2394           4676.98        4838.32
2395           4676.98        4838.32
2396           4676.98        4838.32
2397           4676.98        4838.32
2398           4676.98        4838.31
2399           4676.98        4838.31
2400           4676.98        4838.31
2401           4676.98        4838.31
2402           4676.98        4838.31
2403           4676.98        4838.31
2404           4676.98        4838.31
2405           4676.98        4838.31
2406           4676.98        4838.31
2407           4676.98        4838.31
2408           4676.98        4838.31
2409           4676.98        4838.31
2410           4676.98        4838.31
2411           4676.98        4838.31
2412           4676.98        4838.31
2413           4676.98        4838.31
2414           4676.98        4838.31
2415           4676.98        4838.31
2416           4676.98        4838.31
2417           4676.98        4838.31
2418           4676.98        4838.31
2419           4676.98        4838.31
2420           4676.98        4838.31
2421           4676.98        4838.31
2422           4676.98        4838.31
2423           4676.98        4838.31
2424           4676.98        4838.31
2425           4676.98        4838.31
2426           4676.98        4838.31
2427           4676.98        4838.31
2428           4676.98        4838.31
2429           4676.98        4838.31
2430           4676.98        4838.31
2431           4676.98        4838.31
2432           4676.98        4838.31
2433           4676.98        4838.31
2434           4676.98        4838.31
2435           4676.98        4838.31
2436           4676.98        4838.31
2437           4676.98        4838.31
2438           4676.98        4838.31
2439           4676.98        4838.31
2440           4676.98        4838.31
2441           4676.98        4838.31
2442           4676.98        4838.31
2443           4676.98        4838.31
2444           4676.98        4838.31
2445           4676.98        4838.31
2446           4676.98        4838.31
2447           4676.98        4838.31
2448           4676.98        4838.31
2449           4676.98        4838.31
2450           4676.98        4838.31
2451           4676.98        4838.31
2452           4676.98        4838.31
2453           4676.98        4838.31
2454           4676.98        4838.31
2455           4676.98        4838.31
2456           4676.98        4838.31
2457           4676.98        4838.31
2458           4676.98        4838.31
2459           4676.98        4838.31
2460           4676.98        4838.31
2461           4676.98        4838.31
2462           4676.98        4838.31
2463           4676.98        4838.31
2464           4676.98        4838.31
2465           4676.98        4838.31
2466           4676.98        4838.31
2467           4676.98        4838.31
2468           4676.98        4838.31
2469           4676.98        4838.31
2470           4676.98        4838.31
2471           4676.98        4838.31
2472           4676.98        4838.31
2473           4676.98        4838.31
2474           4676.98        4838.31
2475           4676.98        4838.31
2476           4676.98        4838.31
2477           4676.98        4838.31
2478           4676.98        4838.31
2479           4676.98        4838.31
2480           4676.98        4838.31
2481           4676.98        4838.31
2482           4676.98        4838.31
2483           4676.98        4838.31
2484           4676.98        4838.31
2485           4676.98        4838.31
2486           4676.98        4838.31
2487           4676.98        4838.31
2488           4676.98        4838.31
2489           4676.98        4838.31
2490           4676.98        4838.31
2491           4676.98        4838.31
2492           4676.98        4838.31
2493           4676.98        4838.31
2494           4676.98        4838.31
2495           4676.98        4838.31
2496           4676.98        4838.31
2497           4676.98        4838.31
2498           4676.98        4838.31
2499           4676.98        4838.31
2500           4676.98        4838.31
