#ITER       #BEST_FO       #MEDIA_FO
1           7609.14        20006.6
2           6529.76        9060.92
3            5912.3        7389.39
4           5740.01        6828.86
5            5476.8        6447.23
6            5476.8         6213.4
7            5476.8        6026.98
8           5228.07        5851.38
9           5150.83        5612.81
10           5063.21        5464.57
11            5018.3        5380.22
12           4977.09        5322.95
13           4895.72        5255.69
14           4890.81        5186.96
15           4820.29        5125.11
16           4811.54        5080.82
17            4777.6        5050.11
18           4765.45        5018.22
19           4745.03        4987.42
20           4733.64        4962.46
21           4726.61        4945.76
22           4725.02        4939.14
23           4725.02        4933.25
24           4714.79        4924.25
25           4708.15        4912.57
26           4708.15        4905.15
27           4708.15        4896.91
28           4697.48        4887.85
29           4697.48        4882.64
30           4697.48        4879.75
31           4691.38        4873.13
32           4691.38        4867.29
33           4688.47        4864.01
34           4686.46         4859.5
35            4685.8        4857.54
36            4685.8        4855.94
37           4684.48        4853.93
38           4684.03        4852.46
39           4684.03        4851.53
40           4683.99        4850.93
41           4683.99        4849.92
42           4683.99        4849.54
43           4683.61        4848.79
44           4683.61        4848.24
45           4683.61        4848.02
46           4683.61        4847.58
47           4683.61        4847.28
48           4683.61        4846.78
49           4683.61        4846.53
50           4683.61         4846.5
51           4683.61        4846.23
52           4683.47         4846.1
53           4683.34        4845.93
54           4683.34        4845.92
55           4683.24        4845.87
56           4683.24        4845.79
57           4683.24        4845.74
58           4683.15        4845.68
59            4682.6        4845.54
60            4682.6        4845.47
61           4682.43        4845.34
62           4682.43        4845.32
63           4682.43        4845.22
64           4682.43        4845.16
65           4682.43        4845.16
66            4682.3        4845.11
67            4682.3        4845.05
68           4682.26        4844.94
69           4682.13        4844.89
70           4682.06        4844.81
71           4682.06        4844.77
72           4682.06        4844.71
73           4682.06        4844.68
74           4682.06        4844.64
75           4682.06        4844.56
76           4681.51        4844.46
77           4681.51        4844.36
78           4681.51        4844.27
79           4681.23        4844.22
80           4681.23        4844.22
81           4681.23        4844.16
82           4681.01        4844.04
83           4681.01        4843.98
84           4681.01        4843.85
85           4681.01        4843.83
86           4681.01        4843.76
87            4680.7        4843.57
88           4680.64        4843.46
89           4680.38         4843.3
90           4680.38        4843.16
91           4680.38        4843.12
92           4679.99        4842.99
93           4679.99        4842.89
94           4679.99        4842.83
95           4679.68        4842.71
96           4679.68        4842.53
97           4679.67        4842.49
98           4679.35        4842.44
99           4679.35        4842.32
100           4679.35        4842.18
101           4679.35        4842.13
102           4679.35        4842.03
103           4679.26         4841.9
104           4679.16        4841.79
105           4679.16        4841.63
106           4679.16        4841.57
107           4679.16        4841.52
108           4679.16        4841.38
109           4679.12        4841.23
110            4679.1        4841.16
111           4679.02        4841.13
112           4679.02        4841.11
113           4679.02        4840.99
114           4679.02        4840.94
115           4679.02        4840.88
116              4679        4840.84
117              4679        4840.79
118              4679        4840.78
119              4679        4840.72
120              4679        4840.67
121           4678.96        4840.66
122           4678.88         4840.6
123           4678.88         4840.6
124           4678.88        4840.58
125           4678.88        4840.55
126           4678.88        4840.54
127           4678.88        4840.52
128           4678.88         4840.5
129            4678.8        4840.48
130            4678.8        4840.46
131            4678.8        4840.44
132            4678.8        4840.43
133            4678.8        4840.42
134            4678.8        4840.39
135           4678.78        4840.37
136           4678.78        4840.37
137           4678.78        4840.36
138           4678.78        4840.34
139           4678.78        4840.34
140           4678.78        4840.32
141           4678.78         4840.3
142           4678.78         4840.3
143           4678.78        4840.29
144            4678.7        4840.29
145            4678.7        4840.28
146            4678.7        4840.27
147            4678.7        4840.26
148            4678.7        4840.25
149            4678.7        4840.24
150            4678.7        4840.23
151            4678.7        4840.23
152            4678.7        4840.22
153            4678.7        4840.21
154            4678.7        4840.21
155            4678.7         4840.2
156            4678.7         4840.2
157            4678.7        4840.19
158           4678.65        4840.19
159           4678.65        4840.19
160           4678.65        4840.19
161           4678.65        4840.18
162           4678.65        4840.17
163           4678.65        4840.17
164           4678.65        4840.16
165           4678.65        4840.15
166           4678.65        4840.15
167           4678.65        4840.14
168           4678.65        4840.13
169           4678.65        4840.13
170           4678.65        4840.13
171           4678.62        4840.13
172           4678.59        4840.12
173           4678.59        4840.12
174           4678.59        4840.12
175           4678.59        4840.12
176           4678.59        4840.12
177           4678.59        4840.12
178           4678.59        4840.12
179           4678.59        4840.12
180           4678.59        4840.12
181           4678.59        4840.12
182           4678.59        4840.12
183           4678.59        4840.12
184           4678.59        4840.11
185           4678.59        4840.11
186           4678.59        4840.11
187           4678.59        4840.11
188           4678.59        4840.11
189           4678.59        4840.11
190           4678.59        4840.11
191           4678.59        4840.11
192           4678.59         4840.1
193           4678.59         4840.1
194           4678.59         4840.1
195           4678.59         4840.1
196           4678.59         4840.1
197           4678.59         4840.1
198           4678.59         4840.1
199           4678.59         4840.1
200           4678.59         4840.1
201           4678.59         4840.1
202           4678.59         4840.1
203           4678.59         4840.1
204           4678.59         4840.1
205           4678.59         4840.1
206           4678.59        4840.09
207           4678.59        4840.09
208           4678.59        4840.09
209           4678.59        4840.09
210           4678.59        4840.09
211           4678.59        4840.08
212           4678.59        4840.08
213           4678.59        4840.08
214           4678.59        4840.08
215           4678.59        4840.08
216           4678.59        4840.08
217           4678.59        4840.08
218           4678.59        4840.08
219           4678.59        4840.08
220           4678.59        4840.08
221           4678.59        4840.07
222           4678.59        4840.07
223           4678.59        4840.06
224           4678.59        4840.06
225           4678.59        4840.06
226           4678.59        4840.06
227           4678.59        4840.05
228           4678.59        4840.05
229           4678.59        4840.05
230           4678.59        4840.05
231           4678.59        4840.05
232           4678.59        4840.05
233           4678.59        4840.05
234           4678.59        4840.04
235           4678.59        4840.04
236           4678.59        4840.04
237           4678.57        4840.04
238           4678.57        4840.04
239           4678.57        4840.03
240           4678.57        4840.03
241           4678.57        4840.03
242           4678.57        4840.03
243           4678.57        4840.03
244           4678.57        4840.03
245           4678.57        4840.03
246           4678.57        4840.03
247           4678.57        4840.03
248           4678.57        4840.03
249           4678.57        4840.03
250           4678.57        4840.03
251           4678.57        4840.03
252           4678.57        4840.03
253           4678.57        4840.03
254           4678.57        4840.03
255           4678.57        4840.03
256           4678.57        4840.03
257           4678.57        4840.02
258           4678.57        4840.02
259           4678.57        4840.02
260           4678.57        4840.02
261           4678.57        4840.02
262           4678.57        4840.02
263           4678.57        4840.02
264           4678.57        4840.02
265           4678.57        4840.02
266           4678.57        4840.02
267           4678.57        4840.02
268           4678.57        4840.01
269           4678.57        4840.01
270           4678.57        4840.01
271           4678.57        4840.01
272           4678.57        4840.01
273           4678.57        4840.01
274           4678.57        4840.01
275           4678.57        4840.01
276           4678.57        4840.01
277           4678.57        4840.01
278           4678.57           4840
279           4678.56        4839.99
280           4678.56        4839.99
281           4678.56        4839.99
282           4678.56        4839.99
283           4678.52        4839.99
284           4678.52        4839.99
285           4678.52        4839.99
286           4678.52        4839.99
287           4678.52        4839.99
288           4678.52        4839.99
289           4678.52        4839.99
290           4678.52        4839.99
291           4678.52        4839.98
292           4678.52        4839.98
293           4678.52        4839.98
294           4678.52        4839.98
295           4678.52        4839.98
296           4678.52        4839.98
297           4678.52        4839.98
298           4678.52        4839.98
299           4678.52        4839.98
300           4678.52        4839.98
301           4678.52        4839.98
302           4678.52        4839.98
303           4678.52        4839.98
304           4678.52        4839.98
305           4678.52        4839.98
306            4678.5        4839.98
307            4678.5        4839.98
308            4678.5        4839.98
309            4678.5        4839.97
310            4678.5        4839.97
311            4678.5        4839.97
312            4678.5        4839.97
313            4678.5        4839.97
314            4678.5        4839.97
315            4678.5        4839.96
316            4678.5        4839.96
317            4678.5        4839.95
318            4678.5        4839.95
319           4678.44        4839.95
320           4678.44        4839.95
321           4678.44        4839.95
322           4678.44        4839.95
323           4678.44        4839.95
324           4678.39        4839.95
325           4678.39        4839.95
326           4678.39        4839.95
327           4678.39        4839.95
328           4678.39        4839.95
329           4678.39        4839.95
330           4678.39        4839.95
331           4678.39        4839.95
332           4678.39        4839.95
333           4678.39        4839.95
334           4678.39        4839.95
335           4678.39        4839.95
336           4678.39        4839.95
337           4678.39        4839.95
338           4678.39        4839.95
339           4678.39        4839.95
340           4678.39        4839.95
341           4678.39        4839.95
342           4678.39        4839.95
343           4678.39        4839.95
344           4678.39        4839.95
345           4678.39        4839.95
346           4678.39        4839.95
347           4678.39        4839.95
348           4678.39        4839.95
349           4678.39        4839.95
350           4678.39        4839.95
351           4678.39        4839.95
352           4678.39        4839.95
353           4678.39        4839.95
354           4678.39        4839.94
355           4678.38        4839.94
356           4678.38        4839.93
357           4678.38        4839.93
358           4678.38        4839.93
359           4678.38        4839.93
360           4678.38        4839.93
361           4678.38        4839.92
362           4678.38        4839.92
363           4678.38        4839.92
364           4678.38        4839.92
365           4678.38        4839.92
366           4678.38        4839.92
367           4678.38        4839.92
368           4678.38        4839.92
369           4678.38        4839.92
370           4678.36        4839.92
371           4678.33        4839.91
372           4678.33        4839.91
373           4678.33        4839.91
374           4678.33        4839.91
375           4678.33        4839.91
376           4678.33        4839.91
377           4678.33        4839.91
378           4678.33        4839.91
379           4678.33        4839.91
380           4678.33        4839.91
381           4678.33        4839.91
382           4678.33        4839.91
383           4678.33        4839.91
384           4678.33        4839.91
385           4678.33        4839.91
386           4678.33        4839.91
387           4678.33        4839.91
388           4678.33         4839.9
389           4678.33         4839.9
390           4678.33         4839.9
391           4678.33         4839.9
392           4678.33         4839.9
393           4678.33         4839.9
394           4678.33         4839.9
395           4678.33         4839.9
396           4678.33         4839.9
397           4678.33         4839.9
398           4678.33         4839.9
399           4678.33        4839.89
400           4678.33        4839.89
401           4678.33        4839.89
402           4678.33        4839.89
403           4678.33        4839.89
404           4678.33        4839.88
405           4678.33        4839.88
406           4678.33        4839.88
407           4678.33        4839.88
408           4678.33        4839.88
409           4678.33        4839.88
410           4678.33        4839.88
411           4678.33        4839.88
412           4678.33        4839.88
413           4678.33        4839.88
414           4678.33        4839.88
415           4678.33        4839.88
416           4678.33        4839.88
417           4678.33        4839.88
418           4678.33        4839.88
419           4678.33        4839.88
420           4678.33        4839.88
421           4678.33        4839.88
422           4678.33        4839.88
423           4678.33        4839.88
424           4678.33        4839.88
425           4678.33        4839.88
426           4678.33        4839.88
427           4678.33        4839.88
428           4678.33        4839.88
429           4678.33        4839.88
430           4678.33        4839.88
431           4678.33        4839.88
432           4678.33        4839.88
433           4678.33        4839.88
434           4678.33        4839.88
435           4678.33        4839.87
436           4678.33        4839.87
437           4678.33        4839.87
438           4678.33        4839.87
439           4678.33        4839.87
440           4678.33        4839.87
441           4678.33        4839.87
442           4678.33        4839.87
443           4678.32        4839.87
444           4678.32        4839.87
445           4678.32        4839.87
446           4678.32        4839.87
447           4678.32        4839.87
448           4678.32        4839.87
449           4678.32        4839.87
450           4678.32        4839.87
451           4678.32        4839.87
452           4678.32        4839.87
453           4678.32        4839.86
454           4678.32        4839.86
455           4678.32        4839.86
456           4678.29        4839.85
457           4678.29        4839.85
458           4678.29        4839.85
459           4678.29        4839.85
460           4678.29        4839.85
461           4678.29        4839.85
462           4678.26        4839.85
463           4678.26        4839.84
464           4678.26        4839.84
465           4678.26        4839.84
466           4678.26        4839.84
467           4678.26        4839.84
468           4678.26        4839.84
469           4678.26        4839.84
470           4678.26        4839.84
471           4678.26        4839.84
472           4678.26        4839.84
473           4678.26        4839.84
474           4678.26        4839.84
475           4678.26        4839.84
476           4678.26        4839.84
477           4678.26        4839.84
478           4678.26        4839.84
479           4678.26        4839.84
480           4678.26        4839.84
481           4678.26        4839.84
482           4678.26        4839.84
483           4678.26        4839.84
484           4678.26        4839.84
485           4678.26        4839.84
486           4678.26        4839.84
487           4678.26        4839.84
488           4678.26        4839.84
489           4678.26        4839.84
490           4678.26        4839.84
491           4678.26        4839.84
492           4678.26        4839.84
493           4678.26        4839.84
494           4678.26        4839.84
495           4678.26        4839.84
496           4678.26        4839.84
497           4678.26        4839.84
498           4678.26        4839.84
499           4678.26        4839.84
500           4678.26        4839.84
501           4678.26        4839.84
502           4678.26        4839.84
503           4678.26        4839.84
504           4678.26        4839.84
505           4678.26        4839.84
506           4678.26        4839.84
507           4678.26        4839.84
508           4678.26        4839.84
509           4678.26        4839.84
510           4678.26        4839.84
511           4678.26        4839.84
512           4678.26        4839.84
513           4678.26        4839.83
514           4678.26        4839.83
515           4678.26        4839.82
516           4678.26        4839.82
517           4678.26        4839.82
518           4678.26        4839.82
519           4678.26        4839.82
520           4678.26        4839.82
521           4678.26        4839.82
522           4678.26        4839.82
523           4678.26        4839.82
524           4678.26        4839.82
525           4678.24        4839.82
526           4678.24        4839.82
527           4678.24        4839.82
528           4678.24        4839.82
529           4678.24        4839.82
530           4678.24        4839.82
531           4678.24        4839.82
532           4678.24        4839.81
533           4678.21        4839.81
534           4678.21        4839.81
535           4678.21        4839.81
536           4678.21         4839.8
537           4678.21         4839.8
538           4678.21         4839.8
539           4678.21         4839.8
540           4678.21         4839.8
541           4678.21         4839.8
542           4678.21         4839.8
543           4678.21         4839.8
544           4678.21         4839.8
545           4678.21         4839.8
546           4678.21         4839.8
547           4678.21         4839.8
548           4678.21         4839.8
549           4678.21         4839.8
550           4678.21         4839.8
551           4678.21         4839.8
552           4678.21         4839.8
553           4678.21        4839.79
554           4678.21        4839.79
555           4678.21        4839.79
556           4678.21        4839.79
557           4678.21        4839.79
558           4678.21        4839.79
559           4678.21        4839.79
560           4678.21        4839.79
561           4678.21        4839.79
562           4678.21        4839.79
563           4678.21        4839.79
564           4678.21        4839.79
565           4678.21        4839.79
566           4678.21        4839.79
567           4678.21        4839.79
568           4678.21        4839.79
569           4678.21        4839.79
570           4678.21        4839.78
571           4678.21        4839.78
572           4678.21        4839.78
573           4678.21        4839.78
574           4678.21        4839.78
575           4678.21        4839.78
576            4678.2        4839.78
577            4678.2        4839.78
578           4678.19        4839.78
579           4678.19        4839.78
580           4678.19        4839.78
581           4678.19        4839.78
582           4678.19        4839.78
583           4678.19        4839.78
584           4678.19        4839.78
585           4678.19        4839.78
586           4678.19        4839.78
587           4678.19        4839.78
588           4678.19        4839.78
589           4678.19        4839.78
590           4678.19        4839.78
591           4678.19        4839.78
592           4678.19        4839.77
593           4678.19        4839.77
594           4678.19        4839.77
595           4678.19        4839.77
596           4678.19        4839.77
597           4678.19        4839.77
598           4678.19        4839.77
599           4678.19        4839.77
600           4678.19        4839.77
601           4678.19        4839.77
602           4678.19        4839.77
603           4678.19        4839.77
604           4678.19        4839.77
605           4678.19        4839.77
606           4678.19        4839.76
607           4678.19        4839.76
608           4678.19        4839.76
609           4678.19        4839.76
610           4678.19        4839.76
611           4678.19        4839.75
612           4678.19        4839.75
613           4678.19        4839.75
614           4678.19        4839.75
615           4678.19        4839.75
616           4678.19        4839.75
617           4678.19        4839.75
618           4678.19        4839.75
619           4678.19        4839.74
620           4678.19        4839.74
621           4678.19        4839.74
622           4678.19        4839.74
623           4678.19        4839.74
624           4678.19        4839.74
625           4678.19        4839.74
626           4678.19        4839.74
627           4678.19        4839.74
628           4678.19        4839.74
629           4678.19        4839.74
630           4678.19        4839.74
631           4678.19        4839.74
632           4678.19        4839.74
633           4678.19        4839.74
634           4678.19        4839.73
635           4678.19        4839.73
636           4678.19        4839.73
637           4678.19        4839.73
638           4678.19        4839.73
639           4678.19        4839.73
640           4678.19        4839.73
641           4678.19        4839.73
642           4678.19        4839.73
643           4678.19        4839.73
644           4678.19        4839.73
645           4678.19        4839.72
646           4678.19        4839.72
647           4678.19        4839.72
648           4678.19        4839.72
649           4678.19        4839.72
650           4678.19        4839.72
651           4678.19        4839.72
652           4678.18        4839.72
653           4678.18        4839.72
654           4678.18        4839.72
655           4678.18        4839.72
656           4678.18        4839.71
657           4678.18        4839.71
658           4678.18        4839.71
659           4678.18        4839.71
660           4678.18        4839.71
661           4678.18        4839.71
662           4678.18        4839.71
663           4678.18        4839.71
664           4678.18        4839.71
665           4678.18        4839.71
666           4678.18        4839.71
667           4678.18        4839.71
668           4678.18        4839.71
669           4678.18        4839.71
670           4678.18        4839.71
671           4678.18        4839.71
672           4678.18        4839.71
673           4678.18        4839.71
674           4678.17        4839.71
675           4678.17        4839.71
676           4678.17        4839.71
677           4678.17        4839.71
678           4678.17        4839.71
679           4678.17         4839.7
680           4678.17         4839.7
681           4678.17         4839.7
682           4678.17         4839.7
683           4678.17         4839.7
684           4678.17         4839.7
685           4678.17         4839.7
686           4678.17         4839.7
687           4678.17         4839.7
688           4678.17         4839.7
689           4678.17        4839.69
690           4678.17        4839.69
691           4678.17        4839.69
692           4678.17        4839.69
693           4678.17        4839.69
694           4678.17        4839.69
695           4678.17        4839.69
696           4678.17        4839.69
697           4678.17        4839.69
698           4678.17        4839.69
699           4678.17        4839.69
700           4678.17        4839.69
701           4678.17        4839.69
702           4678.17        4839.69
703           4678.17        4839.69
704           4678.17        4839.69
705           4678.15        4839.68
706           4678.15        4839.68
707           4678.15        4839.68
708           4678.15        4839.68
709           4678.15        4839.68
710           4678.15        4839.68
711           4678.15        4839.67
712           4678.15        4839.67
713           4678.15        4839.67
714           4678.15        4839.66
715           4678.15        4839.66
716           4678.15        4839.66
717           4678.15        4839.66
718           4678.15        4839.66
719           4678.15        4839.66
720           4678.15        4839.66
721           4678.15        4839.66
722           4678.15        4839.66
723           4678.15        4839.66
724           4678.15        4839.66
725           4678.15        4839.66
726           4678.15        4839.66
727           4678.15        4839.66
728           4678.15        4839.66
729           4678.15        4839.66
730           4678.15        4839.66
731           4678.15        4839.66
732           4678.15        4839.66
733           4678.15        4839.66
734           4678.15        4839.66
735           4678.15        4839.66
736           4678.15        4839.66
737           4678.15        4839.66
738           4678.15        4839.66
739           4678.15        4839.66
740           4678.15        4839.66
741           4678.15        4839.66
742           4678.15        4839.66
743           4678.15        4839.66
744           4678.15        4839.66
745           4678.15        4839.66
746           4678.15        4839.65
747           4678.15        4839.65
748           4678.15        4839.65
749           4678.15        4839.65
750           4678.15        4839.65
751           4678.15        4839.65
752           4678.15        4839.65
753           4678.15        4839.65
754           4678.15        4839.65
755           4678.15        4839.65
756           4678.15        4839.65
757           4678.15        4839.64
758           4678.15        4839.64
759           4678.15        4839.64
760           4678.15        4839.64
761           4678.15        4839.64
762           4678.15        4839.64
763           4678.15        4839.64
764           4678.15        4839.64
765           4678.15        4839.64
766           4678.15        4839.64
767           4678.15        4839.64
768           4678.15        4839.64
769           4678.15        4839.64
770           4678.15        4839.64
771           4678.15        4839.64
772           4678.15        4839.64
773           4678.15        4839.64
774           4678.15        4839.64
775           4678.15        4839.63
776           4678.15        4839.63
777           4678.15        4839.63
778           4678.15        4839.63
779           4678.15        4839.63
780           4678.15        4839.63
781           4678.15        4839.63
782           4678.15        4839.63
783           4678.15        4839.63
784           4678.15        4839.63
785           4678.15        4839.63
786           4678.15        4839.63
787           4678.15        4839.63
788           4678.15        4839.63
789           4678.15        4839.63
790           4678.15        4839.63
791           4678.15        4839.63
792           4678.15        4839.63
793           4678.15        4839.63
794           4678.15        4839.63
795           4678.15        4839.63
796           4678.15        4839.63
797           4678.15        4839.62
798           4678.15        4839.62
799           4678.15        4839.62
800           4678.15        4839.62
801           4678.15        4839.62
802           4678.15        4839.62
803           4678.15        4839.62
804           4678.15        4839.62
805           4678.15        4839.62
806           4678.15        4839.62
807           4678.15        4839.62
808           4678.15        4839.62
809           4678.15        4839.62
810           4678.15        4839.62
811           4678.15        4839.62
812           4678.15        4839.62
813           4678.15        4839.62
814           4678.15        4839.62
815           4678.15        4839.62
816           4678.15        4839.62
817           4678.15        4839.62
818           4678.15        4839.62
819           4678.15        4839.62
820           4678.15        4839.62
821           4678.15        4839.62
822           4678.15        4839.62
823           4678.15        4839.62
824           4678.15        4839.62
825           4678.15        4839.62
826           4678.15        4839.62
827           4678.15        4839.62
828           4678.15        4839.61
829           4678.15        4839.61
830           4678.15        4839.61
831           4678.15        4839.61
832           4678.15        4839.61
833           4678.15        4839.61
834           4678.15        4839.61
835           4678.15        4839.61
836           4678.15        4839.61
837           4678.15        4839.61
838           4678.15        4839.61
839           4678.15        4839.61
840           4678.15        4839.61
841           4678.15        4839.61
842           4678.15        4839.61
843           4678.15        4839.61
844           4678.15        4839.61
845           4678.15        4839.61
846           4678.15        4839.61
847           4678.15         4839.6
848           4678.15         4839.6
849           4678.15         4839.6
850           4678.15         4839.6
851           4678.15         4839.6
852           4678.15         4839.6
853           4678.15         4839.6
854           4678.15         4839.6
855           4678.15         4839.6
856           4678.15         4839.6
857           4678.15         4839.6
858           4678.15         4839.6
859           4678.15         4839.6
860           4678.15         4839.6
861           4678.15         4839.6
862           4678.15         4839.6
863           4678.15         4839.6
864           4678.15         4839.6
865           4678.15         4839.6
866           4678.15         4839.6
867           4678.15         4839.6
868           4678.15         4839.6
869           4678.15         4839.6
870           4678.15         4839.6
871           4678.15         4839.6
872           4678.15         4839.6
873           4678.15         4839.6
874           4678.15         4839.6
875           4678.15         4839.6
876           4678.15         4839.6
877           4678.15         4839.6
878           4678.15         4839.6
879           4678.15         4839.6
880           4678.15         4839.6
881           4678.15         4839.6
882           4678.15         4839.6
883           4678.15         4839.6
884           4678.15         4839.6
885           4678.15         4839.6
886           4678.15         4839.6
887           4678.15         4839.6
888           4678.15         4839.6
889           4678.15         4839.6
890           4678.15         4839.6
891           4678.15         4839.6
892           4678.15         4839.6
893           4678.15        4839.59
894           4678.15        4839.59
895           4678.15        4839.59
896           4678.15        4839.59
897           4678.15        4839.59
898           4678.15        4839.59
899           4678.15        4839.59
900           4678.15        4839.59
901           4678.15        4839.59
902           4678.15        4839.59
903           4678.15        4839.59
904           4678.15        4839.59
905           4678.15        4839.59
906           4678.15        4839.59
907           4678.15        4839.59
908           4678.15        4839.59
909           4678.15        4839.59
910           4678.15        4839.59
911           4678.15        4839.59
912           4678.15        4839.59
913           4678.15        4839.59
914           4678.15        4839.59
915           4678.15        4839.59
916           4678.15        4839.59
917           4678.15        4839.59
918           4678.15        4839.59
919           4678.15        4839.59
920           4678.15        4839.59
921           4678.15        4839.59
922           4678.15        4839.59
923           4678.15        4839.59
924           4678.15        4839.59
925           4678.15        4839.59
926           4678.15        4839.59
927           4678.15        4839.59
928           4678.15        4839.59
929           4678.15        4839.59
930           4678.15        4839.59
931           4678.15        4839.59
932           4678.15        4839.59
933           4678.15        4839.59
934           4678.15        4839.59
935           4678.15        4839.59
936           4678.15        4839.58
937           4678.15        4839.58
938           4678.15        4839.58
939           4678.15        4839.58
940           4678.15        4839.58
941           4678.15        4839.58
942           4678.15        4839.58
943           4678.15        4839.58
944           4678.15        4839.58
945           4678.15        4839.58
946           4678.15        4839.58
947           4678.15        4839.58
948           4678.15        4839.58
949           4678.15        4839.58
950           4678.15        4839.58
951           4678.15        4839.58
952           4678.15        4839.58
953           4678.15        4839.58
954           4678.15        4839.58
955           4678.15        4839.58
956           4678.15        4839.58
957           4678.15        4839.58
958           4678.15        4839.58
959           4678.15        4839.58
960           4678.15        4839.58
961           4678.15        4839.57
962           4678.15        4839.57
963           4678.15        4839.57
964           4678.15        4839.57
965           4678.15        4839.57
966           4678.15        4839.57
967           4678.15        4839.57
968           4678.15        4839.57
969           4678.15        4839.57
970           4678.15        4839.57
971           4678.15        4839.57
972           4678.15        4839.57
973           4678.15        4839.57
974           4678.15        4839.57
975           4678.15        4839.57
976           4678.15        4839.57
977           4678.15        4839.56
978           4678.15        4839.56
979           4678.15        4839.56
980           4678.15        4839.56
981           4678.15        4839.56
982           4678.15        4839.56
983           4678.15        4839.56
984           4678.15        4839.56
985           4678.15        4839.56
986           4678.15        4839.56
987           4678.15        4839.56
988           4678.15        4839.56
989           4678.15        4839.56
990           4678.15        4839.56
991           4678.15        4839.56
992           4678.15        4839.56
993           4678.15        4839.56
994           4678.15        4839.56
995           4678.15        4839.56
996           4678.15        4839.56
997           4678.15        4839.56
998           4678.15        4839.56
999           4678.15        4839.56
1000           4678.15        4839.56
1001           4678.15        4839.56
1002           4678.15        4839.56
1003           4678.15        4839.56
1004           4678.15        4839.56
1005           4678.15        4839.56
1006           4678.15        4839.56
1007           4678.15        4839.56
1008           4678.15        4839.56
1009           4678.15        4839.56
1010           4678.15        4839.56
1011           4678.15        4839.56
1012           4678.15        4839.56
1013           4678.15        4839.56
1014           4678.15        4839.56
1015           4678.15        4839.56
1016           4678.15        4839.56
1017           4678.15        4839.56
1018           4678.15        4839.56
1019           4678.15        4839.56
1020           4678.15        4839.56
1021           4678.15        4839.56
1022           4678.15        4839.56
1023           4678.15        4839.56
1024           4678.15        4839.56
1025           4678.15        4839.56
1026           4678.15        4839.56
1027           4678.15        4839.56
1028           4678.15        4839.56
1029           4678.15        4839.56
1030           4678.15        4839.56
1031           4678.15        4839.56
1032           4678.15        4839.56
1033           4678.15        4839.56
1034           4678.15        4839.56
1035           4678.15        4839.56
1036           4678.15        4839.56
1037           4678.15        4839.56
1038           4678.15        4839.56
1039           4678.15        4839.56
1040           4678.15        4839.56
1041           4678.15        4839.56
1042           4678.15        4839.56
1043           4678.15        4839.56
1044           4678.15        4839.56
1045           4678.15        4839.56
1046           4678.15        4839.56
1047           4678.15        4839.56
1048           4678.15        4839.56
1049           4678.15        4839.56
1050           4678.15        4839.56
1051           4678.15        4839.56
1052           4678.15        4839.56
1053           4678.15        4839.55
1054           4678.15        4839.55
1055           4678.15        4839.55
1056           4678.15        4839.55
1057           4678.15        4839.55
1058           4678.15        4839.55
1059           4678.15        4839.55
1060           4678.15        4839.55
1061           4678.15        4839.55
1062           4678.15        4839.55
1063           4678.15        4839.55
1064           4678.15        4839.55
1065           4678.15        4839.55
1066           4678.15        4839.55
1067           4678.15        4839.55
1068           4678.15        4839.55
1069           4678.15        4839.55
1070           4678.15        4839.55
1071           4678.15        4839.55
1072           4678.15        4839.55
1073           4678.15        4839.55
1074           4678.15        4839.55
1075           4678.15        4839.55
1076           4678.15        4839.55
1077           4678.15        4839.55
1078           4678.15        4839.55
1079           4678.15        4839.55
1080           4678.15        4839.55
1081           4678.15        4839.55
1082           4678.15        4839.55
1083           4678.15        4839.55
1084           4678.15        4839.55
1085           4678.15        4839.55
1086           4678.15        4839.55
1087           4678.15        4839.55
1088           4678.15        4839.55
1089           4678.15        4839.55
1090           4678.15        4839.55
1091           4678.15        4839.55
1092           4678.15        4839.55
1093           4678.15        4839.55
1094           4678.15        4839.55
1095           4678.15        4839.55
1096           4678.15        4839.55
1097           4678.15        4839.55
1098           4678.15        4839.55
1099           4678.15        4839.55
1100           4678.15        4839.55
1101           4678.15        4839.55
1102           4678.15        4839.55
1103           4678.15        4839.55
1104           4678.15        4839.55
1105           4678.15        4839.55
1106           4678.15        4839.55
1107           4678.15        4839.55
1108           4678.15        4839.55
1109           4678.15        4839.55
1110           4678.15        4839.55
1111           4678.15        4839.55
1112           4678.15        4839.55
1113           4678.15        4839.55
1114           4678.15        4839.55
1115           4678.15        4839.55
1116           4678.15        4839.55
1117           4678.15        4839.55
1118           4678.15        4839.55
1119           4678.15        4839.55
1120           4678.15        4839.55
1121           4678.15        4839.55
1122           4678.15        4839.55
1123           4678.15        4839.55
1124           4678.15        4839.55
1125           4678.15        4839.54
1126           4678.15        4839.54
1127           4678.15        4839.54
1128           4678.15        4839.54
1129           4678.15        4839.54
1130           4678.15        4839.54
1131           4678.15        4839.54
1132           4678.15        4839.54
1133           4678.15        4839.54
1134           4678.15        4839.54
1135           4678.15        4839.54
1136           4678.15        4839.54
1137           4678.15        4839.54
1138           4678.15        4839.54
1139           4678.15        4839.54
1140           4678.15        4839.54
1141           4678.15        4839.54
1142           4678.15        4839.54
1143           4678.15        4839.54
1144           4678.15        4839.54
1145           4678.15        4839.54
1146           4678.15        4839.54
1147           4678.15        4839.54
1148           4678.15        4839.54
1149           4678.15        4839.54
1150           4678.15        4839.54
1151           4678.15        4839.54
1152           4678.15        4839.54
1153           4678.15        4839.54
1154           4678.15        4839.54
1155           4678.15        4839.54
1156           4678.15        4839.54
1157           4678.15        4839.54
1158           4678.15        4839.54
1159           4678.15        4839.54
1160           4678.15        4839.54
1161           4678.15        4839.54
1162           4678.15        4839.54
1163           4678.15        4839.54
1164           4678.15        4839.54
1165           4678.15        4839.54
1166           4678.15        4839.54
1167           4678.15        4839.54
1168           4678.15        4839.54
1169           4678.15        4839.54
1170           4678.15        4839.54
1171           4678.15        4839.54
1172           4678.15        4839.54
1173           4678.15        4839.54
1174           4678.15        4839.54
1175           4678.15        4839.54
1176           4678.15        4839.54
1177           4678.15        4839.54
1178           4678.15        4839.54
1179           4678.15        4839.54
1180           4678.15        4839.54
1181           4678.15        4839.54
1182           4678.15        4839.54
1183           4678.15        4839.54
1184           4678.15        4839.54
1185           4678.15        4839.54
1186           4678.15        4839.54
1187           4678.15        4839.54
1188           4678.15        4839.54
1189           4678.15        4839.54
1190           4678.15        4839.54
1191           4678.15        4839.54
1192           4678.15        4839.54
1193           4678.15        4839.54
1194           4678.15        4839.54
1195           4678.15        4839.54
1196           4678.15        4839.54
1197           4678.15        4839.54
1198           4678.15        4839.54
1199           4678.15        4839.54
1200           4678.15        4839.54
1201           4678.15        4839.54
1202           4678.15        4839.54
1203           4678.15        4839.54
1204           4678.15        4839.54
1205           4678.15        4839.54
1206           4678.15        4839.54
1207           4678.15        4839.54
1208           4678.15        4839.54
1209           4678.15        4839.54
1210           4678.15        4839.54
1211           4678.15        4839.54
1212           4678.15        4839.54
1213           4678.15        4839.54
1214           4678.15        4839.54
1215           4678.15        4839.54
1216           4678.15        4839.54
1217           4678.15        4839.54
1218           4678.15        4839.54
1219           4678.15        4839.54
1220           4678.15        4839.54
1221           4678.15        4839.54
1222           4678.15        4839.54
1223           4678.15        4839.54
1224           4678.15        4839.54
1225           4678.15        4839.54
1226           4678.15        4839.54
1227           4678.15        4839.54
1228           4678.15        4839.54
1229           4678.15        4839.54
1230           4678.15        4839.54
1231           4678.15        4839.54
1232           4678.15        4839.54
1233           4678.15        4839.54
1234           4678.15        4839.54
1235           4678.15        4839.54
1236           4678.15        4839.54
1237           4678.15        4839.54
1238           4678.15        4839.54
1239           4678.15        4839.54
1240           4678.15        4839.54
1241           4678.15        4839.54
1242           4678.15        4839.54
1243           4678.15        4839.54
1244           4678.15        4839.54
1245           4678.15        4839.54
1246           4678.15        4839.54
1247           4678.15        4839.54
1248           4678.15        4839.54
1249           4678.15        4839.54
1250           4678.15        4839.54
1251           4678.15        4839.54
1252           4678.15        4839.54
1253           4678.15        4839.53
1254           4678.15        4839.53
1255           4678.15        4839.53
1256           4678.15        4839.53
1257           4678.15        4839.53
1258           4678.15        4839.53
1259           4678.15        4839.53
1260           4678.15        4839.53
1261           4678.15        4839.53
1262           4678.15        4839.53
1263           4678.15        4839.53
1264           4678.15        4839.53
1265           4678.15        4839.53
1266           4678.15        4839.53
1267           4678.15        4839.53
1268           4678.15        4839.53
1269           4678.15        4839.53
1270           4678.15        4839.53
1271           4678.15        4839.53
1272           4678.15        4839.53
1273           4678.15        4839.53
1274           4678.15        4839.53
1275           4678.15        4839.53
1276           4678.15        4839.53
1277           4678.15        4839.53
1278           4678.15        4839.53
1279           4678.15        4839.53
1280           4678.15        4839.53
1281           4678.15        4839.53
1282           4678.15        4839.53
1283           4678.15        4839.53
1284           4678.15        4839.53
1285           4678.15        4839.53
1286           4678.15        4839.53
1287           4678.15        4839.53
1288           4678.15        4839.53
1289           4678.15        4839.53
1290           4678.15        4839.53
1291           4678.15        4839.53
1292           4678.15        4839.53
1293           4678.15        4839.53
1294           4678.15        4839.53
1295           4678.15        4839.53
1296           4678.15        4839.53
1297           4678.15        4839.53
1298           4678.15        4839.53
1299           4678.15        4839.53
1300           4678.15        4839.53
1301           4678.15        4839.53
1302           4678.15        4839.53
1303           4678.15        4839.53
1304           4678.15        4839.53
1305           4678.15        4839.53
1306           4678.15        4839.53
1307           4678.15        4839.53
1308           4678.15        4839.53
1309           4678.15        4839.53
1310           4678.15        4839.53
1311           4678.15        4839.53
1312           4678.15        4839.53
1313           4678.15        4839.53
1314           4678.15        4839.53
1315           4678.15        4839.53
1316           4678.15        4839.53
1317           4678.15        4839.53
1318           4678.15        4839.53
1319           4678.15        4839.53
1320           4678.15        4839.53
1321           4678.15        4839.53
1322           4678.15        4839.53
1323           4678.15        4839.53
1324           4678.15        4839.53
1325           4678.15        4839.53
1326           4678.15        4839.53
1327           4678.15        4839.53
1328           4678.15        4839.53
1329           4678.15        4839.53
1330           4678.15        4839.53
1331           4678.15        4839.53
1332           4678.15        4839.53
1333           4678.15        4839.53
1334           4678.15        4839.53
1335           4678.15        4839.53
1336           4678.15        4839.53
1337           4678.15        4839.53
1338           4678.15        4839.52
1339           4678.15        4839.52
1340           4678.15        4839.52
1341           4678.15        4839.52
1342           4678.15        4839.52
1343           4678.15        4839.52
1344           4678.15        4839.52
1345           4678.15        4839.52
1346           4678.15        4839.52
1347           4678.15        4839.52
1348           4678.15        4839.52
1349           4678.15        4839.52
1350           4678.15        4839.52
1351           4678.15        4839.52
1352           4678.15        4839.52
1353           4678.15        4839.52
1354           4678.15        4839.52
1355           4678.15        4839.52
1356           4678.15        4839.52
1357           4678.15        4839.52
1358           4678.15        4839.52
1359           4678.15        4839.52
1360           4678.15        4839.52
1361           4678.15        4839.52
1362           4678.15        4839.52
1363           4678.15        4839.52
1364           4678.15        4839.52
1365           4678.15        4839.52
1366           4678.15        4839.52
1367           4678.15        4839.52
1368           4678.15        4839.52
1369           4678.15        4839.52
1370           4678.15        4839.52
1371           4678.15        4839.52
1372           4678.15        4839.52
1373           4678.15        4839.52
1374           4678.15        4839.52
1375           4678.15        4839.52
1376           4678.15        4839.52
1377           4678.15        4839.52
1378           4678.15        4839.52
1379           4678.15        4839.51
1380           4678.15        4839.51
1381           4678.15        4839.51
1382           4678.15        4839.51
1383           4678.15        4839.51
1384           4678.15        4839.51
1385           4678.15        4839.51
1386           4678.15        4839.51
1387           4678.15        4839.51
1388           4678.15        4839.51
1389           4678.15        4839.51
1390           4678.15        4839.51
1391           4678.15        4839.51
1392           4678.15        4839.51
1393           4678.15        4839.51
1394           4678.15        4839.51
1395           4678.15        4839.51
1396           4678.15        4839.51
1397           4678.15        4839.51
1398           4678.15        4839.51
1399           4678.15        4839.51
1400           4678.15        4839.51
1401           4678.15        4839.51
1402           4678.15        4839.51
1403           4678.15        4839.51
1404           4678.15        4839.51
1405           4678.15        4839.51
1406           4678.15        4839.51
1407           4678.15        4839.51
1408           4678.15        4839.51
1409           4678.15        4839.51
1410           4678.15        4839.51
1411           4678.15        4839.51
1412           4678.15        4839.51
1413           4678.15        4839.51
1414           4678.15        4839.51
1415           4678.15        4839.51
1416           4678.15        4839.51
1417           4678.15        4839.51
1418           4678.15        4839.51
1419           4678.15        4839.51
1420           4678.15        4839.51
1421           4678.15        4839.51
1422           4678.15        4839.51
1423           4678.15        4839.51
1424           4678.15        4839.51
1425           4678.15        4839.51
1426           4678.15        4839.51
1427           4678.15        4839.51
1428           4678.15        4839.51
1429           4678.15        4839.51
1430           4678.15        4839.51
1431           4678.15        4839.51
1432           4678.15        4839.51
1433           4678.15        4839.51
1434           4678.15        4839.51
1435           4678.15        4839.51
1436           4678.15        4839.51
1437           4678.15        4839.51
1438           4678.15        4839.51
1439           4678.15        4839.51
1440           4678.15        4839.51
1441           4678.15        4839.51
1442           4678.15        4839.51
1443           4678.15        4839.51
1444           4678.15        4839.51
1445           4678.15        4839.51
1446           4678.15        4839.51
1447           4678.15        4839.51
1448           4678.15        4839.51
1449           4678.15        4839.51
1450           4678.15        4839.51
1451           4678.15        4839.51
1452           4678.15        4839.51
1453           4678.15        4839.51
1454           4678.15        4839.51
1455           4678.15        4839.51
1456           4678.15        4839.51
1457           4678.15        4839.51
1458           4678.15        4839.51
1459           4678.15        4839.51
1460           4678.15        4839.51
1461           4678.15        4839.51
1462           4678.15        4839.51
1463           4678.15        4839.51
1464           4678.15        4839.51
1465           4678.15        4839.51
1466           4678.15        4839.51
1467           4678.15        4839.51
1468           4678.15        4839.51
1469           4678.15        4839.51
1470           4678.15        4839.51
1471           4678.15        4839.51
1472           4678.15        4839.51
1473           4678.15        4839.51
1474           4678.15        4839.51
1475           4678.15        4839.51
1476           4678.15        4839.51
1477           4678.15        4839.51
1478           4678.15        4839.51
1479           4678.15        4839.51
1480           4678.15        4839.51
1481           4678.15        4839.51
1482           4678.15        4839.51
1483           4678.15        4839.51
1484           4678.15        4839.51
1485           4678.15        4839.51
1486           4678.15        4839.51
1487           4678.15         4839.5
1488           4678.15         4839.5
1489           4678.15         4839.5
1490           4678.15         4839.5
1491           4678.15         4839.5
1492           4678.15         4839.5
1493           4678.15         4839.5
1494           4678.15         4839.5
1495           4678.15         4839.5
1496           4678.15         4839.5
1497           4678.15         4839.5
1498           4678.15         4839.5
1499           4678.15         4839.5
1500           4678.15         4839.5
1501           4678.15         4839.5
1502           4678.15         4839.5
1503           4678.15         4839.5
1504           4678.15         4839.5
1505           4678.15         4839.5
1506           4678.15         4839.5
1507           4678.15         4839.5
1508           4678.15         4839.5
1509           4678.15         4839.5
1510           4678.15         4839.5
1511           4678.15         4839.5
1512           4678.15         4839.5
1513           4678.15         4839.5
1514           4678.15         4839.5
1515           4678.15         4839.5
1516           4678.15         4839.5
1517           4678.15         4839.5
1518           4678.15         4839.5
1519           4678.15         4839.5
1520           4678.15         4839.5
1521           4678.15         4839.5
1522           4678.15         4839.5
1523           4678.15         4839.5
1524           4678.15         4839.5
1525           4678.15         4839.5
1526           4678.15         4839.5
1527           4678.15         4839.5
1528           4678.15         4839.5
1529           4678.15         4839.5
1530           4678.15         4839.5
1531           4678.15         4839.5
1532           4678.15         4839.5
1533           4678.15         4839.5
1534           4678.15         4839.5
1535           4678.15         4839.5
1536           4678.15         4839.5
1537           4678.15         4839.5
1538           4678.15         4839.5
1539           4678.15         4839.5
1540           4678.15         4839.5
1541           4678.15         4839.5
1542           4678.15         4839.5
1543           4678.15         4839.5
1544           4678.15         4839.5
1545           4678.15         4839.5
1546           4678.15         4839.5
1547           4678.15         4839.5
1548           4678.15         4839.5
1549           4678.15         4839.5
1550           4678.15         4839.5
1551           4678.15         4839.5
1552           4678.15         4839.5
1553           4678.15         4839.5
1554           4678.15         4839.5
1555           4678.15         4839.5
1556           4678.15         4839.5
1557           4678.15         4839.5
1558           4678.15         4839.5
1559           4678.15         4839.5
1560           4678.15         4839.5
1561           4678.15         4839.5
1562           4678.15         4839.5
1563           4678.15         4839.5
1564           4678.15         4839.5
1565           4678.15         4839.5
1566           4678.15         4839.5
1567           4678.15         4839.5
1568           4678.15         4839.5
1569           4678.15         4839.5
1570           4678.15         4839.5
1571           4678.15         4839.5
1572           4678.15         4839.5
1573           4678.15         4839.5
1574           4678.15         4839.5
1575           4678.15         4839.5
1576           4678.15         4839.5
1577           4678.15         4839.5
1578           4678.15         4839.5
1579           4678.15         4839.5
1580           4678.15         4839.5
1581           4678.15         4839.5
1582           4678.15         4839.5
1583           4678.15         4839.5
1584           4678.15         4839.5
1585           4678.15         4839.5
1586           4678.15         4839.5
1587           4678.15         4839.5
1588           4678.15         4839.5
1589           4678.15         4839.5
1590           4678.15         4839.5
1591           4678.15         4839.5
1592           4678.15         4839.5
1593           4678.15         4839.5
1594           4678.15         4839.5
1595           4678.15         4839.5
1596           4678.15         4839.5
1597           4678.15         4839.5
1598           4678.15         4839.5
1599           4678.15         4839.5
1600           4678.15         4839.5
1601           4678.15         4839.5
1602           4678.15         4839.5
1603           4678.15         4839.5
1604           4678.15         4839.5
1605           4678.15         4839.5
1606           4678.15         4839.5
1607           4678.15         4839.5
1608           4678.15         4839.5
1609           4678.15         4839.5
1610           4678.15         4839.5
1611           4678.15         4839.5
1612           4678.15         4839.5
1613           4678.15         4839.5
1614           4678.15         4839.5
1615           4678.15         4839.5
1616           4678.15         4839.5
1617           4678.15         4839.5
1618           4678.15         4839.5
1619           4678.15         4839.5
1620           4678.15         4839.5
1621           4678.15         4839.5
1622           4678.15         4839.5
1623           4678.15         4839.5
1624           4678.15         4839.5
1625           4678.15         4839.5
1626           4678.15         4839.5
1627           4678.15         4839.5
1628           4678.15         4839.5
1629           4678.15         4839.5
1630           4678.15         4839.5
1631           4678.15         4839.5
1632           4678.15         4839.5
1633           4678.15         4839.5
1634           4678.15         4839.5
1635           4678.15         4839.5
1636           4678.15         4839.5
1637           4678.15         4839.5
1638           4678.15         4839.5
1639           4678.15         4839.5
1640           4678.15         4839.5
1641           4678.15         4839.5
1642           4678.15         4839.5
1643           4678.15         4839.5
1644           4678.15         4839.5
1645           4678.15         4839.5
1646           4678.15         4839.5
1647           4678.15         4839.5
1648           4678.15         4839.5
1649           4678.15         4839.5
1650           4678.15         4839.5
1651           4678.15         4839.5
1652           4678.15         4839.5
1653           4678.15         4839.5
1654           4678.15         4839.5
1655           4678.15         4839.5
1656           4678.15         4839.5
1657           4678.15         4839.5
1658           4678.15         4839.5
1659           4678.15         4839.5
1660           4678.15         4839.5
1661           4678.15         4839.5
1662           4678.15         4839.5
1663           4678.15         4839.5
1664           4678.15         4839.5
1665           4678.15         4839.5
1666           4678.15         4839.5
1667           4678.15         4839.5
1668           4678.15         4839.5
1669           4678.15         4839.5
1670           4678.15         4839.5
1671           4678.15         4839.5
1672           4678.15         4839.5
1673           4678.15         4839.5
1674           4678.15         4839.5
1675           4678.15         4839.5
1676           4678.15         4839.5
1677           4678.15         4839.5
1678           4678.15         4839.5
1679           4678.15         4839.5
1680           4678.15         4839.5
1681           4678.15         4839.5
1682           4678.15         4839.5
1683           4678.15         4839.5
1684           4678.15         4839.5
1685           4678.15         4839.5
1686           4678.15         4839.5
1687           4678.15         4839.5
1688           4678.15         4839.5
1689           4678.15         4839.5
1690           4678.15         4839.5
1691           4678.15         4839.5
1692           4678.15         4839.5
1693           4678.15         4839.5
1694           4678.15         4839.5
1695           4678.15         4839.5
1696           4678.15         4839.5
1697           4678.15         4839.5
1698           4678.15         4839.5
1699           4678.15         4839.5
1700           4678.15         4839.5
1701           4678.15         4839.5
1702           4678.15         4839.5
1703           4678.15         4839.5
1704           4678.15         4839.5
1705           4678.15         4839.5
1706           4678.15         4839.5
1707           4678.15         4839.5
1708           4678.15         4839.5
1709           4678.15         4839.5
1710           4678.15         4839.5
1711           4678.15         4839.5
1712           4678.15         4839.5
1713           4678.15         4839.5
1714           4678.15         4839.5
1715           4678.15         4839.5
1716           4678.15         4839.5
1717           4678.15         4839.5
1718           4678.15         4839.5
1719           4678.15         4839.5
1720           4678.15         4839.5
1721           4678.15         4839.5
1722           4678.15         4839.5
1723           4678.15         4839.5
1724           4678.15         4839.5
1725           4678.15         4839.5
1726           4678.15         4839.5
1727           4678.15         4839.5
1728           4678.15         4839.5
1729           4678.15         4839.5
1730           4678.15         4839.5
1731           4678.15         4839.5
1732           4678.15         4839.5
1733           4678.15         4839.5
1734           4678.15         4839.5
1735           4678.13        4839.49
1736           4678.13        4839.49
1737           4678.13        4839.49
1738           4678.13        4839.49
1739           4678.13        4839.49
1740           4678.13        4839.49
1741           4678.13        4839.49
1742           4678.13        4839.49
1743           4678.13        4839.49
1744           4678.13        4839.49
1745           4678.13        4839.49
1746           4678.13        4839.49
1747           4678.13        4839.49
1748           4678.13        4839.49
1749           4678.13        4839.49
1750           4678.13        4839.49
1751           4678.13        4839.49
1752           4678.13        4839.49
1753           4678.13        4839.49
1754           4678.13        4839.49
1755           4678.13        4839.49
1756           4678.13        4839.49
1757           4678.13        4839.49
1758           4678.13        4839.49
1759           4678.13        4839.49
1760           4678.13        4839.49
1761           4678.13        4839.49
1762           4678.13        4839.49
1763           4678.13        4839.49
1764           4678.13        4839.49
1765           4678.13        4839.49
1766           4678.13        4839.49
1767           4678.13        4839.49
1768           4678.13        4839.49
1769           4678.13        4839.49
1770           4678.13        4839.49
1771           4678.13        4839.49
1772           4678.13        4839.49
1773           4678.13        4839.49
1774           4678.13        4839.49
1775           4678.13        4839.49
1776           4678.13        4839.49
1777           4678.13        4839.49
1778           4678.13        4839.49
1779           4678.13        4839.49
1780           4678.13        4839.49
1781           4678.13        4839.49
1782           4678.13        4839.49
1783           4678.13        4839.49
1784           4678.13        4839.49
1785           4678.13        4839.49
1786           4678.13        4839.49
1787           4678.13        4839.49
1788           4678.13        4839.49
1789           4678.13        4839.49
1790           4678.13        4839.49
1791           4678.13        4839.49
1792           4678.13        4839.49
1793           4678.13        4839.49
1794           4678.13        4839.49
1795           4678.13        4839.49
1796           4678.13        4839.49
1797           4678.13        4839.49
1798           4678.13        4839.49
1799           4678.13        4839.49
1800           4678.13        4839.49
1801           4678.13        4839.49
1802           4678.13        4839.49
1803           4678.13        4839.49
1804           4678.13        4839.49
1805           4678.13        4839.49
1806           4678.13        4839.49
1807           4678.13        4839.49
1808           4678.13        4839.49
1809           4678.13        4839.49
1810           4678.13        4839.49
1811           4678.13        4839.49
1812           4678.13        4839.49
1813           4678.13        4839.49
1814           4678.13        4839.49
1815           4678.13        4839.49
1816           4678.13        4839.49
1817           4678.13        4839.49
1818           4678.13        4839.49
1819           4678.13        4839.49
1820           4678.13        4839.49
1821           4678.13        4839.49
1822           4678.13        4839.49
1823           4678.13        4839.49
1824           4678.13        4839.49
1825           4678.13        4839.49
1826           4678.13        4839.49
1827           4678.13        4839.49
1828           4678.13        4839.49
1829           4678.13        4839.49
1830           4678.13        4839.49
1831           4678.13        4839.49
1832           4678.13        4839.49
1833           4678.13        4839.49
1834           4678.13        4839.49
1835           4678.13        4839.49
1836           4678.13        4839.49
1837           4678.13        4839.49
1838           4678.13        4839.49
1839           4678.13        4839.49
1840           4678.13        4839.49
1841           4678.13        4839.49
1842           4678.13        4839.49
1843           4678.13        4839.49
1844           4678.13        4839.49
1845           4678.13        4839.49
1846           4678.13        4839.49
1847           4678.13        4839.49
1848           4678.13        4839.49
1849           4678.13        4839.49
1850           4678.13        4839.49
1851           4678.13        4839.49
1852           4678.13        4839.49
1853           4678.13        4839.49
1854           4678.13        4839.49
1855           4678.13        4839.49
1856           4678.13        4839.49
1857           4678.13        4839.49
1858           4678.13        4839.49
1859           4678.13        4839.49
1860           4678.13        4839.49
1861           4678.13        4839.49
1862           4678.13        4839.49
1863           4678.13        4839.49
1864           4678.13        4839.49
1865           4678.13        4839.49
1866           4678.13        4839.49
1867           4678.13        4839.49
1868           4678.13        4839.49
1869           4678.13        4839.49
1870           4678.13        4839.49
1871           4678.13        4839.49
1872           4678.13        4839.49
1873           4678.13        4839.49
1874           4678.13        4839.49
1875           4678.13        4839.49
1876           4678.13        4839.49
1877           4678.13        4839.49
1878           4678.13        4839.49
1879           4678.13        4839.49
1880           4678.13        4839.49
1881           4678.13        4839.49
1882           4678.13        4839.49
1883           4678.13        4839.49
1884           4678.13        4839.49
1885           4678.13        4839.49
1886           4678.13        4839.49
1887           4678.13        4839.49
1888           4678.13        4839.49
1889           4678.13        4839.49
1890           4678.13        4839.49
1891           4678.13        4839.49
1892           4678.13        4839.49
1893           4678.13        4839.49
1894           4678.13        4839.49
1895           4678.13        4839.49
1896           4678.13        4839.49
1897           4678.13        4839.49
1898           4678.13        4839.49
1899           4678.13        4839.49
1900           4678.13        4839.49
1901           4678.13        4839.49
1902           4678.13        4839.49
1903           4678.13        4839.49
1904           4678.13        4839.49
1905           4678.13        4839.49
1906           4678.13        4839.49
1907           4678.13        4839.49
1908           4678.13        4839.49
1909           4678.13        4839.49
1910           4678.13        4839.49
1911           4678.13        4839.49
1912           4678.13        4839.49
1913           4678.13        4839.49
1914           4678.13        4839.49
1915           4678.13        4839.49
1916           4678.13        4839.49
1917           4678.13        4839.49
1918           4678.13        4839.49
1919           4678.13        4839.49
1920           4678.13        4839.49
1921           4678.13        4839.49
1922           4678.13        4839.49
1923           4678.13        4839.49
1924           4678.13        4839.49
1925           4678.13        4839.49
1926           4678.13        4839.49
1927           4678.13        4839.49
1928           4678.13        4839.49
1929           4678.13        4839.49
1930           4678.13        4839.49
1931           4678.13        4839.49
1932           4678.13        4839.49
1933           4678.13        4839.49
1934           4678.13        4839.49
1935           4678.13        4839.49
1936           4678.13        4839.49
1937           4678.13        4839.49
1938           4678.13        4839.49
1939           4678.13        4839.49
1940           4678.13        4839.49
1941           4678.13        4839.49
1942           4678.13        4839.49
1943           4678.13        4839.49
1944           4678.13        4839.49
1945           4678.13        4839.49
1946           4678.13        4839.49
1947           4678.13        4839.49
1948           4678.13        4839.49
1949           4678.13        4839.49
1950           4678.13        4839.49
1951           4678.13        4839.49
1952           4678.13        4839.49
1953           4678.13        4839.49
1954           4678.13        4839.49
1955           4678.13        4839.49
1956           4678.13        4839.49
1957           4678.13        4839.49
1958           4678.13        4839.49
1959           4678.13        4839.49
1960           4678.13        4839.49
1961           4678.13        4839.49
1962           4678.13        4839.49
1963           4678.13        4839.49
1964           4678.13        4839.49
1965           4678.13        4839.49
1966           4678.13        4839.49
1967           4678.13        4839.49
1968           4678.13        4839.49
1969           4678.13        4839.49
1970           4678.13        4839.49
1971           4678.13        4839.49
1972           4678.13        4839.49
1973           4678.13        4839.49
1974           4678.13        4839.49
1975           4678.13        4839.49
1976           4678.13        4839.49
1977           4678.13        4839.49
1978           4678.13        4839.49
1979           4678.13        4839.49
1980           4678.13        4839.49
1981           4678.13        4839.49
1982           4678.13        4839.49
1983           4678.13        4839.49
1984           4678.13        4839.49
1985           4678.13        4839.49
1986           4678.13        4839.49
1987           4678.13        4839.49
1988           4678.13        4839.49
1989           4678.13        4839.49
1990           4678.13        4839.49
1991           4678.13        4839.49
1992           4678.13        4839.49
1993           4678.13        4839.49
1994           4678.13        4839.49
1995           4678.13        4839.49
1996           4678.13        4839.49
1997           4678.13        4839.49
1998           4678.13        4839.49
1999           4678.13        4839.49
2000           4678.13        4839.49
2001           4678.13        4839.49
2002           4678.13        4839.49
2003           4678.13        4839.49
2004           4678.13        4839.49
2005           4678.13        4839.49
2006           4678.13        4839.49
2007           4678.13        4839.49
2008           4678.13        4839.49
2009           4678.13        4839.49
2010           4678.13        4839.49
2011           4678.13        4839.49
2012           4678.13        4839.49
2013           4678.13        4839.49
2014           4678.13        4839.49
2015           4678.13        4839.49
2016           4678.13        4839.49
2017           4678.13        4839.49
2018           4678.13        4839.49
2019           4678.13        4839.49
2020           4678.13        4839.49
2021           4678.13        4839.49
2022           4678.13        4839.49
2023           4678.13        4839.49
2024           4678.13        4839.49
2025           4678.13        4839.49
2026           4678.13        4839.49
2027           4678.13        4839.49
2028           4678.13        4839.49
2029           4678.13        4839.49
2030           4678.13        4839.49
2031           4678.13        4839.49
2032           4678.13        4839.49
2033           4678.13        4839.49
2034           4678.13        4839.49
2035           4678.13        4839.49
2036           4678.13        4839.49
2037           4678.13        4839.49
2038           4678.13        4839.49
2039           4678.13        4839.49
2040           4678.13        4839.49
2041           4678.13        4839.49
2042           4678.13        4839.49
2043           4678.13        4839.49
2044           4678.13        4839.49
2045           4678.13        4839.48
2046           4678.13        4839.48
2047           4678.13        4839.48
2048           4678.13        4839.48
2049           4678.13        4839.48
2050           4678.13        4839.48
2051           4678.13        4839.48
2052           4678.13        4839.48
2053           4678.13        4839.48
2054           4678.13        4839.48
2055           4678.13        4839.48
2056           4678.13        4839.48
2057           4678.13        4839.48
2058           4678.13        4839.48
2059           4678.13        4839.48
2060           4678.13        4839.48
2061           4678.13        4839.48
2062           4678.13        4839.48
2063           4678.13        4839.48
2064           4678.13        4839.48
2065           4678.13        4839.48
2066           4678.13        4839.48
2067           4678.13        4839.48
2068           4678.13        4839.48
2069           4678.13        4839.48
2070           4678.13        4839.48
2071           4678.13        4839.48
2072           4678.13        4839.48
2073           4678.13        4839.48
2074           4678.13        4839.48
2075           4678.13        4839.48
2076           4678.13        4839.48
2077           4678.13        4839.48
2078           4678.13        4839.48
2079           4678.13        4839.48
2080           4678.13        4839.48
2081           4678.13        4839.48
2082           4678.13        4839.48
2083           4678.13        4839.48
2084           4678.13        4839.48
2085           4678.13        4839.48
2086           4678.13        4839.48
2087           4678.13        4839.48
2088           4678.13        4839.48
2089           4678.13        4839.48
2090           4678.13        4839.48
2091           4678.13        4839.48
2092           4678.13        4839.48
2093           4678.13        4839.48
2094           4678.13        4839.48
2095           4678.13        4839.48
2096           4678.13        4839.48
2097           4678.13        4839.48
2098           4678.13        4839.48
2099           4678.13        4839.48
2100           4678.13        4839.48
2101           4678.13        4839.48
2102           4678.13        4839.48
2103           4678.13        4839.48
2104           4678.13        4839.48
2105           4678.13        4839.48
2106           4678.13        4839.48
2107           4678.13        4839.48
2108           4678.13        4839.48
2109           4678.13        4839.48
2110           4678.13        4839.48
2111           4678.13        4839.48
2112           4678.13        4839.48
2113           4678.13        4839.48
2114           4678.13        4839.48
2115           4678.13        4839.48
2116           4678.13        4839.48
2117           4678.13        4839.48
2118           4678.13        4839.48
2119           4678.13        4839.48
2120           4678.13        4839.48
2121           4678.13        4839.48
2122           4678.13        4839.48
2123           4678.13        4839.48
2124           4678.13        4839.48
2125           4678.13        4839.48
2126           4678.13        4839.48
2127           4678.13        4839.48
2128           4678.13        4839.48
2129           4678.13        4839.48
2130           4678.13        4839.48
2131           4678.13        4839.48
2132           4678.13        4839.48
2133           4678.13        4839.48
2134           4678.13        4839.48
2135           4678.13        4839.48
2136           4678.13        4839.48
2137           4678.13        4839.48
2138           4678.13        4839.48
2139           4678.13        4839.48
2140           4678.13        4839.48
2141           4678.13        4839.48
2142           4678.13        4839.48
2143           4678.13        4839.48
2144           4678.13        4839.48
2145           4678.13        4839.48
2146           4678.13        4839.48
2147           4678.13        4839.48
2148           4678.13        4839.48
2149           4678.13        4839.48
2150           4678.13        4839.48
2151           4678.13        4839.48
2152           4678.13        4839.48
2153           4678.13        4839.48
2154           4678.13        4839.48
2155           4678.13        4839.48
2156           4678.13        4839.48
2157           4678.13        4839.48
2158           4678.13        4839.48
2159           4678.13        4839.48
2160           4678.13        4839.48
2161           4678.13        4839.48
2162           4678.13        4839.48
2163           4678.13        4839.48
2164           4678.13        4839.48
2165           4678.13        4839.48
2166           4678.13        4839.48
2167           4678.13        4839.48
2168           4678.13        4839.48
2169           4678.13        4839.48
2170           4678.13        4839.48
2171           4678.13        4839.48
2172           4678.13        4839.48
2173           4678.13        4839.48
2174           4678.13        4839.48
2175           4678.13        4839.48
2176           4678.13        4839.48
2177           4678.13        4839.48
2178           4678.13        4839.48
2179           4678.13        4839.48
2180           4678.13        4839.48
2181           4678.13        4839.48
2182           4678.13        4839.48
2183           4678.13        4839.48
2184           4678.13        4839.48
2185           4678.13        4839.48
2186           4678.13        4839.48
2187           4678.13        4839.48
2188           4678.13        4839.48
2189           4678.13        4839.48
2190           4678.13        4839.48
2191           4678.13        4839.48
2192           4678.13        4839.48
2193           4678.13        4839.48
2194           4678.13        4839.48
2195           4678.13        4839.48
2196           4678.13        4839.48
2197           4678.13        4839.48
2198           4678.13        4839.48
2199           4678.13        4839.48
2200           4678.13        4839.48
2201           4678.13        4839.48
2202           4678.13        4839.48
2203           4678.13        4839.48
2204           4678.13        4839.48
2205           4678.13        4839.48
2206           4678.13        4839.48
2207           4678.13        4839.48
2208           4678.13        4839.48
2209           4678.13        4839.48
2210           4678.13        4839.48
2211           4678.13        4839.48
2212           4678.13        4839.48
2213           4678.13        4839.48
2214           4678.13        4839.48
2215           4678.13        4839.48
2216           4678.13        4839.48
2217           4678.13        4839.48
2218           4678.13        4839.48
2219           4678.13        4839.48
2220           4678.13        4839.48
2221           4678.13        4839.48
2222           4678.13        4839.48
2223           4678.13        4839.48
2224           4678.13        4839.48
2225           4678.13        4839.48
2226           4678.13        4839.48
2227           4678.13        4839.48
2228           4678.13        4839.48
2229           4678.13        4839.48
2230           4678.13        4839.48
2231           4678.13        4839.48
2232           4678.13        4839.48
2233           4678.13        4839.48
2234           4678.13        4839.48
2235           4678.13        4839.48
2236           4678.13        4839.48
2237           4678.13        4839.48
2238           4678.13        4839.48
2239           4678.13        4839.48
2240           4678.13        4839.48
2241           4678.13        4839.48
2242           4678.13        4839.48
2243           4678.13        4839.48
2244           4678.13        4839.48
2245           4678.13        4839.48
2246           4678.13        4839.48
2247           4678.13        4839.48
2248           4678.13        4839.48
2249           4678.13        4839.48
2250           4678.13        4839.48
2251           4678.13        4839.48
2252           4678.13        4839.48
2253           4678.13        4839.48
2254           4678.13        4839.48
2255           4678.13        4839.48
2256           4678.13        4839.48
2257           4678.13        4839.48
2258           4678.13        4839.48
2259           4678.13        4839.48
2260           4678.13        4839.48
2261           4678.13        4839.48
2262           4678.13        4839.48
2263           4678.13        4839.48
2264           4678.13        4839.48
2265           4678.13        4839.48
2266           4678.13        4839.48
2267           4678.13        4839.48
2268           4678.13        4839.48
2269           4678.13        4839.48
2270           4678.13        4839.48
2271           4678.13        4839.48
2272           4678.13        4839.48
2273           4678.13        4839.48
2274           4678.13        4839.48
2275           4678.13        4839.48
2276           4678.13        4839.48
2277           4678.13        4839.48
2278           4678.13        4839.48
2279           4678.13        4839.48
2280           4678.13        4839.48
2281           4678.13        4839.48
2282           4678.13        4839.48
2283           4678.13        4839.48
2284           4678.13        4839.48
2285           4678.13        4839.48
2286           4678.13        4839.48
2287           4678.13        4839.48
2288           4678.13        4839.48
2289           4678.13        4839.48
2290           4678.13        4839.48
2291           4678.13        4839.48
2292           4678.13        4839.48
2293           4678.13        4839.48
2294           4678.13        4839.48
2295           4678.13        4839.48
2296           4678.13        4839.48
2297           4678.13        4839.48
2298           4678.13        4839.48
2299           4678.13        4839.48
2300           4678.13        4839.48
2301           4678.13        4839.48
2302           4678.13        4839.48
2303           4678.13        4839.48
2304           4678.13        4839.48
2305           4678.13        4839.48
2306           4678.13        4839.48
2307           4678.13        4839.48
2308           4678.13        4839.48
2309           4678.13        4839.48
2310           4678.13        4839.48
2311           4678.13        4839.48
2312           4678.13        4839.48
2313           4678.13        4839.48
2314           4678.13        4839.48
2315           4678.13        4839.48
2316           4678.13        4839.48
2317           4678.13        4839.48
2318           4678.13        4839.48
2319           4678.13        4839.48
2320           4678.13        4839.48
2321           4678.13        4839.48
2322           4678.13        4839.48
2323           4678.13        4839.48
2324           4678.13        4839.48
2325           4678.13        4839.48
2326           4678.13        4839.48
2327           4678.13        4839.48
2328           4678.13        4839.48
2329           4678.13        4839.48
2330           4678.13        4839.48
2331           4678.13        4839.48
2332           4678.13        4839.48
2333           4678.13        4839.48
2334           4678.13        4839.48
2335           4678.13        4839.48
2336           4678.13        4839.48
2337           4678.13        4839.48
2338           4678.13        4839.48
2339           4678.13        4839.48
2340           4678.13        4839.48
2341           4678.13        4839.48
2342           4678.13        4839.48
2343           4678.13        4839.48
2344           4678.13        4839.48
2345           4678.13        4839.48
2346           4678.13        4839.48
2347           4678.13        4839.48
2348           4678.13        4839.48
2349           4678.13        4839.48
2350           4678.13        4839.48
2351           4678.13        4839.48
2352           4678.13        4839.48
2353           4678.13        4839.48
2354           4678.13        4839.48
2355           4678.13        4839.48
2356           4678.13        4839.48
2357           4678.13        4839.48
2358           4678.13        4839.48
2359           4678.13        4839.48
2360           4678.13        4839.48
2361           4678.13        4839.48
2362           4678.13        4839.48
2363           4678.13        4839.48
2364           4678.13        4839.48
2365           4678.13        4839.48
2366           4678.13        4839.48
2367           4678.13        4839.48
2368           4678.13        4839.48
2369           4678.13        4839.48
2370           4678.13        4839.48
2371           4678.13        4839.48
2372           4678.13        4839.48
2373           4678.13        4839.48
2374           4678.13        4839.48
2375           4678.13        4839.48
2376           4678.13        4839.48
2377           4678.13        4839.48
2378           4678.13        4839.48
2379           4678.13        4839.48
2380           4678.13        4839.48
2381           4678.13        4839.48
2382           4678.13        4839.48
2383           4678.13        4839.48
2384           4678.13        4839.48
2385           4678.13        4839.48
2386           4678.13        4839.48
2387           4678.13        4839.48
2388           4678.13        4839.48
2389           4678.13        4839.48
2390           4678.13        4839.48
2391           4678.13        4839.48
2392           4678.13        4839.48
2393           4678.13        4839.48
2394           4678.13        4839.48
2395           4678.13        4839.48
2396           4678.13        4839.48
2397           4678.13        4839.48
2398           4678.13        4839.48
2399           4678.13        4839.48
2400           4678.13        4839.48
2401           4678.13        4839.48
2402           4678.13        4839.48
2403           4678.13        4839.48
2404           4678.13        4839.48
2405           4678.13        4839.48
2406           4678.13        4839.48
2407           4678.13        4839.48
2408           4678.13        4839.48
2409           4678.13        4839.48
2410           4678.13        4839.48
2411           4678.13        4839.48
2412           4678.13        4839.48
2413           4678.13        4839.48
2414           4678.13        4839.48
2415           4678.13        4839.48
2416           4678.13        4839.48
2417           4678.13        4839.48
2418           4678.13        4839.48
2419           4678.13        4839.48
2420           4678.13        4839.48
2421           4678.13        4839.48
2422           4678.13        4839.48
2423           4678.13        4839.48
2424           4678.13        4839.48
2425           4678.13        4839.48
2426           4678.13        4839.48
2427           4678.13        4839.48
2428           4678.13        4839.48
2429           4678.13        4839.48
2430           4678.13        4839.48
2431           4678.13        4839.48
2432           4678.13        4839.48
2433           4678.13        4839.48
2434           4678.13        4839.48
2435           4678.13        4839.48
2436           4678.13        4839.48
2437           4678.13        4839.48
2438           4678.13        4839.48
2439           4678.13        4839.48
2440           4678.13        4839.48
2441           4678.13        4839.48
2442           4678.12        4839.48
2443           4678.12        4839.48
2444           4678.12        4839.48
2445           4678.12        4839.48
2446           4678.12        4839.48
2447           4678.12        4839.48
2448           4678.12        4839.48
2449           4678.12        4839.48
2450           4678.12        4839.48
2451           4678.12        4839.48
2452           4678.12        4839.48
2453           4678.12        4839.48
2454           4678.12        4839.48
2455           4678.12        4839.48
2456           4678.12        4839.48
2457           4678.12        4839.48
2458           4678.12        4839.48
2459           4678.12        4839.48
2460           4678.12        4839.48
2461           4678.12        4839.48
2462           4678.12        4839.48
2463           4678.12        4839.48
2464           4678.12        4839.48
2465           4678.12        4839.48
2466           4678.12        4839.48
2467           4678.12        4839.48
2468           4678.12        4839.48
2469           4678.12        4839.47
2470           4678.12        4839.47
2471           4678.12        4839.47
2472           4678.12        4839.47
2473           4678.12        4839.47
2474           4678.12        4839.47
2475           4678.12        4839.47
2476           4678.12        4839.47
2477           4678.12        4839.47
2478           4678.12        4839.47
2479           4678.12        4839.47
2480           4678.12        4839.47
2481           4678.12        4839.47
2482           4678.12        4839.47
2483           4678.12        4839.47
2484           4678.12        4839.47
2485           4678.12        4839.47
2486           4678.12        4839.47
2487           4678.12        4839.47
2488           4678.12        4839.47
2489           4678.12        4839.47
2490           4678.12        4839.47
2491           4678.12        4839.47
2492           4678.12        4839.47
2493           4678.12        4839.47
2494           4678.12        4839.47
2495           4678.12        4839.47
2496           4678.12        4839.47
2497           4678.12        4839.47
2498           4678.12        4839.47
2499           4678.12        4839.47
2500           4678.12        4839.47
