#ITER       #BEST_FO       #MEDIA_FO
1                 0        93592.2
2                 0        28639.1
3                 0        19284.7
4                 0        13550.1
5                 0        11667.5
6                 0        10745.8
7                 0        10323.1
8                 0        7416.49
9                 0        7309.55
10                 0        7307.42
11                 0        7135.72
12                 0        7055.52
13                 0        6973.85
14                 0        6679.04
15                 0        6452.04
16                 0        6392.73
17                 0        6275.06
18                 0        6272.71
19                 0        6272.66
20                 0        6107.95
21                 0        5920.41
22                 0        5916.66
23                 0        5916.59
24                 0        5916.59
25                 0        5916.59
26                 0        5916.59
27                 0        5874.75
28                 0        5873.92
29                 0         5873.9
30                 0         5842.3
31                 0        5841.67
32                 0        5822.76
33                 0        5821.28
34                 0        5821.25
35                 0        5791.45
36                 0        5727.56
37                 0        5704.16
38                 0         5703.7
39                 0        5703.69
40                 0        5703.69
41                 0        5630.77
42                 0        5629.32
43                 0        5612.18
44                 0        5611.84
45                 0        5611.83
46                 0        5611.83
47                 0         5599.3
48                 0        5522.71
49                 0        5521.18
50                 0        5498.42
51                 0        5483.98
52                 0        5483.69
53                 0        5451.41
54                 0        5450.77
55                 0        5450.76
56                 0        5450.76
57                 0        5450.76
58                 0        5450.76
59                 0        5450.76
60                 0        5365.55
61                 0        5355.53
62                 0        5313.72
63                 0        5312.89
64                 0        5312.87
65                 0        5312.87
66                 0        5312.87
67                 0        5285.67
68                 0        5285.13
69                 0        5285.11
70                 0        5285.11
71                 0        5220.71
72                 0        5219.43
73                 0         5215.5
74                 0        5215.43
75                 0        5215.42
76                 0        5215.42
77                 0        5194.69
78                 0        5194.28
79                 0        5194.27
80                 0        5194.27
81                 0        5194.27
82                 0        5194.27
83                 0        5194.27
84                 0        5194.27
85                 0        5194.27
86                 0        5194.27
87                 0        5194.27
88                 0        5178.41
89                 0         5178.1
90                 0        5178.09
91                 0        5070.59
92                 0        5068.44
93                 0        5068.39
94                 0        5068.39
95                 0        5068.39
96                 0        5068.39
97                 0        5068.39
98                 0        5068.39
99                 0        5047.93
100                 0        5047.52
101                 0        5047.51
102                 0        5047.51
103                 0        5047.51
104                 0        5047.51
105                 0        5047.51
106                 0        5047.51
107                 0        5047.51
108                 0        5047.51
109                 0        5047.51
110                 0        5040.52
111                 0           5032
112                 0        5031.83
113                 0        5031.83
114                 0        5031.83
115                 0        5031.83
116                 0        5031.83
117                 0        5031.83
118                 0        5031.83
119                 0        5031.83
120                 0        5031.06
121                 0        5031.05
122                 0        5031.05
123                 0        5031.05
124                 0        5031.05
125                 0        5031.05
126                 0        5031.05
127                 0        5031.05
128                 0        5031.05
129                 0        5031.05
130                 0        5031.05
131                 0        5017.78
132                 0        5017.51
133                 0        5017.51
134                 0        5017.51
135                 0        5017.51
136                 0        5017.51
137                 0        5017.51
138                 0        5017.51
139                 0        5006.78
140                 0        4986.88
141                 0        4986.48
142                 0        4986.48
143                 0        4941.23
144                 0        4940.32
145                 0         4940.3
146                 0         4940.3
147                 0         4940.3
148                 0         4940.3
149                 0        4909.98
150                 0        4909.38
151                 0        4909.37
152                 0        4909.37
153                 0        4909.37
154                 0        4909.37
155                 0        4909.37
156                 0        4909.37
157                 0        4909.37
158                 0        4909.37
159                 0        4909.37
160                 0        4909.37
161                 0        4909.37
162                 0        4909.37
163                 0        4909.37
164                 0        4909.37
165                 0        4909.37
166                 0        4909.37
167                 0        4909.37
168                 0        4909.37
169                 0        4909.37
170                 0        4909.37
171                 0        4909.37
172                 0        4904.32
173                 0        4904.22
174                 0        4904.21
175                 0        4901.67
176                 0        4901.62
177                 0        4901.62
178                 0        4901.62
179                 0        4901.62
180                 0        4901.62
181                 0        4901.62
182                 0        4901.62
183                 0        4901.62
184                 0        4901.41
185                 0        4890.77
186                 0        4890.56
187                 0        4890.55
188                 0        4890.55
189                 0        4890.55
190                 0        4890.55
191                 0        4890.55
192                 0        4890.55
193                 0        4890.55
194                 0        4890.55
195                 0        4888.12
196                 0        4888.07
197                 0        4888.07
198                 0        4888.07
199                 0        4888.07
200                 0        4888.07
201                 0        4888.07
202                 0        4888.07
203                 0        4888.07
204                 0        4888.07
205                 0        4888.07
206                 0        4888.07
207                 0        4888.07
208                 0        4888.07
209                 0        4888.07
210                 0        4888.07
211                 0        4888.07
212                 0        4888.07
213                 0        4888.07
214                 0        4888.07
215                 0        4888.07
216                 0        4888.07
217                 0        4888.07
218                 0        4888.07
219                 0        4888.07
220                 0        4888.07
221                 0        4888.07
222                 0        4888.07
223                 0        4888.07
224                 0        4888.07
225                 0        4888.07
226                 0        4888.07
227                 0        4888.07
228                 0        4888.07
229                 0        4888.07
230                 0        4888.07
231                 0        4888.07
232                 0        4888.07
233                 0        4876.65
234                 0        4876.42
235                 0        4876.42
236                 0        4876.42
237                 0        4876.42
238                 0        4876.42
239                 0        4876.42
240                 0        4876.42
241                 0        4876.42
242                 0        4876.42
243                 0        4876.42
244                 0        4876.42
245                 0        4876.42
246                 0        4854.52
247                 0        4854.08
248                 0        4854.07
249                 0        4854.07
250                 0        4854.07
251                 0        4854.07
252                 0        4854.07
253                 0        4854.07
254                 0        4854.07
255                 0        4854.07
256                 0        4854.07
257                 0        4854.07
258                 0        4854.07
259                 0        4854.07
260                 0        4854.07
261                 0        4854.07
262                 0        4854.07
263                 0        4854.07
264                 0        4854.07
265                 0        4854.07
266                 0        4846.48
267                 0        4837.87
268                 0         4837.7
269                 0         4837.7
270                 0         4837.7
271                 0         4837.7
272                 0         4837.7
273                 0        4827.53
274                 0        4808.36
275                 0        4807.98
276                 0        4807.97
277                 0         4806.1
278                 0        4806.06
279                 0        4806.06
280                 0        4806.06
281                 0        4806.06
282                 0        4806.06
283                 0        4806.06
284                 0        4806.06
285                 0        4806.06
286                 0        4806.06
287                 0        4795.82
288                 0        4795.62
289                 0        4795.62
290                 0        4795.62
291                 0        4795.62
292                 0        4795.62
293                 0        4795.62
294                 0        4795.62
295                 0        4795.62
296                 0        4795.62
297                 0        4795.07
298                 0        4795.06
299                 0        4794.14
300                 0        4794.13
301                 0        4794.13
302                 0        4794.13
303                 0        4794.13
304                 0        4794.13
305                 0        4794.13
306                 0        4794.13
307                 0        4794.13
308                 0        4794.13
309                 0        4794.13
310                 0        4794.13
311                 0        4794.13
312                 0        4794.13
313                 0        4794.13
314                 0        4794.13
315                 0        4794.13
316                 0        4794.13
317                 0        4794.13
318                 0        4794.13
319                 0        4794.13
320                 0        4794.13
321                 0        4794.13
322                 0        4794.13
323                 0        4794.13
324                 0        4794.13
325                 0        4794.13
326                 0        4794.13
327                 0        4794.13
328                 0           4780
329                 0        4779.72
330                 0        4779.71
331                 0        4779.71
332                 0        4779.71
333                 0        4778.13
334                 0         4778.1
335                 0         4778.1
336                 0         4778.1
337                 0         4778.1
338                 0         4778.1
339                 0         4778.1
340                 0         4778.1
341                 0         4778.1
342                 0         4778.1
343                 0         4778.1
344                 0         4778.1
345                 0         4778.1
346                 0         4778.1
347                 0         4778.1
348                 0         4778.1
349                 0        4776.34
350                 0        4776.31
351                 0        4776.31
352                 0        4776.31
353                 0        4776.31
354                 0        4776.31
355                 0        4776.31
356                 0        4776.31
357                 0        4776.31
358                 0        4776.31
359                 0        4776.31
360                 0        4776.31
361                 0        4776.31
362                 0        4776.31
363                 0        4776.31
364                 0        4776.31
365                 0        4776.31
366                 0        4776.31
367                 0        4776.31
368                 0        4776.31
369                 0        4776.31
370                 0        4776.31
371                 0        4776.31
372                 0        4776.31
373                 0        4776.31
374                 0        4776.31
375                 0        4776.31
376                 0        4776.31
377                 0        4776.31
378                 0        4776.31
379                 0        4776.31
380                 0        4776.31
381                 0        4776.31
382                 0        4776.31
383                 0        4776.31
384                 0        4776.31
385                 0        4776.31
386                 0        4776.31
387                 0        4776.31
388                 0        4776.31
389                 0        4776.31
390                 0        4776.31
391                 0        4776.31
392                 0        4776.31
393                 0        4776.31
394                 0        4776.31
395                 0        4776.31
396                 0        4776.31
397                 0        4776.31
398                 0        4776.31
399                 0        4776.31
400                 0        4770.59
401                 0        4770.48
402                 0        4770.48
403                 0        4770.48
404                 0        4770.48
405                 0        4770.48
406                 0        4770.48
407                 0        4770.48
408                 0        4770.48
409                 0        4770.48
410                 0        4770.48
411                 0        4770.48
412                 0        4770.48
413                 0        4770.48
414                 0        4770.48
415                 0        4770.48
416                 0        4770.48
417                 0        4770.48
418                 0        4770.48
419                 0        4766.77
420                 0         4766.7
421                 0         4766.7
422                 0         4766.7
423                 0         4766.7
424                 0         4766.7
425                 0         4766.7
426                 0         4766.7
427                 0         4766.7
428                 0         4766.7
429                 0         4766.7
430                 0         4766.7
431                 0         4766.7
432                 0         4766.7
433                 0         4766.7
434                 0         4766.7
435                 0         4766.7
436                 0         4766.7
437                 0         4766.7
438                 0        4766.35
439                 0        4766.34
440                 0        4766.34
441                 0        4766.34
442                 0        4766.34
443                 0        4766.34
444                 0        4766.34
445                 0        4766.34
446                 0        4766.34
447                 0        4766.34
448                 0        4766.34
449                 0        4766.34
450                 0        4766.34
451                 0        4766.34
452                 0        4766.34
453                 0        4766.34
454                 0        4766.34
455                 0        4766.34
456                 0        4766.34
457                 0        4766.34
458                 0        4766.34
459                 0        4766.34
460                 0        4766.34
461                 0        4766.34
462                 0        4766.34
463                 0        4766.34
464                 0        4766.34
465                 0        4766.34
466                 0        4766.34
467                 0        4766.34
468                 0        4764.93
469                 0         4764.9
470                 0         4764.9
471                 0         4764.9
472                 0         4764.9
473                 0         4764.9
474                 0         4764.9
475                 0         4764.9
476                 0         4764.9
477                 0         4764.9
478                 0         4764.9
479                 0        4762.34
480                 0        4762.29
481                 0        4762.29
482                 0        4762.29
483                 0        4762.29
484                 0        4762.29
485                 0        4759.32
486                 0        4759.26
487                 0        4759.26
488                 0        4759.26
489                 0        4759.26
490                 0        4759.26
491                 0        4759.26
492                 0        4759.26
493                 0        4759.26
494                 0        4759.26
495                 0        4759.26
496                 0        4759.26
497                 0        4759.26
498                 0        4755.15
499                 0        4755.07
500                 0        4755.07
501                 0        4755.07
502                 0        4755.07
503                 0        4752.68
504                 0        4752.63
505                 0        4752.63
506                 0        4752.63
507                 0        4752.63
508                 0        4751.61
509                 0        4751.59
510                 0        4751.59
511                 0        4751.59
512                 0        4751.59
513                 0        4751.59
514                 0        4751.59
515                 0        4751.59
516                 0        4751.59
517                 0        4751.59
518                 0        4751.59
519                 0        4751.59
520                 0        4751.59
521                 0        4751.59
522                 0        4751.59
523                 0        4751.59
524                 0        4751.59
525                 0        4751.59
526                 0        4751.59
527                 0        4751.59
528                 0        4751.59
529                 0        4751.59
530                 0        4751.59
531                 0        4750.64
532                 0        4750.63
533                 0        4750.63
534                 0        4750.63
535                 0        4750.63
536                 0        4750.63
537                 0        4750.63
538                 0        4750.63
539                 0        4750.63
540                 0        4750.63
541                 0        4750.63
542                 0        4750.63
543                 0        4750.63
544                 0        4750.63
545                 0        4750.63
546                 0        4750.63
547                 0        4750.63
548                 0        4750.63
549                 0        4750.63
550                 0        4750.63
551                 0        4750.63
552                 0        4750.63
553                 0        4750.63
554                 0        4750.63
555                 0        4750.63
556                 0        4750.63
557                 0        4750.63
558                 0        4750.63
559                 0        4750.63
560                 0        4750.63
561                 0        4750.63
562                 0        4750.63
563                 0        4750.63
564                 0        4750.63
565                 0        4750.63
566                 0        4750.63
567                 0        4750.63
568                 0        4750.63
569                 0        4750.63
570                 0        4750.63
571                 0        4750.63
572                 0        4750.63
573                 0        4750.63
574                 0        4750.63
575                 0        4750.63
576                 0        4750.63
577                 0        4750.63
578                 0        4750.63
579                 0        4750.63
580                 0        4750.63
581                 0        4750.63
582                 0        4750.63
583                 0        4750.63
584                 0        4747.75
585                 0         4747.7
586                 0         4747.7
587                 0         4747.7
588                 0         4747.7
589                 0         4747.7
590                 0         4747.7
591                 0         4747.7
592                 0         4747.7
593                 0         4747.7
594                 0        4744.87
595                 0        4744.81
596                 0        4743.48
597                 0        4743.46
598                 0        4743.46
599                 0        4743.46
600                 0        4743.46
601                 0        4743.46
602                 0        4741.64
603                 0         4741.6
604                 0         4741.6
605                 0         4741.6
606                 0         4741.6
607                 0         4741.6
608                 0         4741.6
609                 0         4741.6
610                 0         4741.6
611                 0         4741.6
612                 0         4741.6
613                 0         4741.6
614                 0         4741.6
615                 0         4741.6
616                 0         4741.6
617                 0         4741.6
618                 0         4741.6
619                 0         4741.6
620                 0         4741.6
621                 0         4741.6
622                 0         4741.6
623                 0         4741.6
624                 0         4741.6
625                 0         4741.6
626                 0         4741.6
627                 0         4741.6
628                 0         4741.6
629                 0         4741.6
630                 0         4741.6
631                 0         4741.6
632                 0         4741.6
633                 0         4741.6
634                 0         4741.6
635                 0         4741.6
636                 0         4741.6
637                 0         4741.6
638                 0         4741.6
639                 0         4741.6
640                 0         4741.6
641                 0         4741.6
642                 0         4741.6
643                 0         4741.6
644                 0         4741.6
645                 0         4741.6
646                 0         4741.6
647                 0         4741.6
648                 0         4741.6
649                 0         4741.6
650                 0         4741.6
651                 0         4741.6
652                 0         4741.6
653                 0         4741.6
654                 0         4741.6
655                 0         4741.6
656                 0         4741.6
657                 0         4741.6
658                 0         4741.6
659                 0         4741.6
660                 0         4741.6
661                 0         4741.6
662                 0         4741.6
663                 0         4741.6
664                 0         4741.6
665                 0         4741.6
666                 0         4741.6
667                 0         4741.6
668                 0         4741.6
669                 0         4741.6
670                 0         4741.6
671                 0         4741.6
672                 0         4741.6
673                 0         4741.6
674                 0         4741.6
675                 0         4741.6
676                 0         4741.6
677                 0         4741.6
678                 0         4741.6
679                 0         4741.6
680                 0        4733.82
681                 0        4732.92
682                 0         4732.9
683                 0         4732.9
684                 0         4732.9
685                 0         4732.9
686                 0         4732.9
687                 0         4732.9
688                 0         4732.9
689                 0         4732.9
690                 0         4732.9
691                 0         4732.9
692                 0        4726.05
693                 0        4725.92
694                 0        4725.91
695                 0        4725.91
696                 0        4725.91
697                 0        4725.91
698                 0        4725.91
699                 0        4725.91
700                 0        4725.91
701                 0        4725.91
702                 0        4725.91
703                 0        4725.91
704                 0        4725.91
705                 0        4725.91
706                 0        4725.91
707                 0        4725.91
708                 0        4725.91
709                 0        4725.91
710                 0        4725.91
711                 0        4725.91
712                 0        4725.91
713                 0        4725.91
714                 0        4725.91
715                 0        4725.91
716                 0        4725.91
717                 0        4725.91
718                 0        4725.91
719                 0        4725.91
720                 0        4725.91
721                 0        4725.91
722                 0         4723.8
723                 0        4723.76
724                 0        4723.75
725                 0        4723.75
726                 0        4723.75
727                 0        4723.75
728                 0        4723.75
729                 0        4723.75
730                 0        4723.75
731                 0        4723.75
732                 0        4723.75
733                 0        4723.75
734                 0        4723.75
735                 0        4723.75
736                 0        4723.75
737                 0        4723.75
738                 0        4723.75
739                 0        4723.75
740                 0        4723.75
741                 0        4723.75
742                 0         4719.7
743                 0        4719.62
744                 0        4719.61
745                 0        4719.61
746                 0        4719.61
747                 0        4719.61
748                 0        4719.61
749                 0        4719.61
750                 0        4719.61
751                 0        4719.61
752                 0        4719.61
753                 0        4719.61
754                 0        4719.61
755                 0        4719.61
756                 0        4719.61
757                 0        4719.61
758                 0        4719.61
759                 0        4719.61
760                 0        4719.61
761                 0        4719.61
762                 0        4719.61
763                 0        4719.61
764                 0        4719.61
765                 0        4719.61
766                 0        4719.61
767                 0        4719.61
768                 0        4719.61
769                 0        4719.61
770                 0        4719.61
771                 0        4719.61
772                 0        4719.61
773                 0        4719.61
774                 0        4719.61
775                 0        4719.61
776                 0        4719.61
777                 0        4719.61
778                 0        4719.61
779                 0        4719.61
780                 0        4719.61
781                 0        4719.61
782                 0        4719.61
783                 0        4719.61
784                 0        4719.61
785                 0        4719.61
786                 0        4719.61
787                 0        4719.61
788                 0        4719.61
789                 0        4719.61
790                 0        4719.61
791                 0        4719.61
792                 0        4719.61
793                 0        4719.61
794                 0        4719.61
795                 0        4719.61
796                 0        4719.61
797                 0        4719.61
798                 0        4719.61
799                 0        4719.61
800                 0        4719.61
801                 0        4719.61
802                 0        4719.61
803                 0        4719.61
804                 0        4719.61
805                 0        4719.61
806                 0        4719.61
807                 0        4719.61
808                 0        4719.61
809                 0        4719.61
810                 0        4719.61
811                 0        4719.61
812                 0        4719.61
813                 0        4719.61
814                 0        4719.61
815                 0        4719.61
816                 0        4718.49
817                 0        4718.47
818                 0        4718.47
819                 0        4718.47
820                 0        4718.47
821                 0        4718.47
822                 0        4718.47
823                 0        4718.47
824                 0        4718.47
825                 0        4718.47
826                 0        4718.47
827                 0        4718.47
828                 0        4718.47
829                 0        4712.81
830                 0        4712.69
831                 0        4712.69
832                 0        4712.69
833                 0        4712.69
834                 0        4712.69
835                 0        4712.69
836                 0        4712.69
837                 0        4712.69
838                 0        4712.69
839                 0        4712.69
840                 0        4712.69
841                 0        4712.69
842                 0        4712.69
843                 0        4712.69
844                 0        4712.69
845                 0        4712.69
846                 0        4712.69
847                 0        4712.69
848                 0        4712.69
849                 0        4712.69
850                 0        4712.69
851                 0        4712.69
852                 0        4712.69
853                 0        4712.69
854                 0        4712.69
855                 0        4712.69
856                 0        4712.69
857                 0        4712.69
858                 0        4712.69
859                 0        4712.69
860                 0        4712.69
861                 0        4712.69
862                 0        4712.69
863                 0        4712.69
864                 0        4712.69
865                 0        4712.69
866                 0        4712.69
867                 0        4712.69
868                 0        4712.69
869                 0        4712.69
870                 0        4712.69
871                 0        4712.69
872                 0        4712.69
873                 0        4712.69
874                 0        4712.69
875                 0        4712.69
876                 0        4712.69
877                 0        4712.69
878                 0        4712.69
879                 0        4712.69
880                 0        4712.69
881                 0        4712.69
882                 0        4712.69
883                 0        4712.69
884                 0        4712.69
885                 0        4712.69
886                 0        4712.69
887                 0        4712.69
888                 0        4712.69
889                 0        4712.69
890                 0        4712.69
891                 0        4712.69
892                 0        4712.69
893                 0        4712.69
894                 0        4712.69
895                 0        4712.69
896                 0        4712.69
897                 0        4712.69
898                 0        4712.69
899                 0        4712.69
900                 0        4712.69
901                 0        4712.69
902                 0        4712.69
903                 0        4712.69
904                 0        4712.69
905                 0        4712.69
906                 0        4712.69
907                 0        4712.69
908                 0        4712.69
909                 0        4712.69
910                 0        4712.69
911                 0        4712.69
912                 0        4712.69
913                 0        4712.69
914                 0        4712.69
915                 0        4707.82
916                 0        4707.72
917                 0        4707.72
918                 0        4707.72
919                 0        4707.72
920                 0        4707.72
921                 0        4707.72
922                 0        4707.72
923                 0        4707.72
924                 0        4707.72
925                 0        4707.72
926                 0        4707.72
927                 0        4707.72
928                 0        4707.26
929                 0        4707.26
930                 0        4707.25
931                 0        4707.25
932                 0        4707.25
933                 0        4707.25
934                 0        4707.25
935                 0        4707.25
936                 0        4707.25
937                 0        4707.25
938                 0        4707.25
939                 0        4707.25
940                 0        4707.25
941                 0        4707.25
942                 0        4707.25
943                 0        4707.25
944                 0        4707.25
945                 0        4707.25
946                 0        4707.25
947                 0        4707.25
948                 0        4707.25
949                 0        4707.25
950                 0        4707.25
951                 0        4707.25
952                 0        4707.25
953                 0        4707.25
954                 0        4707.25
955                 0        4707.25
956                 0        4707.25
957                 0        4707.25
958                 0        4707.25
959                 0        4707.25
960                 0        4707.25
961                 0        4707.25
962                 0        4707.25
963                 0        4707.25
964                 0        4707.25
965                 0        4706.43
966                 0        4706.42
967                 0        4706.42
968                 0        4706.42
969                 0        4706.42
970                 0        4706.42
971                 0        4706.42
972                 0        4706.42
973                 0        4706.42
974                 0        4706.42
975                 0        4706.42
976                 0        4706.42
977                 0        4706.42
978                 0        4706.42
979                 0        4706.42
980                 0        4706.42
981                 0        4706.42
982                 0        4706.42
983                 0        4706.42
984                 0        4706.42
985                 0        4706.42
986                 0        4706.42
987                 0        4706.42
988                 0        4706.42
989                 0        4706.42
990                 0        4706.42
991                 0        4706.42
992                 0        4706.42
993                 0        4706.42
994                 0        4706.42
995                 0        4706.42
996                 0        4706.42
997                 0        4706.42
998                 0        4706.42
999                 0        4706.42
1000                 0        4706.42
1001                 0        4706.42
1002                 0        4706.42
1003                 0        4706.42
1004                 0        4706.42
1005                 0        4706.42
1006                 0        4706.42
1007                 0        4706.42
1008                 0        4706.42
1009                 0        4706.42
1010                 0        4706.42
1011                 0        4705.39
1012                 0        4705.37
1013                 0        4705.37
1014                 0        4705.37
1015                 0        4705.37
1016                 0        4705.37
1017                 0        4705.37
1018                 0        4705.37
1019                 0        4705.37
1020                 0        4705.37
1021                 0        4705.37
1022                 0        4705.37
1023                 0        4705.37
1024                 0        4705.37
1025                 0        4705.37
1026                 0        4705.37
1027                 0        4705.37
1028                 0        4705.37
1029                 0        4705.37
1030                 0        4705.37
1031                 0        4705.37
1032                 0        4705.37
1033                 0        4705.37
1034                 0        4705.37
1035                 0        4705.37
1036                 0        4705.37
1037                 0        4705.37
1038                 0        4705.37
1039                 0        4705.37
1040                 0        4705.37
1041                 0        4705.37
1042                 0        4705.37
1043                 0        4705.37
1044                 0        4705.37
1045                 0        4705.37
1046                 0        4705.37
1047                 0        4705.37
1048                 0        4705.37
1049                 0        4705.37
1050                 0        4705.37
1051                 0        4705.37
1052                 0        4705.37
1053                 0        4705.37
1054                 0        4705.37
1055                 0        4705.37
1056                 0        4705.37
1057                 0        4705.37
1058                 0        4705.37
1059                 0        4705.37
1060                 0        4705.37
1061                 0        4705.37
1062                 0        4705.37
1063                 0        4705.37
1064                 0        4705.37
1065                 0        4705.37
1066                 0        4705.37
1067                 0        4705.37
1068                 0        4705.37
1069                 0        4705.37
1070                 0        4705.37
1071                 0        4705.37
1072                 0        4705.37
1073                 0        4705.37
1074                 0        4705.37
1075                 0        4705.37
1076                 0        4705.37
1077                 0        4705.37
1078                 0        4705.37
1079                 0        4705.37
1080                 0        4705.37
1081                 0        4705.37
1082                 0        4705.37
1083                 0        4705.37
1084                 0        4705.37
1085                 0        4705.37
1086                 0        4705.37
1087                 0        4705.37
1088                 0        4705.37
1089                 0        4705.37
1090                 0        4705.37
1091                 0        4705.37
1092                 0        4705.37
1093                 0        4705.37
1094                 0        4705.37
1095                 0        4705.37
1096                 0        4705.37
1097                 0        4705.37
1098                 0        4705.37
1099                 0        4705.37
1100                 0        4705.37
1101                 0        4705.37
1102                 0        4705.37
1103                 0        4705.37
1104                 0        4705.37
1105                 0        4705.37
1106                 0        4705.37
1107                 0        4705.37
1108                 0        4705.37
1109                 0        4705.37
1110                 0        4705.37
1111                 0        4705.37
1112                 0        4705.37
1113                 0        4705.37
1114                 0        4705.37
1115                 0        4705.37
1116                 0        4705.37
1117                 0        4705.37
1118                 0        4705.37
1119                 0        4705.37
1120                 0        4705.37
1121                 0        4705.37
1122                 0        4705.37
1123                 0        4705.37
1124                 0        4705.37
1125                 0        4705.37
1126                 0        4705.37
1127                 0        4705.37
1128                 0        4705.37
1129                 0        4705.37
1130                 0        4705.37
1131                 0        4705.37
1132                 0        4705.37
1133                 0        4705.37
1134                 0        4705.37
1135                 0        4705.37
1136                 0        4705.37
1137                 0        4705.37
1138                 0        4705.37
1139                 0        4705.37
1140                 0        4705.37
1141                 0        4705.37
1142                 0        4705.37
1143                 0        4705.37
1144                 0        4705.37
1145                 0        4705.37
1146                 0        4705.37
1147                 0        4705.37
1148                 0        4705.37
1149                 0        4705.37
1150                 0        4705.37
1151                 0        4705.37
1152                 0        4705.37
1153                 0        4705.37
1154                 0        4705.37
1155                 0        4705.37
1156                 0        4705.37
1157                 0        4705.37
1158                 0        4705.37
1159                 0        4705.37
1160                 0        4705.37
1161                 0        4705.37
1162                 0        4705.37
1163                 0        4705.37
1164                 0        4705.37
1165                 0        4705.37
1166                 0        4705.37
1167                 0        4705.37
1168                 0        4705.37
1169                 0        4705.37
1170                 0        4705.37
1171                 0        4705.37
1172                 0        4705.37
1173                 0        4705.37
1174                 0        4705.37
1175                 0        4705.37
1176                 0        4705.37
1177                 0        4705.37
1178                 0        4705.37
1179                 0        4705.37
1180                 0        4705.37
1181                 0        4705.37
1182                 0        4705.37
1183                 0        4705.37
1184                 0        4705.37
1185                 0        4705.37
1186                 0        4705.37
1187                 0        4705.37
1188                 0        4705.37
1189                 0        4705.37
1190                 0        4705.37
1191                 0        4705.37
1192                 0        4705.37
1193                 0        4705.37
1194                 0        4705.37
1195                 0        4705.37
1196                 0        4705.37
1197                 0        4705.37
1198                 0        4705.37
1199                 0        4705.37
1200                 0        4705.37
1201                 0        4705.37
1202                 0        4705.37
1203                 0        4705.37
1204                 0        4705.37
1205                 0        4705.37
1206                 0        4705.37
1207                 0        4705.37
1208                 0        4705.37
1209                 0        4705.37
1210                 0        4705.37
1211                 0        4705.37
1212                 0        4705.37
1213                 0        4705.37
1214                 0        4705.37
1215                 0        4705.37
1216                 0        4705.37
1217                 0        4705.37
1218                 0        4705.37
1219                 0        4705.37
1220                 0        4705.37
1221                 0        4705.37
1222                 0        4705.37
1223                 0        4705.37
1224                 0        4705.37
1225                 0        4705.37
1226                 0        4705.37
1227                 0        4705.37
1228                 0        4705.37
1229                 0        4705.37
1230                 0        4705.37
1231                 0        4705.37
1232                 0        4705.37
1233                 0        4705.37
1234                 0        4705.37
1235                 0        4705.37
1236                 0        4705.37
1237                 0        4705.37
1238                 0        4705.37
1239                 0        4705.37
1240                 0        4705.37
1241                 0        4705.37
1242                 0        4705.37
1243                 0        4705.37
1244                 0        4705.37
1245                 0        4705.37
1246                 0        4705.37
1247                 0        4705.37
1248                 0        4705.37
1249                 0        4705.37
1250                 0        4705.37
1251                 0        4705.37
1252                 0        4705.37
1253                 0        4705.37
1254                 0        4705.37
1255                 0        4705.37
1256                 0        4705.37
1257                 0        4705.37
1258                 0        4705.37
1259                 0        4704.66
1260                 0        4704.64
1261                 0        4704.64
1262                 0        4704.64
1263                 0        4704.64
1264                 0        4704.64
1265                 0        4704.64
1266                 0        4704.64
1267                 0        4704.64
1268                 0        4704.64
1269                 0        4704.64
1270                 0        4704.64
1271                 0        4704.64
1272                 0        4704.64
1273                 0        4704.64
1274                 0        4704.64
1275                 0        4704.64
1276                 0        4704.64
1277                 0        4704.64
1278                 0        4704.64
1279                 0        4704.64
1280                 0        4704.64
1281                 0        4704.64
1282                 0        4704.64
1283                 0        4704.64
1284                 0        4704.64
1285                 0        4704.22
1286                 0        4704.22
1287                 0        4704.22
1288                 0        4704.22
1289                 0        4704.22
1290                 0        4704.22
1291                 0        4704.22
1292                 0        4704.22
1293                 0        4704.22
1294                 0        4704.22
1295                 0        4704.22
1296                 0        4704.22
1297                 0        4704.22
1298                 0        4704.22
1299                 0        4704.22
1300                 0        4704.22
1301                 0        4704.22
1302                 0        4704.22
1303                 0        4704.22
1304                 0        4704.22
1305                 0        4704.22
1306                 0        4704.22
1307                 0        4704.22
1308                 0        4704.22
1309                 0        4704.22
1310                 0        4704.22
1311                 0        4704.22
1312                 0        4702.87
1313                 0        4702.84
1314                 0        4702.84
1315                 0        4702.84
1316                 0        4702.84
1317                 0        4702.84
1318                 0        4702.84
1319                 0        4702.84
1320                 0        4702.84
1321                 0        4702.84
1322                 0        4702.84
1323                 0        4702.84
1324                 0        4702.84
1325                 0        4702.84
1326                 0        4702.84
1327                 0        4702.84
1328                 0        4702.83
1329                 0        4702.83
1330                 0        4702.83
1331                 0        4702.83
1332                 0        4702.83
1333                 0        4702.83
1334                 0        4702.83
1335                 0        4702.83
1336                 0        4701.46
1337                 0        4701.43
1338                 0        4701.43
1339                 0        4701.43
1340                 0        4701.43
1341                 0        4701.43
1342                 0        4701.43
1343                 0        4701.43
1344                 0        4701.43
1345                 0        4701.43
1346                 0        4701.43
1347                 0        4701.43
1348                 0        4701.43
1349                 0        4701.43
1350                 0        4701.43
1351                 0        4701.43
1352                 0        4701.43
1353                 0        4701.43
1354                 0        4701.43
1355                 0        4701.43
1356                 0        4701.43
1357                 0        4701.43
1358                 0        4701.43
1359                 0        4701.43
1360                 0        4701.43
1361                 0        4701.43
1362                 0        4701.43
1363                 0        4701.43
1364                 0        4701.43
1365                 0        4701.43
1366                 0        4701.43
1367                 0        4701.43
1368                 0        4701.43
1369                 0        4701.43
1370                 0        4701.43
1371                 0        4701.43
1372                 0        4701.43
1373                 0        4701.43
1374                 0        4701.43
1375                 0        4701.43
1376                 0        4701.43
1377                 0        4701.43
1378                 0        4701.43
1379                 0        4701.43
1380                 0        4701.43
1381                 0        4701.43
1382                 0        4701.43
1383                 0        4701.17
1384                 0        4701.17
1385                 0        4701.17
1386                 0        4701.17
1387                 0        4701.17
1388                 0        4701.17
1389                 0        4701.17
1390                 0        4701.17
1391                 0        4701.17
1392                 0        4701.17
1393                 0        4701.17
1394                 0        4701.17
1395                 0        4701.17
1396                 0        4701.17
1397                 0        4701.17
1398                 0        4701.17
1399                 0        4701.17
1400                 0        4701.17
1401                 0        4701.17
1402                 0        4701.17
1403                 0        4701.17
1404                 0        4701.17
1405                 0        4701.17
1406                 0        4701.17
1407                 0        4701.17
1408                 0        4701.17
1409                 0        4701.17
1410                 0        4701.17
1411                 0        4701.17
1412                 0        4701.17
1413                 0        4701.17
1414                 0        4701.17
1415                 0        4701.17
1416                 0        4701.17
1417                 0        4701.17
1418                 0        4701.17
1419                 0        4701.17
1420                 0        4701.17
1421                 0        4701.17
1422                 0        4701.17
1423                 0        4701.09
1424                 0        4701.09
1425                 0        4701.09
1426                 0        4701.09
1427                 0        4701.09
1428                 0        4701.09
1429                 0        4701.09
1430                 0        4701.09
1431                 0        4701.09
1432                 0        4701.09
1433                 0        4701.09
1434                 0        4701.09
1435                 0        4701.09
1436                 0        4701.09
1437                 0        4701.09
1438                 0        4701.09
1439                 0        4701.09
1440                 0        4701.09
1441                 0        4701.09
1442                 0        4701.09
1443                 0        4701.09
1444                 0        4701.09
1445                 0        4701.09
1446                 0        4701.09
1447                 0        4701.09
1448                 0        4701.09
1449                 0        4701.09
1450                 0        4701.09
1451                 0        4701.09
1452                 0        4701.09
1453                 0        4701.09
1454                 0        4701.09
1455                 0        4701.09
1456                 0        4701.09
1457                 0        4701.09
1458                 0        4701.09
1459                 0        4701.09
1460                 0        4701.09
1461                 0        4701.09
1462                 0        4701.09
1463                 0        4701.09
1464                 0        4701.09
1465                 0        4701.09
1466                 0        4701.09
1467                 0        4701.09
1468                 0        4701.09
1469                 0        4701.09
1470                 0        4701.09
1471                 0        4701.09
1472                 0        4701.09
1473                 0        4701.09
1474                 0        4701.09
1475                 0        4701.09
1476                 0        4701.09
1477                 0        4701.09
1478                 0        4701.09
1479                 0        4701.09
1480                 0        4701.09
1481                 0        4701.09
1482                 0        4701.09
1483                 0        4701.09
1484                 0        4701.09
1485                 0        4701.09
1486                 0        4701.09
1487                 0        4701.09
1488                 0        4701.09
1489                 0        4701.09
1490                 0        4701.09
1491                 0        4701.09
1492                 0        4701.09
1493                 0        4701.09
1494                 0        4701.09
1495                 0        4701.09
1496                 0        4701.09
1497                 0        4701.09
1498                 0        4701.09
1499                 0        4701.09
1500                 0        4701.09
1501                 0        4701.09
1502                 0        4701.09
1503                 0        4701.09
1504                 0        4701.09
1505                 0        4701.09
1506                 0        4701.09
1507                 0        4701.09
1508                 0        4701.09
1509                 0        4700.81
1510                 0         4700.8
1511                 0         4700.8
1512                 0         4700.8
1513                 0         4700.8
1514                 0         4700.8
1515                 0         4700.8
1516                 0         4700.8
1517                 0         4700.8
1518                 0         4700.8
1519                 0         4700.8
1520                 0         4700.8
1521                 0         4700.8
1522                 0         4700.8
1523                 0         4700.8
1524                 0         4700.8
1525                 0         4700.8
1526                 0         4700.8
1527                 0         4700.8
1528                 0         4700.8
1529                 0         4700.8
1530                 0         4700.8
1531                 0         4700.8
1532                 0         4700.8
1533                 0         4700.8
1534                 0         4700.8
1535                 0         4700.8
1536                 0         4700.8
1537                 0         4700.8
1538                 0         4700.8
1539                 0         4700.8
1540                 0         4700.8
1541                 0         4700.8
1542                 0         4700.8
1543                 0         4700.8
1544                 0         4700.8
1545                 0         4700.8
1546                 0         4700.8
1547                 0         4700.8
1548                 0         4700.8
1549                 0         4700.8
1550                 0         4700.8
1551                 0         4700.8
1552                 0         4700.8
1553                 0         4700.8
1554                 0         4700.8
1555                 0         4700.8
1556                 0         4700.8
1557                 0         4700.8
1558                 0         4700.8
1559                 0         4700.8
1560                 0         4700.8
1561                 0         4700.8
1562                 0         4700.8
1563                 0         4700.8
1564                 0         4700.8
1565                 0        4699.97
1566                 0        4699.95
1567                 0        4699.95
1568                 0        4699.95
1569                 0        4699.95
1570                 0        4699.95
1571                 0        4699.95
1572                 0        4699.95
1573                 0        4699.95
1574                 0        4699.95
1575                 0        4699.95
1576                 0        4699.95
1577                 0        4699.95
1578                 0        4699.95
1579                 0        4699.95
1580                 0        4699.95
1581                 0        4699.95
1582                 0        4699.95
1583                 0        4699.95
1584                 0        4699.95
1585                 0        4699.95
1586                 0        4699.95
1587                 0        4699.95
1588                 0        4699.95
1589                 0        4699.95
1590                 0        4699.95
1591                 0        4699.95
1592                 0        4699.95
1593                 0        4699.95
1594                 0        4699.95
1595                 0        4699.95
1596                 0        4699.95
1597                 0        4699.95
1598                 0        4699.95
1599                 0        4699.95
1600                 0        4699.95
1601                 0        4699.95
1602                 0        4699.95
1603                 0        4699.95
1604                 0        4699.95
1605                 0        4699.95
1606                 0        4699.95
1607                 0        4699.95
1608                 0        4699.95
1609                 0        4699.95
1610                 0        4699.95
1611                 0        4699.95
1612                 0        4699.95
1613                 0        4699.95
1614                 0        4699.95
1615                 0        4699.95
1616                 0        4699.95
1617                 0        4699.95
1618                 0        4699.95
1619                 0        4699.95
1620                 0        4699.95
1621                 0        4699.95
1622                 0        4699.95
1623                 0        4699.95
1624                 0        4699.95
1625                 0        4699.95
1626                 0        4699.95
1627                 0        4699.95
1628                 0        4699.95
1629                 0        4699.95
1630                 0        4699.95
1631                 0        4699.95
1632                 0        4699.95
1633                 0        4699.95
1634                 0        4699.95
1635                 0        4699.89
1636                 0        4699.89
1637                 0        4699.89
1638                 0        4699.89
1639                 0        4699.89
1640                 0        4699.89
1641                 0        4699.89
1642                 0        4699.89
1643                 0        4699.89
1644                 0        4699.89
1645                 0        4699.89
1646                 0        4699.89
1647                 0        4699.89
1648                 0        4699.89
1649                 0        4699.89
1650                 0        4699.89
1651                 0        4699.89
1652                 0        4699.89
1653                 0        4699.89
1654                 0        4699.89
1655                 0        4699.89
1656                 0        4699.89
1657                 0        4699.89
1658                 0        4699.89
1659                 0        4699.89
1660                 0        4699.89
1661                 0        4699.89
1662                 0        4699.89
1663                 0        4699.89
1664                 0        4699.89
1665                 0        4699.89
1666                 0        4699.89
1667                 0        4699.89
1668                 0        4699.89
1669                 0        4699.89
1670                 0        4699.89
1671                 0        4699.89
1672                 0        4699.89
1673                 0        4699.89
1674                 0        4699.89
1675                 0        4699.89
1676                 0        4699.89
1677                 0        4699.89
1678                 0        4699.89
1679                 0        4699.89
1680                 0        4699.89
1681                 0        4699.89
1682                 0        4699.89
1683                 0        4699.89
1684                 0        4699.89
1685                 0        4699.89
1686                 0        4699.89
1687                 0        4699.89
1688                 0        4699.89
1689                 0        4699.89
1690                 0        4699.89
1691                 0        4699.89
1692                 0        4699.89
1693                 0        4699.89
1694                 0        4699.89
1695                 0        4699.89
1696                 0        4699.89
1697                 0        4699.89
1698                 0        4699.89
1699                 0        4699.89
1700                 0        4699.89
1701                 0        4699.89
1702                 0        4699.89
1703                 0        4699.89
1704                 0        4699.89
1705                 0        4699.89
1706                 0        4699.89
1707                 0        4699.89
1708                 0        4699.89
1709                 0        4699.89
1710                 0        4699.89
1711                 0        4699.89
1712                 0        4699.89
1713                 0        4699.89
1714                 0        4699.89
1715                 0        4699.89
1716                 0        4699.89
1717                 0        4699.89
1718                 0        4699.89
1719                 0        4699.89
1720                 0        4699.89
1721                 0        4699.89
1722                 0        4699.89
1723                 0        4699.89
1724                 0        4699.89
1725                 0        4699.89
1726                 0        4699.89
1727                 0        4699.89
1728                 0        4699.89
1729                 0        4699.89
1730                 0        4699.89
1731                 0        4699.89
1732                 0        4699.89
1733                 0        4699.89
1734                 0        4699.89
1735                 0        4699.89
1736                 0        4699.89
1737                 0        4699.89
1738                 0        4699.89
1739                 0        4699.89
1740                 0        4699.89
1741                 0        4699.89
1742                 0        4699.89
1743                 0        4699.89
1744                 0        4699.89
1745                 0        4699.89
1746                 0        4699.89
1747                 0        4699.89
1748                 0        4699.89
1749                 0        4699.89
1750                 0        4699.89
1751                 0        4699.89
1752                 0        4699.89
1753                 0        4699.89
1754                 0        4699.89
1755                 0        4699.89
1756                 0        4699.89
1757                 0        4699.89
1758                 0        4699.89
1759                 0        4699.89
1760                 0        4699.89
1761                 0        4699.89
1762                 0        4699.89
1763                 0        4699.89
1764                 0        4699.89
1765                 0        4699.89
1766                 0        4699.89
1767                 0        4699.89
1768                 0        4699.89
1769                 0        4699.89
1770                 0        4699.89
1771                 0        4699.89
1772                 0        4699.89
1773                 0        4699.89
1774                 0        4699.89
1775                 0        4699.89
1776                 0        4699.89
1777                 0        4699.89
1778                 0        4699.89
1779                 0        4699.89
1780                 0        4699.89
1781                 0        4699.89
1782                 0        4699.89
1783                 0        4699.89
1784                 0        4699.89
1785                 0        4699.89
1786                 0        4699.89
1787                 0        4699.89
1788                 0        4699.89
1789                 0        4699.89
1790                 0        4699.89
1791                 0        4699.89
1792                 0        4699.89
1793                 0        4699.89
1794                 0        4699.89
1795                 0        4699.89
1796                 0        4698.97
1797                 0        4698.95
1798                 0        4698.95
1799                 0        4698.95
1800                 0        4698.95
1801                 0        4698.95
1802                 0        4698.95
1803                 0        4698.95
1804                 0        4698.95
1805                 0        4698.95
1806                 0        4698.95
1807                 0        4698.95
1808                 0        4698.95
1809                 0        4698.95
1810                 0        4698.95
1811                 0        4698.95
1812                 0        4698.95
1813                 0        4698.95
1814                 0        4698.95
1815                 0        4698.95
1816                 0        4698.95
1817                 0        4698.95
1818                 0        4698.95
1819                 0        4698.95
1820                 0        4698.95
1821                 0        4698.95
1822                 0        4698.95
1823                 0        4698.95
1824                 0        4698.95
1825                 0        4698.95
1826                 0        4698.95
1827                 0        4698.95
1828                 0        4698.49
1829                 0        4698.48
1830                 0        4698.48
1831                 0        4698.47
1832                 0        4698.47
1833                 0        4698.47
1834                 0        4698.47
1835                 0        4698.47
1836                 0        4698.47
1837                 0        4698.47
1838                 0        4698.47
1839                 0        4698.47
1840                 0        4698.47
1841                 0        4698.47
1842                 0        4698.47
1843                 0        4698.47
1844                 0        4698.47
1845                 0        4698.47
1846                 0        4698.47
1847                 0        4698.47
1848                 0        4698.47
1849                 0        4698.47
1850                 0        4698.47
1851                 0        4698.47
1852                 0        4698.47
1853                 0        4698.47
1854                 0        4698.47
1855                 0        4698.47
1856                 0        4698.47
1857                 0        4698.47
1858                 0        4698.47
1859                 0        4698.47
1860                 0        4698.47
1861                 0        4698.47
1862                 0        4698.47
1863                 0        4698.47
1864                 0        4698.47
1865                 0        4698.47
1866                 0        4698.47
1867                 0        4698.47
1868                 0        4698.47
1869                 0        4698.47
1870                 0        4698.47
1871                 0        4698.47
1872                 0        4698.47
1873                 0        4698.47
1874                 0        4698.47
1875                 0        4698.47
1876                 0        4698.47
1877                 0        4698.47
1878                 0        4698.47
1879                 0        4698.47
1880                 0        4698.47
1881                 0        4698.29
1882                 0        4698.29
1883                 0        4698.29
1884                 0        4698.29
1885                 0        4698.29
1886                 0        4698.29
1887                 0        4698.29
1888                 0        4698.29
1889                 0        4698.29
1890                 0        4698.29
1891                 0        4698.29
1892                 0        4698.29
1893                 0        4698.29
1894                 0        4698.29
1895                 0        4698.29
1896                 0        4698.29
1897                 0        4698.29
1898                 0        4698.29
1899                 0        4698.29
1900                 0        4698.29
1901                 0        4698.29
1902                 0        4698.29
1903                 0        4698.29
1904                 0        4698.29
1905                 0        4698.29
1906                 0        4698.29
1907                 0        4698.29
1908                 0        4698.29
1909                 0        4698.29
1910                 0        4698.29
1911                 0        4698.29
1912                 0        4698.29
1913                 0        4698.29
1914                 0        4698.29
1915                 0        4698.29
1916                 0        4698.29
1917                 0        4698.29
1918                 0        4698.29
1919                 0        4698.29
1920                 0        4698.29
1921                 0        4698.29
1922                 0        4698.29
1923                 0        4698.29
1924                 0        4698.29
1925                 0        4698.29
1926                 0        4698.29
1927                 0        4698.29
1928                 0        4698.29
1929                 0        4698.29
1930                 0        4698.29
1931                 0        4698.29
1932                 0        4698.29
1933                 0        4698.29
1934                 0        4698.29
1935                 0        4698.29
1936                 0        4698.29
1937                 0        4698.29
1938                 0        4698.29
1939                 0        4698.29
1940                 0        4698.29
1941                 0        4698.29
1942                 0        4698.29
1943                 0        4698.29
1944                 0        4698.29
1945                 0        4698.29
1946                 0        4698.29
1947                 0        4698.29
1948                 0        4698.29
1949                 0        4698.29
1950                 0        4698.29
1951                 0        4698.29
1952                 0        4698.29
1953                 0        4698.29
1954                 0        4698.29
1955                 0        4698.29
1956                 0        4698.29
1957                 0        4698.29
1958                 0        4698.29
1959                 0        4698.29
1960                 0        4698.29
1961                 0        4698.29
1962                 0        4698.29
1963                 0        4698.29
1964                 0        4698.29
1965                 0        4698.29
1966                 0        4698.29
1967                 0        4698.29
1968                 0        4698.29
1969                 0        4698.29
1970                 0        4698.29
1971                 0        4698.29
1972                 0        4698.29
1973                 0        4698.29
1974                 0        4698.29
1975                 0        4698.29
1976                 0        4698.29
1977                 0        4698.29
1978                 0        4698.29
1979                 0        4698.29
1980                 0        4698.29
1981                 0        4698.29
1982                 0        4698.29
1983                 0        4698.29
1984                 0        4698.29
1985                 0        4698.29
1986                 0        4698.29
1987                 0        4698.29
1988                 0        4698.29
1989                 0        4698.29
1990                 0        4698.29
1991                 0        4698.29
1992                 0        4698.29
1993                 0        4698.29
1994                 0        4698.29
1995                 0        4698.29
1996                 0        4698.29
1997                 0        4698.29
1998                 0        4698.29
1999                 0        4698.29
2000                 0        4698.29
2001                 0        4698.29
2002                 0        4698.29
2003                 0        4698.29
2004                 0        4698.29
2005                 0        4698.29
2006                 0        4698.29
2007                 0        4698.29
2008                 0        4698.29
2009                 0        4698.29
2010                 0        4698.29
2011                 0        4698.29
2012                 0        4698.29
2013                 0        4698.29
2014                 0        4698.29
2015                 0        4698.29
2016                 0        4698.29
2017                 0        4698.29
2018                 0        4698.29
2019                 0        4698.29
2020                 0        4698.29
2021                 0        4698.29
2022                 0        4698.29
2023                 0        4698.29
2024                 0        4698.29
2025                 0        4698.29
2026                 0        4698.29
2027                 0        4698.29
2028                 0        4698.29
2029                 0        4698.29
2030                 0        4698.29
2031                 0        4698.29
2032                 0        4698.29
2033                 0        4698.29
2034                 0        4698.29
2035                 0        4698.29
2036                 0        4698.29
2037                 0        4698.29
2038                 0        4698.29
2039                 0        4698.29
2040                 0        4698.29
2041                 0        4698.29
2042                 0        4698.29
2043                 0        4698.29
2044                 0        4698.29
2045                 0        4698.29
2046                 0        4698.29
2047                 0        4698.29
2048                 0        4698.29
2049                 0        4698.29
2050                 0        4698.29
2051                 0        4698.29
2052                 0        4698.29
2053                 0        4698.29
2054                 0        4698.29
2055                 0        4698.29
2056                 0        4698.29
2057                 0        4698.29
2058                 0        4698.29
2059                 0        4698.29
2060                 0        4698.29
2061                 0        4698.29
2062                 0        4698.29
2063                 0        4698.29
2064                 0        4698.29
2065                 0        4698.29
2066                 0        4698.29
2067                 0        4698.29
2068                 0        4698.29
2069                 0        4698.29
2070                 0        4698.29
2071                 0        4698.29
2072                 0        4698.29
2073                 0        4698.29
2074                 0        4698.29
2075                 0        4698.29
2076                 0        4698.29
2077                 0        4698.29
2078                 0        4698.29
2079                 0        4698.29
2080                 0        4698.29
2081                 0        4698.29
2082                 0        4698.29
2083                 0        4698.29
2084                 0        4698.29
2085                 0        4698.29
2086                 0        4698.29
2087                 0        4698.29
2088                 0        4698.29
2089                 0        4698.29
2090                 0        4698.29
2091                 0        4698.29
2092                 0        4698.29
2093                 0        4698.29
2094                 0        4698.29
2095                 0        4698.29
2096                 0        4698.29
2097                 0        4698.29
2098                 0        4698.29
2099                 0        4698.29
2100                 0        4698.29
2101                 0        4698.29
2102                 0        4698.29
2103                 0        4698.29
2104                 0        4698.29
2105                 0        4698.29
2106                 0        4698.29
2107                 0        4698.29
2108                 0        4698.29
2109                 0        4698.29
2110                 0        4698.29
2111                 0        4698.29
2112                 0        4698.29
2113                 0        4698.29
2114                 0        4698.29
2115                 0        4698.29
2116                 0        4698.29
2117                 0        4698.29
2118                 0        4698.29
2119                 0        4698.29
2120                 0        4698.29
2121                 0        4698.29
2122                 0        4698.29
2123                 0        4698.29
2124                 0        4698.29
2125                 0        4698.29
2126                 0        4698.29
2127                 0        4698.29
2128                 0        4698.29
2129                 0        4698.29
2130                 0        4698.29
2131                 0        4697.83
2132                 0        4697.83
2133                 0        4697.83
2134                 0        4697.83
2135                 0        4697.83
2136                 0        4697.83
2137                 0        4697.83
2138                 0        4697.83
2139                 0        4697.83
2140                 0        4697.83
2141                 0        4697.83
2142                 0        4697.83
2143                 0        4697.83
2144                 0        4697.83
2145                 0        4697.83
2146                 0        4697.83
2147                 0        4697.83
2148                 0        4697.83
2149                 0        4697.83
2150                 0        4697.83
2151                 0        4697.83
2152                 0        4697.83
2153                 0        4697.83
2154                 0        4697.83
2155                 0        4697.83
2156                 0        4697.83
2157                 0        4697.83
2158                 0        4697.83
2159                 0        4697.83
2160                 0        4697.83
2161                 0        4697.83
2162                 0        4697.83
2163                 0        4697.83
2164                 0        4697.83
2165                 0        4697.83
2166                 0        4697.83
2167                 0        4697.83
2168                 0        4697.83
2169                 0        4697.83
2170                 0        4697.83
2171                 0        4697.83
2172                 0        4697.83
2173                 0        4697.83
2174                 0        4697.83
2175                 0        4697.83
2176                 0        4697.83
2177                 0        4697.83
2178                 0        4697.83
2179                 0        4697.83
2180                 0        4697.83
2181                 0        4697.83
2182                 0        4697.83
2183                 0        4697.83
2184                 0        4697.83
2185                 0        4697.83
2186                 0        4697.83
2187                 0        4697.83
2188                 0        4697.83
2189                 0        4697.83
2190                 0        4697.83
2191                 0        4697.83
2192                 0        4697.83
2193                 0        4697.83
2194                 0        4697.83
2195                 0        4697.83
2196                 0        4697.83
2197                 0        4697.83
2198                 0        4697.83
2199                 0        4697.83
2200                 0        4697.83
2201                 0        4697.83
2202                 0        4697.83
2203                 0        4697.83
2204                 0        4697.83
2205                 0        4697.83
2206                 0        4697.83
2207                 0        4697.83
2208                 0        4697.83
2209                 0        4697.83
2210                 0        4697.83
2211                 0        4697.83
2212                 0        4697.83
2213                 0        4697.83
2214                 0        4697.83
2215                 0        4697.83
2216                 0        4697.83
2217                 0        4697.83
2218                 0        4697.83
2219                 0        4697.83
2220                 0        4697.83
2221                 0        4697.83
2222                 0        4697.83
2223                 0        4697.83
2224                 0        4697.83
2225                 0        4697.83
2226                 0        4697.83
2227                 0        4697.83
2228                 0        4697.83
2229                 0        4697.83
2230                 0        4697.83
2231                 0        4697.83
2232                 0        4697.83
2233                 0        4697.83
2234                 0        4697.83
2235                 0        4697.83
2236                 0        4697.83
2237                 0        4697.83
2238                 0        4697.83
2239                 0        4697.71
2240                 0        4697.71
2241                 0        4697.71
2242                 0        4697.71
2243                 0        4697.71
2244                 0        4697.71
2245                 0        4697.71
2246                 0        4697.71
2247                 0        4697.71
2248                 0        4697.71
2249                 0        4697.71
2250                 0        4697.71
2251                 0        4697.71
2252                 0        4697.71
2253                 0        4697.71
2254                 0        4697.71
2255                 0        4697.71
2256                 0        4697.71
2257                 0        4697.71
2258                 0        4697.71
2259                 0        4697.71
2260                 0        4697.71
2261                 0        4697.71
2262                 0        4697.71
2263                 0        4697.71
2264                 0        4697.71
2265                 0        4697.71
2266                 0        4697.71
2267                 0        4697.71
2268                 0        4697.71
2269                 0        4697.71
2270                 0        4697.71
2271                 0        4697.71
2272                 0        4697.71
2273                 0        4697.71
2274                 0        4697.71
2275                 0        4697.71
2276                 0        4697.71
2277                 0        4697.71
2278                 0        4697.71
2279                 0        4697.71
2280                 0        4697.71
2281                 0        4697.71
2282                 0        4697.71
2283                 0        4697.71
2284                 0        4697.71
2285                 0        4697.71
2286                 0        4697.71
2287                 0        4697.71
2288                 0        4697.71
2289                 0        4697.71
2290                 0        4697.71
2291                 0        4697.71
2292                 0        4697.71
2293                 0        4697.71
2294                 0        4697.46
2295                 0        4697.45
2296                 0        4697.45
2297                 0        4697.45
2298                 0        4697.45
2299                 0        4697.45
2300                 0        4697.45
2301                 0        4697.45
2302                 0        4697.45
2303                 0        4697.45
2304                 0        4697.45
2305                 0        4697.45
2306                 0        4697.45
2307                 0        4697.45
2308                 0        4697.45
2309                 0        4697.45
2310                 0        4697.45
2311                 0        4697.45
2312                 0        4697.45
2313                 0        4697.45
2314                 0        4697.45
2315                 0        4697.45
2316                 0        4697.45
2317                 0        4697.45
2318                 0        4697.45
2319                 0        4697.45
2320                 0        4697.45
2321                 0        4697.45
2322                 0        4697.45
2323                 0        4697.45
2324                 0        4697.45
2325                 0        4697.45
2326                 0        4697.45
2327                 0        4697.45
2328                 0        4697.45
2329                 0        4697.45
2330                 0        4697.45
2331                 0        4697.45
2332                 0        4697.45
2333                 0        4697.45
2334                 0        4697.45
2335                 0        4697.45
2336                 0        4697.45
2337                 0        4697.45
2338                 0        4697.45
2339                 0        4697.45
2340                 0        4697.45
2341                 0        4697.45
2342                 0        4697.45
2343                 0        4697.45
2344                 0        4697.45
2345                 0        4697.45
2346                 0        4697.45
2347                 0        4697.45
2348                 0        4697.45
2349                 0        4697.45
2350                 0        4697.45
2351                 0        4697.45
2352                 0        4697.45
2353                 0        4697.45
2354                 0        4697.45
2355                 0        4697.45
2356                 0        4697.45
2357                 0        4697.45
2358                 0        4697.45
2359                 0        4697.45
2360                 0        4697.45
2361                 0        4697.45
2362                 0        4697.45
2363                 0        4697.45
2364                 0        4697.45
2365                 0        4697.45
2366                 0        4697.45
2367                 0        4697.45
2368                 0        4697.45
2369                 0        4697.45
2370                 0        4697.45
2371                 0        4697.45
2372                 0        4697.45
2373                 0        4697.45
2374                 0        4697.45
2375                 0        4697.45
2376                 0        4697.45
2377                 0        4697.45
2378                 0        4697.45
2379                 0        4697.45
2380                 0        4697.45
2381                 0        4697.45
2382                 0        4697.45
2383                 0        4697.45
2384                 0        4697.45
2385                 0        4697.45
2386                 0        4697.45
2387                 0        4697.45
2388                 0        4697.45
2389                 0        4697.45
2390                 0        4697.45
2391                 0        4697.45
2392                 0        4697.45
2393                 0        4697.45
2394                 0        4697.45
2395                 0        4697.45
2396                 0        4697.45
2397                 0        4697.45
2398                 0        4697.45
2399                 0        4697.45
2400                 0        4697.45
2401                 0        4696.61
2402                 0        4696.59
2403                 0        4696.59
2404                 0        4696.59
2405                 0        4696.59
2406                 0        4696.59
2407                 0        4696.59
2408                 0        4696.59
2409                 0        4696.59
2410                 0        4696.59
2411                 0        4696.59
2412                 0        4696.59
2413                 0        4696.59
2414                 0        4696.59
2415                 0        4696.59
2416                 0        4696.59
2417                 0        4696.59
2418                 0        4696.59
2419                 0        4696.59
2420                 0        4696.59
2421                 0        4696.59
2422                 0        4696.59
2423                 0        4696.59
2424                 0        4696.59
2425                 0        4696.59
2426                 0        4696.59
2427                 0        4696.59
2428                 0        4696.59
2429                 0        4696.59
2430                 0        4696.59
2431                 0        4696.59
2432                 0        4696.59
2433                 0        4696.59
2434                 0        4696.59
2435                 0        4696.59
2436                 0        4696.59
2437                 0        4696.59
2438                 0        4696.59
2439                 0        4696.59
2440                 0        4696.59
2441                 0        4696.59
2442                 0        4696.59
2443                 0        4696.59
2444                 0        4696.59
2445                 0        4696.59
2446                 0        4696.59
2447                 0        4696.59
2448                 0        4696.59
2449                 0        4696.59
2450                 0        4696.59
2451                 0        4696.59
2452                 0        4696.59
2453                 0        4696.59
2454                 0        4696.59
2455                 0        4696.59
2456                 0        4696.59
2457                 0        4696.59
2458                 0        4696.59
2459                 0        4696.59
2460                 0        4696.59
2461                 0        4696.59
2462                 0        4696.59
2463                 0        4696.59
2464                 0        4696.59
2465                 0        4696.59
2466                 0        4696.59
2467                 0        4696.59
2468                 0        4696.59
2469                 0        4696.59
2470                 0        4696.59
2471                 0        4696.59
2472                 0        4696.59
2473                 0        4696.59
2474                 0        4696.59
2475                 0        4696.59
2476                 0        4696.59
2477                 0        4696.59
2478                 0        4696.59
2479                 0        4696.59
2480                 0        4696.59
2481                 0        4696.59
2482                 0        4696.59
2483                 0        4696.59
2484                 0        4696.59
2485                 0        4696.59
2486                 0        4696.59
2487                 0        4696.59
2488                 0        4696.59
2489                 0        4696.59
2490                 0        4696.59
2491                 0        4696.59
2492                 0        4696.59
2493                 0        4696.59
2494                 0        4696.59
2495                 0        4696.59
2496                 0        4696.59
2497                 0        4696.59
2498                 0        4696.59
2499                 0        4696.59
2500                 0        4696.59
