#ITER       #BEST_FO       #MEDIA_FO
1                 0    3.50783e+19
2                 0    7.01566e+17
3                 0    1.40313e+16
4                 0    2.80626e+14
5                 0    5.61253e+12
6                 0    1.12251e+11
7                 0    2.24503e+09
8                 0    4.49139e+07
9                 0         910638
10                 0        30140.1
11                 0          11987
12                 0        10982.9
13                 0        10468.4
14                 0        10235.2
15                 0        9904.18
16                 0        9811.15
17                 0        9725.44
18                 0        9608.63
19                 0        9543.07
20                 0        9298.27
21                 0        9094.78
22                 0        8956.11
23                 0        8889.06
24                 0           8874
25                 0        8832.65
26                 0        8763.19
27                 0        8736.31
28                 0        8471.87
29                 0        8383.57
30                 0        8339.06
31                 0        8178.68
32                 0        8168.25
33                 0        8133.36
34                 0        8061.54
35                 0        7980.07
36                 0        7864.36
37                 0        7831.67
38                 0        7750.45
39                 0        7720.77
40                 0        7720.17
41                 0        7590.86
42                 0        7564.64
43                 0        7549.62
44                 0        7549.32
45                 0        7446.55
46                 0        7370.23
47                 0        7349.12
48                 0        7333.28
49                 0        7324.11
50                 0        7298.08
51                 0        7297.56
52                 0        7204.16
53                 0        7186.77
54                 0        7186.42
55                 0        7177.43
56                 0        7155.84
57                 0        7124.43
58                 0         7123.8
59                 0        7123.79
60                 0        7083.46
61                 0        7081.23
62                 0        7076.07
63                 0        7036.05
64                 0        7031.77
65                 0        7031.69
66                 0        6997.92
67                 0        6997.24
68                 0        6997.23
69                 0        6997.23
70                 0        6997.23
71                 0        6997.23
72                 0        6997.23
73                 0        6997.23
74                 0        6997.23
75                 0        6983.23
76                 0        6982.95
77                 0        6950.01
78                 0         6933.2
79                 0        6911.37
80                 0        6896.36
81                 0        6896.06
82                 0        6893.07
83                 0        6893.01
84                 0        6893.01
85                 0        6845.39
86                 0        6843.45
87                 0         6840.2
88                 0        6808.81
89                 0        6808.19
90                 0        6808.17
91                 0        6778.65
92                 0        6776.36
93                 0        6776.31
94                 0        6775.84
95                 0        6773.28
96                 0        6765.51
97                 0        6765.36
98                 0        6748.62
99                 0        6736.97
100                 0        6736.74
101                 0        6733.39
102                 0        6732.05
103                 0        6720.58
104                 0        6710.58
105                 0        6710.38
106                 0        6662.71
107                 0        6661.76
108                 0        6661.74
109                 0        6645.24
110                 0        6644.91
111                 0        6634.99
112                 0        6634.79
113                 0        6634.79
114                 0        6634.79
115                 0        6634.79
116                 0        6634.79
117                 0        6625.55
118                 0        6625.36
119                 0        6615.42
120                 0        6615.23
121                 0        6601.84
122                 0        6595.28
123                 0        6595.15
124                 0         6584.2
125                 0        6583.58
126                 0        6580.73
127                 0        6576.41
128                 0        6576.32
129                 0        6576.32
130                 0        6576.32
131                 0        6574.09
132                 0         6534.9
133                 0        6521.76
134                 0        6457.77
135                 0        6438.96
136                 0        6428.66
137                 0        6428.46
138                 0        6408.76
139                 0        6375.09
140                 0        6362.35
141                 0        6356.67
142                 0        6356.55
143                 0        6356.55
144                 0        6356.55
145                 0        6353.51
146                 0        6353.45
147                 0        6353.45
148                 0        6353.45
149                 0         6333.9
150                 0        6316.51
151                 0        6316.16
152                 0         6306.6
153                 0        6272.84
154                 0        6272.16
155                 0        6272.15
156                 0        6245.61
157                 0        6229.04
158                 0         6225.5
159                 0        6209.32
160                 0        6208.99
161                 0         6205.2
162                 0        6191.05
163                 0        6186.85
164                 0        6175.29
165                 0        6175.06
166                 0        6173.78
167                 0        6157.84
168                 0        6157.52
169                 0        6151.09
170                 0        6150.96
171                 0        6132.17
172                 0        6110.78
173                 0        6096.02
174                 0        6095.73
175                 0        6095.72
176                 0        6094.86
177                 0        6087.88
178                 0        6086.32
179                 0        6076.21
180                 0        6076.01
181                 0        6073.86
182                 0        6062.33
183                 0         6062.1
184                 0        6062.09
185                 0        6059.49
186                 0        6059.44
187                 0        6059.44
188                 0        6059.44
189                 0        6056.09
190                 0        6056.02
191                 0        6056.02
192                 0        6056.02
193                 0         6045.4
194                 0        6045.18
195                 0        6045.18
196                 0        6045.18
197                 0         6039.8
198                 0        6038.91
199                 0        6032.83
200                 0        6032.71
201                 0        6027.45
202                 0        6027.35
203                 0        6026.03
204                 0        6017.94
205                 0        6017.78
206                 0        6001.87
207                 0        6001.55
208                 0        5999.42
209                 0        5999.37
210                 0        5987.54
211                 0         5987.3
212                 0         5987.3
213                 0         5987.3
214                 0         5987.3
215                 0        5983.45
216                 0        5983.37
217                 0        5981.74
218                 0        5981.71
219                 0        5975.66
220                 0        5975.53
221                 0        5975.53
222                 0        5975.53
223                 0        5975.53
224                 0        5975.53
225                 0        5975.53
226                 0        5975.53
227                 0        5975.53
228                 0        5975.53
229                 0        5975.53
230                 0        5975.53
231                 0        5975.53
232                 0        5965.86
233                 0        5965.66
234                 0        5965.66
235                 0        5961.06
236                 0        5960.96
237                 0        5959.85
238                 0        5959.82
239                 0        5948.97
240                 0        5948.76
241                 0        5948.75
242                 0        5946.17
243                 0        5941.51
244                 0         5935.6
245                 0        5935.48
246                 0        5935.48
247                 0        5935.48
248                 0        5930.85
249                 0        5923.46
250                 0        5923.31
251                 0         5923.3
252                 0        5917.73
253                 0           5915
254                 0        5910.85
255                 0        5906.07
256                 0        5899.13
257                 0        5881.83
258                 0        5881.48
259                 0        5881.47
260                 0        5878.06
261                 0        5877.99
262                 0        5877.99
263                 0        5877.99
264                 0        5866.56
265                 0        5866.33
266                 0        5866.33
267                 0        5856.42
268                 0        5851.39
269                 0        5851.29
270                 0        5849.13
271                 0        5843.79
272                 0        5836.69
273                 0        5836.55
274                 0        5836.31
275                 0        5832.02
276                 0        5831.94
277                 0        5825.96
278                 0        5825.84
279                 0        5825.84
280                 0        5825.84
281                 0        5825.84
282                 0        5825.84
283                 0        5822.99
284                 0        5822.93
285                 0        5818.61
286                 0        5818.52
287                 0        5818.52
288                 0        5818.52
289                 0        5818.52
290                 0        5818.52
291                 0         5813.3
292                 0        5813.19
293                 0        5813.19
294                 0        5813.19
295                 0        5803.54
296                 0        5803.34
297                 0        5796.76
298                 0        5793.69
299                 0        5789.98
300                 0        5789.91
301                 0        5789.91
302                 0        5789.91
303                 0        5789.91
304                 0        5789.91
305                 0        5789.91
306                 0        5789.35
307                 0        5789.34
308                 0        5789.34
309                 0        5782.12
310                 0        5781.97
311                 0        5774.73
312                 0        5766.19
313                 0        5766.02
314                 0        5766.02
315                 0        5766.02
316                 0        5750.79
317                 0        5746.72
318                 0        5746.64
319                 0        5746.64
320                 0        5746.64
321                 0        5746.64
322                 0        5746.64
323                 0        5744.94
324                 0         5743.8
325                 0        5743.78
326                 0        5742.01
327                 0        5741.97
328                 0        5725.53
329                 0         5723.6
330                 0        5722.25
331                 0         5715.5
332                 0        5708.97
333                 0        5703.51
334                 0         5703.4
335                 0         5703.4
336                 0        5689.36
337                 0        5682.28
338                 0        5682.14
339                 0        5675.46
340                 0        5675.32
341                 0        5675.32
342                 0        5675.32
343                 0        5675.32
344                 0        5673.18
345                 0        5667.91
346                 0         5667.8
347                 0         5667.8
348                 0        5666.23
349                 0        5664.17
350                 0        5664.13
351                 0        5664.13
352                 0        5664.13
353                 0        5664.13
354                 0        5662.76
355                 0        5662.73
356                 0        5662.73
357                 0        5651.02
358                 0        5650.78
359                 0        5650.78
360                 0        5650.69
361                 0        5650.69
362                 0        5650.69
363                 0        5646.43
364                 0        5645.06
365                 0        5645.04
366                 0        5645.03
367                 0        5643.69
368                 0        5643.66
369                 0        5643.66
370                 0        5643.66
371                 0        5643.66
372                 0        5643.66
373                 0        5643.66
374                 0        5640.17
375                 0         5640.1
376                 0         5640.1
377                 0         5640.1
378                 0        5639.94
379                 0        5639.94
380                 0        5636.47
381                 0         5636.4
382                 0        5634.73
383                 0        5634.69
384                 0        5634.69
385                 0        5634.69
386                 0        5634.69
387                 0        5634.69
388                 0        5634.32
389                 0        5634.31
390                 0        5634.31
391                 0        5634.31
392                 0        5633.04
393                 0        5633.02
394                 0        5633.02
395                 0        5627.98
396                 0        5627.88
397                 0        5627.88
398                 0        5627.88
399                 0        5622.48
400                 0        5620.68
401                 0        5617.76
402                 0         5617.7
403                 0         5617.7
404                 0        5610.84
405                 0        5604.01
406                 0        5603.88
407                 0        5603.87
408                 0        5603.87
409                 0        5603.87
410                 0        5603.87
411                 0        5603.87
412                 0        5603.87
413                 0        5603.87
414                 0        5603.87
415                 0        5603.87
416                 0        5600.16
417                 0        5599.22
418                 0        5593.22
419                 0        5593.09
420                 0        5593.09
421                 0        5593.09
422                 0        5593.09
423                 0        5591.59
424                 0        5591.56
425                 0        5591.56
426                 0        5591.56
427                 0        5590.12
428                 0        5590.09
429                 0        5590.09
430                 0        5590.09
431                 0        5590.09
432                 0        5590.09
433                 0        5590.09
434                 0        5590.09
435                 0        5585.75
436                 0        5585.66
437                 0        5583.13
438                 0        5583.08
439                 0        5583.08
440                 0        5578.88
441                 0        5573.52
442                 0        5573.42
443                 0        5573.41
444                 0        5573.41
445                 0        5573.41
446                 0        5573.41
447                 0        5573.41
448                 0        5573.41
449                 0        5573.41
450                 0        5573.41
451                 0        5573.41
452                 0        5573.41
453                 0        5573.41
454                 0        5573.41
455                 0        5573.41
456                 0        5573.41
457                 0        5573.41
458                 0        5573.41
459                 0        5573.41
460                 0        5573.41
461                 0         5566.6
462                 0        5566.35
463                 0        5564.61
464                 0        5564.57
465                 0        5562.63
466                 0        5562.59
467                 0        5562.59
468                 0        5562.59
469                 0        5562.59
470                 0        5562.59
471                 0        5562.59
472                 0        5562.59
473                 0        5562.59
474                 0        5562.59
475                 0        5562.59
476                 0        5562.59
477                 0        5560.88
478                 0        5560.85
479                 0        5559.58
480                 0        5556.07
481                 0           5556
482                 0           5556
483                 0           5556
484                 0           5556
485                 0           5556
486                 0           5556
487                 0           5556
488                 0        5554.15
489                 0        5554.11
490                 0         5552.7
491                 0        5552.31
492                 0         5552.3
493                 0         5552.3
494                 0         5552.3
495                 0        5551.53
496                 0        5551.51
497                 0        5551.51
498                 0        5551.51
499                 0        5551.51
500                 0        5551.51
501                 0        5551.51
502                 0        5551.51
503                 0        5551.51
504                 0        5551.51
505                 0        5551.51
506                 0        5551.51
507                 0        5551.51
508                 0        5551.51
509                 0        5549.33
510                 0        5549.03
511                 0        5549.03
512                 0        5549.03
513                 0        5549.03
514                 0        5549.03
515                 0        5548.08
516                 0        5548.06
517                 0        5548.06
518                 0        5548.06
519                 0        5548.06
520                 0        5548.06
521                 0        5548.06
522                 0        5548.06
523                 0         5545.7
524                 0        5544.87
525                 0        5542.21
526                 0        5542.15
527                 0        5542.15
528                 0        5541.59
529                 0        5541.58
530                 0        5539.81
531                 0        5539.78
532                 0        5538.72
533                 0         5537.9
534                 0        5537.88
535                 0        5537.88
536                 0        5537.88
537                 0        5537.88
538                 0        5536.73
539                 0        5536.71
540                 0        5536.71
541                 0        5536.71
542                 0        5536.71
543                 0        5531.68
544                 0        5531.58
545                 0        5531.58
546                 0        5531.58
547                 0        5530.12
548                 0        5530.09
549                 0        5530.09
550                 0        5530.09
551                 0         5529.5
552                 0        5529.49
553                 0        5529.49
554                 0        5529.49
555                 0        5529.49
556                 0        5529.49
557                 0        5529.49
558                 0        5529.49
559                 0        5529.49
560                 0        5529.49
561                 0        5529.49
562                 0        5529.49
563                 0        5529.49
564                 0        5529.49
565                 0        5527.75
566                 0        5527.71
567                 0        5527.71
568                 0        5527.71
569                 0        5523.83
570                 0        5523.75
571                 0        5523.75
572                 0        5523.75
573                 0        5523.75
574                 0        5523.75
575                 0        5523.75
576                 0        5523.43
577                 0        5523.42
578                 0        5523.42
579                 0        5523.42
580                 0        5521.69
581                 0        5521.65
582                 0        5521.65
583                 0        5521.65
584                 0        5521.65
585                 0        5521.65
586                 0        5521.65
587                 0        5521.65
588                 0        5519.51
589                 0        5519.47
590                 0        5519.47
591                 0        5519.47
592                 0        5519.47
593                 0        5519.47
594                 0        5519.47
595                 0        5517.41
596                 0        5517.37
597                 0        5517.37
598                 0        5517.37
599                 0        5517.37
600                 0        5512.97
601                 0        5512.88
602                 0        5512.88
603                 0        5512.53
604                 0        5512.52
605                 0        5512.52
606                 0        5512.52
607                 0        5512.52
608                 0        5512.52
609                 0        5511.25
610                 0        5511.23
611                 0        5511.22
612                 0        5511.22
613                 0        5511.22
614                 0        5508.84
615                 0         5508.8
616                 0         5508.8
617                 0         5508.8
618                 0         5508.8
619                 0         5508.8
620                 0         5508.8
621                 0         5508.8
622                 0         5508.8
623                 0         5508.8
624                 0         5508.8
625                 0         5508.8
626                 0         5508.8
627                 0         5508.8
628                 0           5507
629                 0        5506.96
630                 0        5506.96
631                 0        5506.96
632                 0        5506.96
633                 0        5506.96
634                 0        5506.96
635                 0        5504.09
636                 0        5504.03
637                 0        5504.03
638                 0        5504.03
639                 0        5504.03
640                 0        5502.22
641                 0        5502.18
642                 0        5502.18
643                 0        5502.18
644                 0        5502.18
645                 0        5501.88
646                 0        5501.87
647                 0        5501.87
648                 0        5501.87
649                 0        5501.87
650                 0        5501.87
651                 0        5501.15
652                 0        5501.13
653                 0        5501.13
654                 0        5501.13
655                 0        5501.13
656                 0        5501.13
657                 0        5501.13
658                 0        5501.13
659                 0        5501.13
660                 0        5501.13
661                 0        5500.11
662                 0        5500.09
663                 0        5500.09
664                 0        5499.36
665                 0        5499.34
666                 0        5499.34
667                 0        5499.34
668                 0        5499.34
669                 0        5499.34
670                 0        5499.34
671                 0        5499.34
672                 0        5499.34
673                 0        5499.34
674                 0        5499.34
675                 0        5499.34
676                 0        5499.21
677                 0        5499.21
678                 0        5499.21
679                 0        5499.21
680                 0        5499.21
681                 0        5495.98
682                 0        5495.91
683                 0        5495.91
684                 0        5495.91
685                 0        5495.91
686                 0        5493.36
687                 0        5493.31
688                 0        5493.31
689                 0        5493.31
690                 0        5493.31
691                 0        5493.31
692                 0        5493.31
693                 0        5493.31
694                 0        5493.31
695                 0        5493.31
696                 0        5493.31
697                 0        5493.31
698                 0        5493.31
699                 0        5493.31
700                 0        5493.31
701                 0        5493.31
702                 0        5493.31
703                 0        5493.31
704                 0        5493.31
705                 0        5493.31
706                 0        5493.31
707                 0        5493.31
708                 0        5493.31
709                 0        5493.31
710                 0         5492.7
711                 0        5492.69
712                 0        5492.69
713                 0        5492.69
714                 0        5490.04
715                 0        5489.99
716                 0        5489.99
717                 0        5489.99
718                 0        5489.99
719                 0        5489.99
720                 0        5489.99
721                 0        5489.99
722                 0        5489.99
723                 0        5489.99
724                 0        5489.99
725                 0        5488.51
726                 0        5487.65
727                 0        5487.63
728                 0        5487.63
729                 0        5487.63
730                 0        5483.47
731                 0        5483.39
732                 0        5483.39
733                 0        5483.39
734                 0        5483.39
735                 0        5483.39
736                 0        5483.39
737                 0        5483.39
738                 0        5483.39
739                 0        5483.39
740                 0        5483.39
741                 0        5483.39
742                 0        5483.39
743                 0        5483.39
744                 0        5483.39
745                 0        5483.39
746                 0        5483.39
747                 0        5483.39
748                 0        5483.39
749                 0        5483.39
750                 0        5483.39
751                 0        5483.39
752                 0        5483.39
753                 0        5483.39
754                 0        5483.39
755                 0        5483.39
756                 0        5483.39
757                 0        5479.57
758                 0         5479.5
759                 0        5479.49
760                 0        5479.49
761                 0        5479.49
762                 0        5479.49
763                 0        5479.49
764                 0        5479.49
765                 0        5479.49
766                 0         5477.9
767                 0        5477.87
768                 0        5477.87
769                 0        5477.87
770                 0        5477.87
771                 0        5477.87
772                 0        5477.87
773                 0        5477.87
774                 0        5477.58
775                 0        5477.58
776                 0        5477.58
777                 0        5477.58
778                 0        5477.58
779                 0        5477.58
780                 0        5477.58
781                 0        5477.58
782                 0           5477
783                 0        5476.99
784                 0        5476.98
785                 0        5476.98
786                 0        5476.34
787                 0        5476.33
788                 0        5476.33
789                 0        5476.33
790                 0        5476.33
791                 0        5476.33
792                 0        5476.33
793                 0        5476.33
794                 0        5476.33
795                 0        5476.33
796                 0        5476.33
797                 0        5475.79
798                 0        5475.78
799                 0        5475.78
800                 0        5475.78
801                 0        5475.78
802                 0        5475.78
803                 0        5475.78
804                 0        5475.78
805                 0        5475.78
806                 0        5475.78
807                 0        5475.78
808                 0        5475.78
809                 0         5475.5
810                 0         5475.5
811                 0         5475.5
812                 0         5475.5
813                 0         5475.5
814                 0         5475.5
815                 0         5475.5
816                 0         5475.5
817                 0         5475.5
818                 0         5475.5
819                 0         5475.5
820                 0         5475.5
821                 0         5475.5
822                 0         5475.5
823                 0         5475.5
824                 0         5475.5
825                 0         5475.5
826                 0         5475.5
827                 0         5475.5
828                 0         5475.5
829                 0         5475.5
830                 0         5472.4
831                 0        5472.34
832                 0        5472.34
833                 0        5472.34
834                 0        5472.17
835                 0        5472.17
836                 0        5472.17
837                 0        5470.76
838                 0        5470.73
839                 0        5470.73
840                 0        5470.73
841                 0        5470.73
842                 0        5470.73
843                 0        5470.73
844                 0        5470.73
845                 0        5470.73
846                 0        5470.73
847                 0        5470.73
848                 0        5470.73
849                 0        5470.73
850                 0        5470.73
851                 0        5470.73
852                 0        5470.73
853                 0        5470.73
854                 0        5470.73
855                 0        5470.73
856                 0        5470.73
857                 0        5470.73
858                 0        5470.73
859                 0        5470.73
860                 0        5470.73
861                 0        5470.73
862                 0        5470.73
863                 0        5470.73
864                 0        5470.73
865                 0        5470.73
866                 0        5470.73
867                 0        5470.73
868                 0        5470.73
869                 0        5469.05
870                 0        5469.02
871                 0        5469.02
872                 0        5469.02
873                 0        5469.02
874                 0        5469.02
875                 0        5469.02
876                 0        5469.02
877                 0        5467.54
878                 0        5467.51
879                 0        5467.51
880                 0        5467.51
881                 0        5467.09
882                 0        5467.08
883                 0        5467.08
884                 0        5467.08
885                 0        5467.08
886                 0        5467.08
887                 0        5467.08
888                 0        5467.08
889                 0        5467.08
890                 0        5467.08
891                 0        5467.08
892                 0        5467.08
893                 0        5466.41
894                 0         5466.4
895                 0         5466.4
896                 0         5466.4
897                 0         5466.4
898                 0         5466.4
899                 0         5466.4
900                 0         5466.4
901                 0         5466.4
902                 0         5466.4
903                 0         5466.4
904                 0         5466.4
905                 0         5466.4
906                 0         5466.4
907                 0         5466.4
908                 0         5466.4
909                 0         5466.4
910                 0         5466.4
911                 0         5466.4
912                 0         5466.4
913                 0         5466.4
914                 0         5466.4
915                 0         5466.4
916                 0         5466.4
917                 0         5466.4
918                 0         5466.4
919                 0         5466.4
920                 0         5466.4
921                 0         5466.4
922                 0         5466.4
923                 0         5466.4
924                 0         5466.4
925                 0         5466.4
926                 0         5466.4
927                 0         5466.4
928                 0         5466.4
929                 0        5465.66
930                 0        5465.65
931                 0        5465.65
932                 0        5465.65
933                 0        5465.65
934                 0        5465.65
935                 0        5465.65
936                 0        5465.65
937                 0        5465.65
938                 0        5465.65
939                 0        5465.65
940                 0        5465.65
941                 0        5465.65
942                 0        5465.65
943                 0        5465.65
944                 0        5465.65
945                 0        5465.65
946                 0        5465.65
947                 0        5465.65
948                 0        5465.65
949                 0        5465.65
950                 0        5465.65
951                 0        5465.65
952                 0        5465.65
953                 0        5465.65
954                 0        5465.65
955                 0        5465.65
956                 0        5465.14
957                 0        5465.13
958                 0        5464.19
959                 0        5464.17
960                 0        5464.17
961                 0        5464.17
962                 0        5464.17
963                 0        5464.17
964                 0        5464.17
965                 0        5464.17
966                 0        5464.17
967                 0        5464.17
968                 0        5464.17
969                 0        5464.17
970                 0        5462.76
971                 0        5462.74
972                 0        5462.74
973                 0        5462.74
974                 0        5462.74
975                 0        5462.74
976                 0        5462.74
977                 0        5462.74
978                 0        5462.74
979                 0        5462.74
980                 0        5462.74
981                 0        5462.74
982                 0        5462.74
983                 0        5462.74
984                 0        5461.13
985                 0         5461.1
986                 0         5461.1
987                 0         5461.1
988                 0         5461.1
989                 0         5461.1
990                 0         5461.1
991                 0         5461.1
992                 0         5461.1
993                 0         5461.1
994                 0         5461.1
995                 0         5461.1
996                 0         5461.1
997                 0         5461.1
998                 0         5461.1
999                 0         5461.1
1000                 0        5457.12
1001                 0        5457.04
1002                 0        5457.04
1003                 0        5457.04
1004                 0        5457.04
1005                 0        5457.04
1006                 0        5457.04
1007                 0        5457.04
1008                 0        5457.04
1009                 0        5457.04
1010                 0        5457.04
1011                 0        5457.04
1012                 0        5457.04
1013                 0        5457.04
1014                 0        5457.04
1015                 0        5457.04
1016                 0        5457.04
1017                 0        5457.04
1018                 0        5457.04
1019                 0        5457.04
1020                 0        5457.04
1021                 0        5457.04
1022                 0        5457.04
1023                 0        5457.04
1024                 0        5457.04
1025                 0        5455.18
1026                 0        5455.15
1027                 0        5455.15
1028                 0        5454.89
1029                 0        5454.89
1030                 0        5454.89
1031                 0        5454.89
1032                 0        5454.89
1033                 0        5454.39
1034                 0        5454.38
1035                 0        5454.38
1036                 0        5454.38
1037                 0        5454.38
1038                 0        5454.38
1039                 0        5454.38
1040                 0        5454.38
1041                 0        5454.38
1042                 0        5454.38
1043                 0        5454.38
1044                 0        5454.38
1045                 0        5454.38
1046                 0        5454.38
1047                 0        5454.38
1048                 0        5454.38
1049                 0        5454.38
1050                 0        5454.38
1051                 0        5454.38
1052                 0        5454.38
1053                 0        5454.38
1054                 0        5453.16
1055                 0        5453.14
1056                 0        5453.13
1057                 0        5452.12
1058                 0         5452.1
1059                 0         5452.1
1060                 0        5451.81
1061                 0         5451.8
1062                 0        5449.72
1063                 0        5449.68
1064                 0        5449.68
1065                 0        5449.68
1066                 0        5449.68
1067                 0        5449.68
1068                 0        5449.68
1069                 0        5449.68
1070                 0        5449.68
1071                 0        5449.68
1072                 0        5449.68
1073                 0        5449.68
1074                 0        5449.68
1075                 0        5449.68
1076                 0        5449.68
1077                 0        5449.68
1078                 0        5449.68
1079                 0        5449.68
1080                 0        5449.68
1081                 0        5449.68
1082                 0        5449.68
1083                 0        5449.68
1084                 0        5449.68
1085                 0        5449.68
1086                 0        5449.68
1087                 0        5449.68
1088                 0        5449.68
1089                 0        5449.53
1090                 0        5449.53
1091                 0        5449.53
1092                 0        5449.53
1093                 0        5449.53
1094                 0        5449.53
1095                 0        5449.53
1096                 0        5449.53
1097                 0        5449.53
1098                 0        5449.53
1099                 0        5449.53
1100                 0        5449.53
1101                 0        5449.53
1102                 0        5449.53
1103                 0        5449.53
1104                 0        5449.53
1105                 0        5449.53
1106                 0        5449.53
1107                 0        5449.53
1108                 0        5449.53
1109                 0        5449.53
1110                 0        5449.53
1111                 0        5449.53
1112                 0        5449.53
1113                 0        5449.53
1114                 0        5448.75
1115                 0        5448.74
1116                 0        5448.74
1117                 0        5448.74
1118                 0        5448.74
1119                 0        5448.74
1120                 0        5448.74
1121                 0        5448.74
1122                 0        5448.74
1123                 0        5448.74
1124                 0        5448.74
1125                 0        5448.74
1126                 0        5448.67
1127                 0        5448.67
1128                 0        5448.67
1129                 0        5448.67
1130                 0        5448.67
1131                 0        5448.54
1132                 0        5448.53
1133                 0        5448.53
1134                 0        5448.53
1135                 0        5447.56
1136                 0        5447.54
1137                 0        5447.54
1138                 0        5447.54
1139                 0        5447.54
1140                 0        5447.54
1141                 0        5447.54
1142                 0        5447.54
1143                 0        5446.91
1144                 0         5446.9
1145                 0         5446.9
1146                 0         5446.9
1147                 0         5446.9
1148                 0         5446.9
1149                 0         5446.9
1150                 0         5446.9
1151                 0         5446.9
1152                 0         5446.9
1153                 0         5446.9
1154                 0         5446.9
1155                 0         5446.9
1156                 0         5446.9
1157                 0         5446.9
1158                 0         5446.9
1159                 0         5446.9
1160                 0         5446.9
1161                 0         5446.9
1162                 0        5444.55
1163                 0         5444.5
1164                 0         5444.5
1165                 0         5444.5
1166                 0         5444.5
1167                 0         5444.5
1168                 0         5444.5
1169                 0        5442.01
1170                 0        5441.96
1171                 0        5441.96
1172                 0        5441.96
1173                 0        5441.96
1174                 0        5441.96
1175                 0        5441.96
1176                 0        5441.96
1177                 0        5441.96
1178                 0        5441.96
1179                 0        5441.96
1180                 0        5441.96
1181                 0        5441.96
1182                 0        5441.96
1183                 0        5441.96
1184                 0        5441.96
1185                 0        5441.96
1186                 0        5441.96
1187                 0        5441.96
1188                 0        5441.96
1189                 0        5441.96
1190                 0        5439.28
1191                 0        5439.22
1192                 0        5439.22
1193                 0        5439.22
1194                 0        5439.22
1195                 0        5438.52
1196                 0        5438.51
1197                 0        5438.51
1198                 0        5438.51
1199                 0        5438.51
1200                 0        5438.51
1201                 0        5438.51
1202                 0        5438.51
1203                 0        5438.51
1204                 0        5438.28
1205                 0        5438.27
1206                 0        5438.27
1207                 0        5438.27
1208                 0        5438.27
1209                 0        5438.27
1210                 0        5438.27
1211                 0        5438.27
1212                 0        5438.27
1213                 0        5438.16
1214                 0        5438.15
1215                 0        5438.15
1216                 0        5438.15
1217                 0        5438.15
1218                 0        5438.15
1219                 0        5438.15
1220                 0        5438.15
1221                 0        5438.15
1222                 0        5438.15
1223                 0        5438.15
1224                 0        5438.15
1225                 0        5438.15
1226                 0        5438.15
1227                 0        5438.15
1228                 0        5438.15
1229                 0        5438.15
1230                 0        5438.15
1231                 0        5438.15
1232                 0        5438.15
1233                 0        5438.15
1234                 0        5438.15
1235                 0        5438.15
1236                 0        5438.15
1237                 0        5438.15
1238                 0        5438.15
1239                 0        5438.15
1240                 0        5438.15
1241                 0        5438.15
1242                 0        5438.15
1243                 0        5438.15
1244                 0        5438.15
1245                 0        5438.15
1246                 0        5438.15
1247                 0        5438.15
1248                 0        5438.15
1249                 0        5438.15
1250                 0        5438.15
1251                 0        5435.85
1252                 0         5435.8
1253                 0         5435.8
1254                 0         5435.8
1255                 0         5435.8
1256                 0         5435.8
1257                 0        5435.15
1258                 0        5435.14
1259                 0        5435.14
1260                 0        5435.14
1261                 0        5435.14
1262                 0        5435.14
1263                 0        5435.14
1264                 0        5435.14
1265                 0        5435.14
1266                 0        5435.14
1267                 0        5435.14
1268                 0        5435.14
1269                 0        5435.14
1270                 0        5435.14
1271                 0        5435.14
1272                 0        5435.14
1273                 0        5435.14
1274                 0        5435.14
1275                 0        5435.14
1276                 0        5435.14
1277                 0        5435.14
1278                 0        5435.14
1279                 0        5435.14
1280                 0        5434.73
1281                 0        5434.73
1282                 0        5434.73
1283                 0        5434.73
1284                 0        5434.73
1285                 0        5434.73
1286                 0        5434.73
1287                 0        5434.73
1288                 0        5434.73
1289                 0        5434.73
1290                 0        5434.73
1291                 0        5434.73
1292                 0        5434.73
1293                 0        5434.73
1294                 0        5434.73
1295                 0        5434.73
1296                 0        5434.73
1297                 0        5434.73
1298                 0        5434.73
1299                 0        5434.73
1300                 0        5434.73
1301                 0        5434.73
1302                 0        5434.37
1303                 0        5434.36
1304                 0        5434.36
1305                 0        5434.36
1306                 0        5434.36
1307                 0        5434.36
1308                 0        5434.36
1309                 0        5434.36
1310                 0        5434.36
1311                 0        5434.36
1312                 0        5434.36
1313                 0        5434.36
1314                 0        5434.36
1315                 0        5434.36
1316                 0        5434.36
1317                 0        5434.36
1318                 0        5434.36
1319                 0        5434.36
1320                 0        5434.36
1321                 0        5434.36
1322                 0        5434.36
1323                 0        5434.36
1324                 0        5434.36
1325                 0        5434.36
1326                 0        5434.36
1327                 0        5434.36
1328                 0        5434.36
1329                 0        5434.36
1330                 0        5434.36
1331                 0        5434.36
1332                 0        5434.36
1333                 0        5434.19
1334                 0        5432.72
1335                 0        5432.69
1336                 0        5432.69
1337                 0        5432.69
1338                 0        5432.69
1339                 0        5432.69
1340                 0        5432.43
1341                 0        5432.42
1342                 0        5432.03
1343                 0        5432.02
1344                 0        5432.02
1345                 0        5432.02
1346                 0        5432.02
1347                 0        5432.02
1348                 0        5432.02
1349                 0        5432.02
1350                 0        5432.02
1351                 0        5432.02
1352                 0        5432.02
1353                 0        5432.02
1354                 0        5432.02
1355                 0        5432.02
1356                 0        5432.02
1357                 0        5432.02
1358                 0        5432.02
1359                 0        5432.02
1360                 0        5432.02
1361                 0        5432.02
1362                 0        5432.02
1363                 0        5432.02
1364                 0        5432.02
1365                 0        5432.02
1366                 0        5432.02
1367                 0        5432.02
1368                 0        5432.02
1369                 0        5432.02
1370                 0        5432.02
1371                 0        5432.02
1372                 0        5432.02
1373                 0        5432.02
1374                 0        5432.02
1375                 0        5432.02
1376                 0        5432.02
1377                 0        5432.02
1378                 0        5432.02
1379                 0        5432.02
1380                 0        5431.42
1381                 0        5431.41
1382                 0        5431.41
1383                 0        5431.41
1384                 0        5431.41
1385                 0        5431.41
1386                 0        5431.41
1387                 0        5431.41
1388                 0        5431.41
1389                 0        5431.41
1390                 0        5431.41
1391                 0        5431.41
1392                 0        5431.28
1393                 0        5431.28
1394                 0        5429.62
1395                 0        5429.58
1396                 0        5429.58
1397                 0        5429.58
1398                 0        5429.58
1399                 0        5429.58
1400                 0        5429.58
1401                 0        5429.58
1402                 0        5429.58
1403                 0        5429.58
1404                 0        5429.58
1405                 0        5429.58
1406                 0        5429.58
1407                 0        5429.58
1408                 0        5429.58
1409                 0        5429.58
1410                 0        5429.58
1411                 0         5429.4
1412                 0        5429.39
1413                 0        5429.39
1414                 0        5429.39
1415                 0        5429.39
1416                 0        5429.39
1417                 0        5429.39
1418                 0        5429.39
1419                 0         5428.1
1420                 0        5428.08
1421                 0        5428.08
1422                 0        5428.08
1423                 0        5428.08
1424                 0        5428.08
1425                 0        5428.08
1426                 0        5428.08
1427                 0        5428.08
1428                 0        5428.08
1429                 0        5428.08
1430                 0        5427.75
1431                 0        5427.75
1432                 0        5427.75
1433                 0        5427.75
1434                 0        5427.75
1435                 0        5427.75
1436                 0        5426.06
1437                 0        5426.03
1438                 0        5426.03
1439                 0        5426.03
1440                 0        5426.03
1441                 0        5426.03
1442                 0        5426.03
1443                 0        5426.03
1444                 0        5426.03
1445                 0        5426.03
1446                 0        5426.03
1447                 0        5426.03
1448                 0        5426.03
1449                 0        5426.03
1450                 0        5426.03
1451                 0        5426.03
1452                 0        5426.03
1453                 0        5426.03
1454                 0        5426.03
1455                 0        5426.03
1456                 0        5426.03
1457                 0        5425.51
1458                 0         5425.5
1459                 0         5425.5
1460                 0         5425.5
1461                 0        5424.37
1462                 0        5424.35
1463                 0        5424.34
1464                 0        5424.34
1465                 0        5424.34
1466                 0        5424.34
1467                 0        5424.34
1468                 0        5424.34
1469                 0        5424.34
1470                 0        5424.34
1471                 0        5424.34
1472                 0        5424.34
1473                 0        5424.34
1474                 0        5424.34
1475                 0        5424.34
1476                 0        5424.34
1477                 0        5424.34
1478                 0        5424.34
1479                 0        5424.34
1480                 0        5424.34
1481                 0        5424.34
1482                 0        5424.34
1483                 0        5424.34
1484                 0        5424.34
1485                 0        5424.34
1486                 0        5423.31
1487                 0        5423.29
1488                 0        5423.29
1489                 0        5423.29
1490                 0        5423.29
1491                 0        5423.29
1492                 0        5423.29
1493                 0        5423.29
1494                 0        5423.29
1495                 0        5423.29
1496                 0        5423.29
1497                 0        5423.29
1498                 0        5423.29
1499                 0        5423.29
1500                 0        5421.71
1501                 0        5421.68
1502                 0        5421.67
1503                 0        5421.67
1504                 0        5421.67
1505                 0        5420.41
1506                 0        5420.38
1507                 0        5420.38
1508                 0        5420.38
1509                 0        5420.38
1510                 0        5420.38
1511                 0        5420.38
1512                 0        5420.38
1513                 0        5420.38
1514                 0        5420.38
1515                 0        5420.38
1516                 0        5420.38
1517                 0        5419.69
1518                 0        5419.67
1519                 0        5419.67
1520                 0        5419.67
1521                 0        5419.67
1522                 0        5419.67
1523                 0        5419.67
1524                 0        5419.67
1525                 0        5419.67
1526                 0        5419.67
1527                 0        5419.67
1528                 0        5419.67
1529                 0        5419.67
1530                 0        5419.67
1531                 0        5419.67
1532                 0        5419.67
1533                 0        5418.78
1534                 0        5418.77
1535                 0        5418.77
1536                 0        5418.77
1537                 0        5418.77
1538                 0        5418.77
1539                 0        5418.77
1540                 0        5418.77
1541                 0        5418.77
1542                 0        5418.77
1543                 0        5418.77
1544                 0        5418.77
1545                 0        5418.77
1546                 0        5418.77
1547                 0        5418.77
1548                 0        5418.77
1549                 0        5418.77
1550                 0        5418.77
1551                 0        5418.77
1552                 0        5418.77
1553                 0        5418.77
1554                 0        5417.54
1555                 0        5417.51
1556                 0        5417.51
1557                 0        5416.55
1558                 0        5416.53
1559                 0        5416.53
1560                 0        5416.53
1561                 0        5416.53
1562                 0        5416.53
1563                 0        5416.53
1564                 0        5416.53
1565                 0        5416.53
1566                 0        5416.53
1567                 0        5416.53
1568                 0        5416.53
1569                 0        5416.53
1570                 0        5416.53
1571                 0        5416.53
1572                 0        5416.53
1573                 0        5416.53
1574                 0        5416.53
1575                 0        5416.53
1576                 0        5416.53
1577                 0        5416.53
1578                 0        5416.53
1579                 0        5416.53
1580                 0        5416.53
1581                 0        5416.53
1582                 0        5416.53
1583                 0        5416.53
1584                 0        5416.53
1585                 0        5416.53
1586                 0        5416.53
1587                 0        5416.53
1588                 0        5416.53
1589                 0        5416.53
1590                 0        5416.53
1591                 0        5416.53
1592                 0        5416.53
1593                 0        5416.53
1594                 0        5416.53
1595                 0        5416.53
1596                 0        5416.53
1597                 0        5416.53
1598                 0        5416.47
1599                 0        5416.47
1600                 0        5416.47
1601                 0        5416.47
1602                 0        5416.47
1603                 0        5416.47
1604                 0        5416.47
1605                 0        5416.47
1606                 0        5416.47
1607                 0        5416.47
1608                 0        5416.47
1609                 0        5416.47
1610                 0        5416.47
1611                 0        5416.47
1612                 0        5416.47
1613                 0        5416.47
1614                 0        5416.47
1615                 0        5416.47
1616                 0        5416.47
1617                 0        5416.47
1618                 0        5416.47
1619                 0        5416.47
1620                 0        5416.47
1621                 0        5416.47
1622                 0        5414.64
1623                 0         5414.6
1624                 0         5414.6
1625                 0         5414.6
1626                 0         5414.6
1627                 0         5414.6
1628                 0         5414.6
1629                 0         5414.6
1630                 0         5414.6
1631                 0         5414.6
1632                 0         5414.6
1633                 0         5414.6
1634                 0         5414.6
1635                 0         5414.6
1636                 0         5414.6
1637                 0         5414.6
1638                 0        5413.68
1639                 0        5413.66
1640                 0        5413.66
1641                 0        5413.66
1642                 0        5413.66
1643                 0        5413.49
1644                 0        5413.49
1645                 0        5413.49
1646                 0        5413.49
1647                 0        5413.49
1648                 0        5413.49
1649                 0        5413.49
1650                 0        5413.49
1651                 0        5413.49
1652                 0        5413.49
1653                 0        5413.49
1654                 0        5413.49
1655                 0        5413.49
1656                 0        5413.49
1657                 0        5413.49
1658                 0        5413.49
1659                 0        5413.49
1660                 0        5413.49
1661                 0        5413.49
1662                 0        5413.49
1663                 0        5413.49
1664                 0        5413.49
1665                 0        5413.49
1666                 0        5413.49
1667                 0        5413.49
1668                 0        5413.49
1669                 0        5413.49
1670                 0        5413.49
1671                 0        5413.49
1672                 0        5412.24
1673                 0        5412.22
1674                 0        5412.22
1675                 0        5412.22
1676                 0        5412.22
1677                 0        5411.62
1678                 0         5411.6
1679                 0         5411.6
1680                 0         5411.6
1681                 0         5411.6
1682                 0         5411.6
1683                 0         5411.6
1684                 0         5411.6
1685                 0         5411.6
1686                 0         5411.6
1687                 0         5411.6
1688                 0         5411.6
1689                 0        5411.24
1690                 0        5411.24
1691                 0        5411.24
1692                 0        5410.05
1693                 0        5410.03
1694                 0        5410.03
1695                 0        5410.03
1696                 0        5410.03
1697                 0        5410.03
1698                 0        5410.03
1699                 0        5410.03
1700                 0        5410.03
1701                 0        5410.03
1702                 0        5410.03
1703                 0        5409.58
1704                 0        5409.57
1705                 0        5409.57
1706                 0        5409.57
1707                 0        5409.57
1708                 0        5409.57
1709                 0        5408.31
1710                 0        5408.29
1711                 0        5408.29
1712                 0        5408.29
1713                 0        5408.29
1714                 0        5408.29
1715                 0        5408.29
1716                 0        5408.29
1717                 0        5408.29
1718                 0        5408.29
1719                 0        5408.29
1720                 0        5408.29
1721                 0        5408.29
1722                 0        5408.29
1723                 0        5408.29
1724                 0        5408.29
1725                 0        5408.29
1726                 0        5408.29
1727                 0        5408.29
1728                 0        5408.29
1729                 0        5408.29
1730                 0        5408.29
1731                 0        5408.29
1732                 0        5408.29
1733                 0        5408.29
1734                 0        5408.29
1735                 0        5408.29
1736                 0        5408.29
1737                 0        5408.29
1738                 0        5408.29
1739                 0        5408.29
1740                 0        5408.29
1741                 0        5408.29
1742                 0        5408.29
1743                 0        5408.29
1744                 0        5408.29
1745                 0        5408.29
1746                 0        5408.29
1747                 0        5408.24
1748                 0        5408.23
1749                 0        5408.23
1750                 0        5408.23
1751                 0        5408.23
1752                 0        5408.23
1753                 0        5408.23
1754                 0        5408.23
1755                 0        5408.23
1756                 0        5408.23
1757                 0        5408.23
1758                 0        5408.23
1759                 0        5408.23
1760                 0        5408.23
1761                 0        5408.23
1762                 0        5408.23
1763                 0        5408.23
1764                 0        5408.23
1765                 0        5408.23
1766                 0        5408.23
1767                 0        5408.23
1768                 0        5408.23
1769                 0        5408.23
1770                 0        5408.23
1771                 0        5408.23
1772                 0        5408.23
1773                 0        5408.23
1774                 0        5408.23
1775                 0        5408.23
1776                 0        5408.23
1777                 0        5408.23
1778                 0        5408.23
1779                 0        5408.23
1780                 0        5408.23
1781                 0        5408.23
1782                 0        5408.23
1783                 0        5408.23
1784                 0        5408.23
1785                 0        5408.23
1786                 0        5408.23
1787                 0        5408.23
1788                 0        5408.23
1789                 0        5408.23
1790                 0        5408.23
1791                 0        5408.23
1792                 0        5408.23
1793                 0        5408.23
1794                 0        5408.23
1795                 0        5408.23
1796                 0        5408.23
1797                 0        5408.23
1798                 0        5408.23
1799                 0        5408.23
1800                 0        5408.23
1801                 0        5408.23
1802                 0        5408.23
1803                 0        5408.23
1804                 0        5408.23
1805                 0        5408.23
1806                 0        5408.23
1807                 0        5408.23
1808                 0        5408.23
1809                 0        5408.23
1810                 0        5408.23
1811                 0        5408.23
1812                 0        5408.23
1813                 0        5407.75
1814                 0        5407.71
1815                 0        5407.71
1816                 0        5407.71
1817                 0        5407.71
1818                 0        5407.71
1819                 0        5407.71
1820                 0        5407.71
1821                 0        5407.71
1822                 0        5407.71
1823                 0        5407.71
1824                 0        5407.71
1825                 0        5407.71
1826                 0        5407.71
1827                 0        5406.75
1828                 0        5406.43
1829                 0        5406.42
1830                 0        5406.42
1831                 0        5406.42
1832                 0        5406.42
1833                 0        5406.05
1834                 0        5406.04
1835                 0        5406.04
1836                 0        5406.04
1837                 0        5406.04
1838                 0        5406.04
1839                 0        5406.04
1840                 0        5406.04
1841                 0        5406.04
1842                 0        5406.04
1843                 0        5406.04
1844                 0        5406.04
1845                 0        5406.04
1846                 0        5406.04
1847                 0        5406.04
1848                 0         5405.4
1849                 0        5405.38
1850                 0        5405.38
1851                 0        5405.38
1852                 0        5405.38
1853                 0        5405.38
1854                 0        5405.38
1855                 0        5405.38
1856                 0        5405.38
1857                 0        5405.38
1858                 0        5405.38
1859                 0        5405.38
1860                 0        5405.38
1861                 0        5405.38
1862                 0        5405.38
1863                 0        5405.38
1864                 0        5405.38
1865                 0        5405.38
1866                 0        5405.38
1867                 0        5405.38
1868                 0        5405.38
1869                 0        5405.38
1870                 0        5405.38
1871                 0        5403.97
1872                 0        5403.95
1873                 0        5403.95
1874                 0        5403.95
1875                 0        5403.95
1876                 0        5403.95
1877                 0        5403.95
1878                 0        5403.47
1879                 0        5403.46
1880                 0        5403.46
1881                 0        5403.46
1882                 0        5403.46
1883                 0        5403.46
1884                 0        5403.46
1885                 0        5403.46
1886                 0        5403.46
1887                 0        5403.46
1888                 0        5403.46
1889                 0        5403.46
1890                 0        5403.46
1891                 0        5403.46
1892                 0        5403.46
1893                 0        5403.46
1894                 0        5403.46
1895                 0        5403.46
1896                 0        5403.46
1897                 0        5403.46
1898                 0        5403.46
1899                 0        5403.46
1900                 0        5403.46
1901                 0        5403.46
1902                 0        5403.46
1903                 0        5403.46
1904                 0        5403.46
1905                 0        5402.87
1906                 0        5402.86
1907                 0        5402.86
1908                 0        5402.86
1909                 0        5402.86
1910                 0        5402.86
1911                 0        5402.86
1912                 0        5402.86
1913                 0        5402.86
1914                 0        5402.86
1915                 0        5402.86
1916                 0        5402.86
1917                 0        5402.86
1918                 0        5402.86
1919                 0        5402.86
1920                 0        5402.86
1921                 0        5402.86
1922                 0        5402.86
1923                 0        5402.86
1924                 0        5402.86
1925                 0        5402.86
1926                 0        5402.86
1927                 0        5401.66
1928                 0        5401.63
1929                 0        5401.63
1930                 0        5401.63
1931                 0        5401.63
1932                 0        5401.63
1933                 0        5401.63
1934                 0        5401.63
1935                 0        5401.63
1936                 0        5401.63
1937                 0        5401.63
1938                 0        5401.63
1939                 0        5401.63
1940                 0        5401.63
1941                 0        5401.63
1942                 0        5401.63
1943                 0        5401.63
1944                 0        5401.63
1945                 0        5401.37
1946                 0        5401.37
1947                 0        5401.37
1948                 0        5401.37
1949                 0        5401.37
1950                 0        5401.37
1951                 0        5401.34
1952                 0        5401.34
1953                 0        5401.34
1954                 0        5401.34
1955                 0        5401.34
1956                 0        5401.34
1957                 0        5401.34
1958                 0        5401.34
1959                 0        5401.34
1960                 0        5401.34
1961                 0        5401.34
1962                 0        5401.34
1963                 0        5401.34
1964                 0        5401.34
1965                 0        5401.34
1966                 0        5401.34
1967                 0        5401.34
1968                 0        5401.34
1969                 0        5401.34
1970                 0        5401.34
1971                 0        5401.34
1972                 0        5401.34
1973                 0        5401.34
1974                 0        5401.34
1975                 0        5401.34
1976                 0        5401.34
1977                 0        5401.34
1978                 0        5400.27
1979                 0        5400.24
1980                 0        5400.24
1981                 0        5400.24
1982                 0        5400.24
1983                 0        5399.99
1984                 0        5399.99
1985                 0        5399.98
1986                 0        5399.98
1987                 0        5399.98
1988                 0        5399.98
1989                 0        5399.98
1990                 0        5399.98
1991                 0        5399.98
1992                 0        5399.98
1993                 0        5399.98
1994                 0        5399.98
1995                 0        5399.98
1996                 0        5399.98
1997                 0        5399.98
1998                 0        5399.98
1999                 0        5399.98
2000                 0        5399.98
2001                 0        5399.98
2002                 0        5399.98
2003                 0        5399.98
2004                 0        5399.05
2005                 0        5399.03
2006                 0        5399.03
2007                 0        5399.03
2008                 0        5399.03
2009                 0        5399.03
2010                 0        5399.03
2011                 0        5399.03
2012                 0        5399.03
2013                 0        5399.03
2014                 0        5399.03
2015                 0        5399.03
2016                 0        5399.03
2017                 0        5397.45
2018                 0        5397.42
2019                 0        5397.42
2020                 0        5397.42
2021                 0        5397.42
2022                 0        5397.42
2023                 0        5397.42
2024                 0        5397.42
2025                 0        5397.42
2026                 0        5397.42
2027                 0        5397.42
2028                 0        5397.42
2029                 0        5397.42
2030                 0        5397.42
2031                 0        5397.42
2032                 0        5397.42
2033                 0        5397.42
2034                 0        5397.42
2035                 0        5397.42
2036                 0        5397.42
2037                 0        5397.42
2038                 0        5397.42
2039                 0        5397.33
2040                 0        5397.33
2041                 0        5397.33
2042                 0        5396.69
2043                 0        5396.67
2044                 0        5396.67
2045                 0        5396.67
2046                 0        5396.67
2047                 0        5396.67
2048                 0        5396.67
2049                 0        5396.67
2050                 0        5396.67
2051                 0        5396.67
2052                 0        5396.67
2053                 0        5396.67
2054                 0        5396.67
2055                 0        5396.67
2056                 0        5396.67
2057                 0        5396.67
2058                 0        5396.67
2059                 0        5396.67
2060                 0        5396.67
2061                 0        5396.67
2062                 0        5396.67
2063                 0        5396.67
2064                 0        5395.63
2065                 0        5395.61
2066                 0        5395.61
2067                 0        5395.61
2068                 0        5395.61
2069                 0        5395.61
2070                 0        5395.61
2071                 0        5395.61
2072                 0        5395.61
2073                 0        5395.61
2074                 0        5395.61
2075                 0        5395.61
2076                 0        5395.61
2077                 0        5395.61
2078                 0        5395.61
2079                 0        5395.61
2080                 0        5395.48
2081                 0        5395.48
2082                 0        5395.48
2083                 0        5395.48
2084                 0        5395.48
2085                 0        5395.48
2086                 0        5395.48
2087                 0        5395.48
2088                 0        5395.48
2089                 0        5395.48
2090                 0        5395.33
2091                 0        5395.33
2092                 0        5395.33
2093                 0        5395.33
2094                 0        5395.33
2095                 0        5395.33
2096                 0        5395.33
2097                 0        5395.33
2098                 0        5395.33
2099                 0        5395.33
2100                 0        5395.33
2101                 0        5395.33
2102                 0        5395.33
2103                 0        5395.33
2104                 0        5395.33
2105                 0        5395.33
2106                 0        5395.33
2107                 0        5395.31
2108                 0        5395.31
2109                 0        5395.31
2110                 0        5395.31
2111                 0        5395.31
2112                 0        5395.31
2113                 0        5394.25
2114                 0        5394.23
2115                 0        5394.23
2116                 0        5394.23
2117                 0        5394.23
2118                 0        5394.23
2119                 0        5394.23
2120                 0        5394.23
2121                 0        5394.23
2122                 0        5394.23
2123                 0        5394.23
2124                 0        5394.23
2125                 0        5394.23
2126                 0        5394.23
2127                 0        5394.23
2128                 0        5394.23
2129                 0        5394.23
2130                 0        5394.23
2131                 0        5394.23
2132                 0        5394.23
2133                 0        5394.23
2134                 0        5394.23
2135                 0        5394.23
2136                 0        5394.23
2137                 0        5394.23
2138                 0        5394.23
2139                 0        5394.23
2140                 0        5394.23
2141                 0        5394.23
2142                 0        5394.23
2143                 0        5394.23
2144                 0        5394.23
2145                 0        5394.23
2146                 0        5394.23
2147                 0        5394.23
2148                 0        5394.23
2149                 0        5394.23
2150                 0        5394.23
2151                 0        5394.23
2152                 0        5394.23
2153                 0        5394.23
2154                 0        5394.23
2155                 0        5394.23
2156                 0        5394.23
2157                 0        5394.23
2158                 0        5394.23
2159                 0        5394.23
2160                 0        5394.23
2161                 0        5394.23
2162                 0        5394.23
2163                 0        5394.23
2164                 0        5394.23
2165                 0        5394.23
2166                 0        5394.23
2167                 0        5394.23
2168                 0        5394.23
2169                 0        5394.23
2170                 0        5394.23
2171                 0        5394.23
2172                 0        5394.23
2173                 0        5394.23
2174                 0        5394.23
2175                 0        5394.23
2176                 0        5394.23
2177                 0        5394.23
2178                 0        5394.23
2179                 0        5394.23
2180                 0        5394.23
2181                 0        5394.23
2182                 0        5394.23
2183                 0        5394.23
2184                 0        5394.23
2185                 0        5394.23
2186                 0        5394.23
2187                 0        5394.23
2188                 0        5394.23
2189                 0        5394.23
2190                 0        5394.23
2191                 0        5394.23
2192                 0        5394.23
2193                 0        5394.23
2194                 0        5394.23
2195                 0        5394.23
2196                 0        5394.23
2197                 0        5394.23
2198                 0        5394.23
2199                 0        5394.23
2200                 0        5394.23
2201                 0        5394.23
2202                 0        5394.23
2203                 0        5394.23
2204                 0        5394.23
2205                 0        5394.23
2206                 0        5393.29
2207                 0        5393.27
2208                 0        5393.27
2209                 0        5393.27
2210                 0        5393.27
2211                 0        5393.27
2212                 0        5393.27
2213                 0        5393.27
2214                 0        5392.76
2215                 0        5392.75
2216                 0        5392.75
2217                 0        5392.75
2218                 0        5392.75
2219                 0        5392.75
2220                 0        5392.75
2221                 0        5392.75
2222                 0        5392.75
2223                 0        5392.75
2224                 0        5392.75
2225                 0        5392.75
2226                 0        5392.75
2227                 0        5392.75
2228                 0        5392.75
2229                 0        5392.75
2230                 0        5392.75
2231                 0        5392.75
2232                 0        5392.75
2233                 0        5392.75
2234                 0        5392.75
2235                 0        5392.75
2236                 0        5392.75
2237                 0        5392.74
2238                 0        5392.74
2239                 0        5392.74
2240                 0        5392.74
2241                 0        5392.74
2242                 0        5392.74
2243                 0        5392.74
2244                 0        5392.74
2245                 0        5392.74
2246                 0        5392.74
2247                 0        5392.74
2248                 0        5392.74
2249                 0        5392.74
2250                 0        5392.74
2251                 0        5392.74
2252                 0        5392.74
2253                 0        5392.74
2254                 0        5392.74
2255                 0        5392.74
2256                 0        5392.74
2257                 0        5392.74
2258                 0        5392.74
2259                 0        5392.74
2260                 0        5392.74
2261                 0        5392.74
2262                 0        5392.27
2263                 0        5392.26
2264                 0        5392.26
2265                 0        5392.26
2266                 0        5392.26
2267                 0        5392.26
2268                 0        5392.26
2269                 0        5392.26
2270                 0        5392.26
2271                 0        5392.26
2272                 0        5392.26
2273                 0        5392.26
2274                 0         5391.5
2275                 0        5391.48
2276                 0        5391.48
2277                 0        5391.48
2278                 0        5391.48
2279                 0        5391.18
2280                 0        5391.17
2281                 0        5391.17
2282                 0        5391.17
2283                 0        5391.17
2284                 0        5391.17
2285                 0        5391.17
2286                 0        5391.17
2287                 0        5391.17
2288                 0        5391.17
2289                 0        5391.17
2290                 0        5391.17
2291                 0        5391.17
2292                 0        5391.17
2293                 0        5391.17
2294                 0        5391.17
2295                 0        5391.17
2296                 0        5391.17
2297                 0        5391.17
2298                 0        5391.17
2299                 0        5391.17
2300                 0        5391.17
2301                 0        5391.17
2302                 0        5391.17
2303                 0        5391.17
2304                 0        5391.17
2305                 0        5391.17
2306                 0        5391.17
2307                 0        5391.17
2308                 0        5391.17
2309                 0        5391.17
2310                 0        5391.17
2311                 0        5391.17
2312                 0        5391.17
2313                 0        5391.17
2314                 0        5391.17
2315                 0        5391.17
2316                 0        5391.17
2317                 0        5391.17
2318                 0        5391.17
2319                 0        5391.17
2320                 0        5391.17
2321                 0        5391.17
2322                 0        5391.17
2323                 0        5391.09
2324                 0        5391.08
2325                 0        5391.01
2326                 0        5391.01
2327                 0        5391.01
2328                 0        5391.01
2329                 0        5391.01
2330                 0        5391.01
2331                 0        5391.01
2332                 0        5391.01
2333                 0        5391.01
2334                 0        5391.01
2335                 0        5391.01
2336                 0        5391.01
2337                 0        5391.01
2338                 0        5391.01
2339                 0        5391.01
2340                 0        5391.01
2341                 0        5391.01
2342                 0        5391.01
2343                 0        5391.01
2344                 0        5391.01
2345                 0        5391.01
2346                 0        5391.01
2347                 0        5391.01
2348                 0        5391.01
2349                 0        5391.01
2350                 0        5391.01
2351                 0        5391.01
2352                 0        5391.01
2353                 0        5391.01
2354                 0        5391.01
2355                 0        5391.01
2356                 0        5391.01
2357                 0        5391.01
2358                 0        5391.01
2359                 0        5391.01
2360                 0        5391.01
2361                 0        5391.01
2362                 0        5391.01
2363                 0        5391.01
2364                 0        5391.01
2365                 0        5391.01
2366                 0        5391.01
2367                 0        5391.01
2368                 0        5391.01
2369                 0        5391.01
2370                 0        5391.01
2371                 0        5391.01
2372                 0        5391.01
2373                 0        5391.01
2374                 0        5391.01
2375                 0        5391.01
2376                 0        5391.01
2377                 0        5391.01
2378                 0        5391.01
2379                 0        5391.01
2380                 0        5391.01
2381                 0        5391.01
2382                 0        5391.01
2383                 0        5391.01
2384                 0        5391.01
2385                 0        5391.01
2386                 0        5391.01
2387                 0        5391.01
2388                 0        5390.93
2389                 0        5390.93
2390                 0        5390.07
2391                 0        5390.05
2392                 0        5390.05
2393                 0        5390.05
2394                 0        5390.05
2395                 0        5390.05
2396                 0        5390.05
2397                 0        5390.05
2398                 0        5390.05
2399                 0        5390.05
2400                 0        5390.05
2401                 0        5390.05
2402                 0        5390.05
2403                 0        5390.05
2404                 0        5390.05
2405                 0        5390.05
2406                 0        5390.05
2407                 0        5390.05
2408                 0        5390.05
2409                 0        5390.05
2410                 0        5390.05
2411                 0        5390.05
2412                 0        5390.05
2413                 0        5390.05
2414                 0        5390.05
2415                 0        5390.05
2416                 0        5390.05
2417                 0        5390.05
2418                 0        5390.05
2419                 0        5390.05
2420                 0        5390.05
2421                 0        5390.05
2422                 0        5390.05
2423                 0        5389.64
2424                 0        5389.63
2425                 0        5389.63
2426                 0        5389.63
2427                 0        5389.63
2428                 0        5389.63
2429                 0        5389.63
2430                 0        5389.63
2431                 0        5389.63
2432                 0        5389.63
2433                 0        5389.63
2434                 0        5389.63
2435                 0        5389.63
2436                 0        5389.63
2437                 0        5389.63
2438                 0        5389.63
2439                 0        5389.63
2440                 0        5389.63
2441                 0        5389.63
2442                 0        5389.63
2443                 0        5389.49
2444                 0        5389.48
2445                 0        5389.48
2446                 0        5389.48
2447                 0        5389.48
2448                 0        5389.48
2449                 0        5389.48
2450                 0        5389.39
2451                 0        5389.38
2452                 0        5389.38
2453                 0        5389.38
2454                 0        5389.38
2455                 0        5389.38
2456                 0        5389.38
2457                 0        5389.38
2458                 0        5389.38
2459                 0        5389.38
2460                 0        5389.38
2461                 0        5389.38
2462                 0        5389.38
2463                 0        5389.38
2464                 0        5389.38
2465                 0        5389.38
2466                 0        5389.38
2467                 0        5389.38
2468                 0        5389.38
2469                 0        5389.38
2470                 0        5389.38
2471                 0        5389.38
2472                 0        5389.38
2473                 0           5389
2474                 0        5388.99
2475                 0        5388.99
2476                 0        5388.99
2477                 0        5388.99
2478                 0        5388.99
2479                 0        5388.99
2480                 0        5388.99
2481                 0        5388.99
2482                 0        5388.99
2483                 0        5388.99
2484                 0        5388.99
2485                 0        5388.99
2486                 0        5388.99
2487                 0        5388.99
2488                 0        5388.99
2489                 0        5388.99
2490                 0        5388.99
2491                 0        5388.99
2492                 0        5388.99
2493                 0        5388.99
2494                 0        5388.99
2495                 0        5388.99
2496                 0        5388.99
2497                 0        5388.99
2498                 0        5388.99
2499                 0        5388.99
2500                 0        5388.99
