#ITER       #BEST_FO       #MEDIA_FO
1           15068.8     1.1319e+19
2           15068.8     2.2638e+17
3             12275     4.5276e+15
4           10430.3    9.05521e+13
5           9993.55    1.81104e+12
6           8417.49    3.62209e+10
7           7643.47    7.24433e+08
8           7446.32    1.45025e+07
9           7446.32         302907
10            7132.8        17628.3
11           6980.88        10664.1
12           6980.88         9727.2
13           6803.04        9112.47
14           6803.04        8679.92
15           6525.76        8413.77
16           6525.76        8198.66
17           6525.76        8078.99
18           6525.76        8038.67
19           6525.76        7925.43
20           6184.33        7869.78
21           6184.33        7751.95
22           6184.33        7667.32
23           6184.33        7628.27
24           6184.33        7604.58
25           6184.33        7571.21
26           6184.33         7511.1
27           6184.33        7465.04
28           6095.54        7330.85
29           6095.54        7327.27
30           6095.54        7244.31
31           6095.54         7202.5
32           6095.54        7187.16
33           6095.54        7139.89
34           6095.54        7123.89
35           6095.54        7088.83
36           6095.54        7082.96
37           6095.54        7082.84
38           6095.54        7063.63
39           6063.49        7041.75
40           6063.49        7041.31
41           6063.49         7041.3
42           6063.49         7041.3
43           6063.49         7041.3
44           6063.49        7009.29
45           6063.49        7001.21
46           6063.49        6974.21
47           6063.49        6973.67
48           6063.49        6967.82
49           6063.49         6967.7
50           6063.49         6967.7
51           6063.49        6912.74
52           6063.49        6911.64
53           6063.49        6911.62
54           6063.49        6909.17
55           6063.49        6902.93
56           6063.49         6902.7
57           6063.49        6902.69
58           6063.49        6892.99
59           6063.49        6854.18
60           6063.49        6853.41
61           6063.49        6853.39
62           6063.49        6850.12
63           6063.49        6850.06
64           6063.49        6850.05
65           6063.49        6850.05
66           6063.49        6850.05
67           6063.49        6850.05
68           6063.49        6849.36
69           6063.49        6849.35
70           6063.49           6830
71           6063.49        6803.46
72           6063.49        6799.99
73           6063.49        6799.92
74           6063.49        6793.19
75           6063.49        6793.05
76           6063.49         6753.6
77           6063.49        6747.19
78           6063.49        6727.73
79           6063.49        6727.35
80           6063.49        6727.34
81           6063.49        6727.34
82           6063.49        6712.19
83           6063.49        6670.46
84           6063.49        6649.07
85           6063.49        6648.64
86           6063.49        6648.63
87           6063.49        6648.63
88           6063.49        6648.63
89           6063.49        6645.08
90           6063.49        6645.01
91           6063.49        6638.03
92           6063.49         6637.9
93           6063.49        6628.83
94           6063.49        6622.77
95           6063.49        6594.22
96           6063.49        6591.19
97           6063.49        6591.13
98           6063.49        6589.94
99           6063.49        6588.32
100           6063.49        6571.03
101           6063.49        6562.73
102           6063.49        6560.05
103           6063.49           6560
104           6063.49           6560
105           6063.49         6555.4
106           6063.49        6536.43
107           6063.49        6529.32
108           6063.49        6529.18
109           6063.49        6523.87
110           6063.49        6523.77
111           6063.49        6523.76
112           6063.49        6523.76
113           6063.49        6523.76
114           6047.48        6461.09
115           6047.48         6412.4
116           6047.48        6389.12
117           6001.13        6365.36
118           6001.13        6340.82
119           6001.13        6334.22
120           5973.83        6326.72
121           5973.83           6324
122           5973.83        6322.36
123           5973.83        6317.83
124           5973.83        6314.87
125           5973.83        6302.98
126           5970.05        6299.86
127           5970.05        6295.52
128           5970.05        6294.29
129           5970.05        6289.04
130           5970.05         6285.9
131           5970.05         6283.7
132           5965.69         6279.4
133           5965.69        6273.01
134           5965.69        6271.48
135           5965.69        6268.79
136           5965.69        6265.95
137           5950.93        6261.19
138           5910.67        6245.85
139           5910.67        6235.38
140           5910.67        6230.08
141           5910.67        6229.28
142           5910.67        6229.27
143           5910.67        6229.27
144           5910.67         6228.1
145           5910.67        6228.05
146           5910.67        6227.42
147           5910.67        6222.71
148           5910.67        6220.37
149           5910.67        6214.69
150           5910.67        6199.07
151           5909.75        6198.15
152           5909.75        6198.14
153           5909.75        6192.96
154           5909.75        6192.75
155           5909.75        6191.17
156           5909.75        6189.72
157           5909.75        6189.69
158           5909.75         6189.4
159           5909.75        6189.28
160           5900.65         6180.6
161           5900.65        6179.62
162           5900.65         6179.6
163           5900.65         6179.6
164           5900.65        6179.39
165           5900.65        6179.19
166           5900.65        6178.98
167           5900.65        6178.53
168           5900.65        6176.61
169           5900.65        6176.57
170           5900.65        6176.57
171           5900.65        6176.18
172           5900.65        6175.63
173           5900.65        6175.44
174           5900.65         6173.6
175           5900.65        6173.19
176           5900.65         6169.7
177           5900.65        6169.19
178           5900.65        6166.55
179           5900.65        6164.09
180           5900.65        6164.04
181           5900.65        6164.04
182           5900.65        6163.64
183           5900.65        6163.63
184           5900.65        6163.13
185           5900.65        6163.12
186           5900.65        6162.95
187           5900.65        6161.86
188           5900.65        6159.66
189           5900.65        6156.44
190           5900.65        6155.98
191           5900.65        6155.97
192           5900.65        6155.97
193           5900.65        6149.73
194           5900.65         6149.6
195           5900.65         6149.3
196           5900.65         6149.3
197           5900.65         6149.3
198           5900.65        6148.17
199           5900.65        6148.09
200           5900.65        6148.09
201           5900.65        6145.68
202           5900.65        6144.79
203           5900.65        6144.77
204           5900.65         6144.4
205           5900.65         6144.4
206           5900.65         6144.4
207           5900.65        6143.87
208           5900.65        6143.86
209           5900.65        6143.72
210           5900.65        6143.72
211           5900.65        6143.72
212           5900.65        6143.72
213           5900.65        6143.11
214           5900.65         6143.1
215           5900.65         6143.1
216           5900.65        6135.27
217           5900.65        6133.98
218           5900.65        6133.96
219            5898.4        6133.57
220            5898.4        6132.79
221            5898.4        6131.53
222            5898.4        6131.41
223            5898.4        6129.95
224            5898.4        6129.92
225            5898.4        6129.73
226            5898.4         6128.7
227            5898.4        6128.68
228            5898.4        6127.17
229            5898.4        6127.14
230            5898.4        6127.14
231            5898.4        6127.14
232            5898.4        6127.08
233            5898.4        6127.08
234           5896.41        6126.72
235           5896.41        6126.71
236           5896.41        6126.71
237           5896.41        6126.71
238           5896.41        6126.71
239           5896.41        6126.71
240           5896.41        6126.71
241           5896.41        6126.71
242           5896.41        6126.71
243           5896.41        6126.71
244           5896.41        6124.33
245           5896.41        6124.28
246           5896.41        6124.28
247           5896.41        6124.28
248           5896.41        6124.28
249           5896.41        6124.28
250           5896.41        6124.28
251           5896.41        6124.28
252           5896.41        6124.28
253           5896.41        6124.28
254           5896.41        6124.28
255           5896.41        6124.28
256           5896.41        6124.28
257           5896.41        6124.28
258           5896.41        6124.28
259           5896.41        6120.12
260           5896.41        6120.04
261           5896.41        6120.03
262           5896.41        6120.03
263           5896.41        6120.03
264           5896.41        6120.03
265           5896.41         6119.2
266           5896.41        6119.18
267           5896.41        6119.18
268           5896.41        6119.18
269           5896.41        6119.18
270           5896.41        6119.18
271           5896.41        6119.18
272           5896.41        6119.18
273           5896.41        6119.18
274           5896.41        6119.18
275           5896.41        6119.18
276           5896.41        6119.18
277           5896.41        6119.18
278           5896.41        6119.18
279           5896.41        6119.18
280           5896.41        6119.18
281           5896.41        6119.18
282           5896.41        6118.74
283           5896.41        6118.73
284           5896.41        6118.73
285           5896.41        6118.73
286           5896.41        6118.73
287           5896.41        6118.73
288           5896.41        6118.73
289           5896.41        6118.73
290           5896.41        6118.73
291           5896.41        6118.73
292           5896.41        6118.73
293           5896.41        6117.65
294           5896.41        6117.63
295           5896.41        6117.63
296           5896.41        6117.63
297           5896.41        6117.63
298           5896.41        6117.63
299           5896.41        6117.63
300           5896.41        6117.63
301           5896.41        6117.63
302           5896.41        6117.63
303           5896.41        6117.63
304           5896.41        6117.63
305           5896.41        6117.63
306           5896.41        6117.63
307           5896.41        6117.63
308           5896.41        6117.63
309           5896.41        6117.63
310           5896.41        6117.63
311           5896.41        6117.63
312           5896.41        6117.63
313           5896.41        6117.63
314           5896.41        6117.63
315           5896.41        6117.63
316           5896.41        6117.63
317           5896.41        6117.63
318           5896.41        6117.63
319           5896.41        6117.63
320           5896.41        6117.63
321           5896.41        6117.63
322           5896.41        6117.63
323           5896.41        6117.63
324           5896.41        6117.63
325           5896.41        6117.63
326           5896.41        6117.63
327           5896.41        6117.63
328           5896.41        6117.63
329           5896.41        6117.63
330           5896.41        6117.63
331           5896.41        6114.33
332           5896.41        6114.27
333           5896.41        6111.35
334           5896.41         6111.3
335           5896.41         6111.3
336           5896.41         6111.3
337           5896.41         6111.3
338           5896.41         6111.3
339           5896.41         6111.3
340           5896.41         6111.3
341           5896.41         6111.3
342           5896.41         6111.3
343           5896.41         6111.3
344           5896.41        6109.17
345           5896.41        6109.12
346           5896.41        6108.86
347           5896.41        6108.86
348           5896.41        6108.86
349           5896.41        6108.86
350           5896.41        6107.91
351           5896.41         6107.9
352           5896.41         6107.9
353           5896.41         6107.9
354           5896.41         6107.9
355           5896.41         6107.9
356           5896.41         6107.9
357           5896.41         6107.9
358           5896.41         6107.9
359           5896.41         6106.3
360           5896.41        6106.27
361           5896.41        6106.27
362           5896.41        6100.22
363           5896.41         6100.1
364           5896.41        6100.09
365           5896.41        6100.09
366           5896.41        6100.09
367           5896.41        6100.09
368           5896.41        6100.09
369           5896.41        6100.09
370           5896.41        6100.09
371           5896.41        6100.09
372           5896.41        6100.09
373           5896.41        6100.09
374           5896.41        6100.09
375           5896.41        6100.09
376           5896.41        6100.09
377           5896.41        6100.09
378           5896.41        6100.09
379           5896.41        6100.09
380           5896.41        6100.09
381           5896.41        6100.09
382           5896.41        6098.79
383           5896.41        6098.77
384           5896.41        6098.77
385           5896.41        6098.77
386           5896.41        6098.77
387           5896.41        6098.77
388           5896.41        6098.77
389           5896.41        6098.77
390           5896.41        6098.77
391           5896.41        6095.99
392           5896.41        6092.67
393           5896.41         6092.6
394           5896.41         6092.6
395           5896.41         6092.6
396           5896.41         6092.6
397           5896.41         6092.6
398           5896.41         6092.6
399           5896.41         6092.6
400           5896.41         6092.6
401           5896.41         6092.6
402           5896.41         6092.6
403           5896.41         6092.6
404           5896.41         6092.6
405           5896.41         6092.6
406           5896.41         6092.6
407           5896.41         6092.6
408           5896.41         6092.6
409           5896.41         6092.6
410           5896.41         6092.6
411           5896.41         6092.6
412           5896.41         6092.6
413           5896.41         6092.6
414           5896.41         6092.6
415           5896.41         6092.6
416           5896.41         6092.6
417           5896.41         6092.6
418           5896.41         6092.6
419           5896.41         6092.6
420           5896.41         6092.6
421           5896.41         6092.6
422           5896.41         6092.6
423           5896.41         6092.6
424           5896.41         6092.6
425           5896.41         6092.6
426           5896.41         6092.6
427           5896.41         6092.6
428           5896.41         6092.6
429           5896.41         6092.6
430           5896.41         6092.6
431           5896.41         6092.6
432           5896.41         6092.6
433           5896.41         6092.6
434           5896.41         6092.6
435           5896.41         6092.6
436           5896.41         6092.6
437           5896.41         6092.6
438           5896.41        6091.55
439           5896.41        6091.52
440           5896.41        6091.52
441           5896.41        6087.81
442           5896.41        6087.73
443           5896.41        6087.73
444           5896.41        6087.73
445           5896.41        6087.73
446           5896.41        6087.73
447           5896.41        6087.73
448           5896.41        6087.73
449           5896.41        6087.73
450           5896.41        6085.85
451           5896.41        6085.82
452           5896.41        6085.81
453           5896.41        6085.81
454           5896.41        6082.21
455           5896.41        6082.13
456           5896.41        6082.13
457           5896.41        6082.13
458           5896.41        6082.13
459           5896.41        6082.13
460           5896.41        6082.13
461           5896.41        6082.13
462           5896.41        6082.13
463           5896.41        6082.13
464           5896.41        6082.13
465           5896.41        6082.13
466           5896.41        6082.13
467           5896.41        6082.13
468           5896.41        6082.13
469           5896.41        6082.13
470           5896.41        6082.13
471           5896.41        6082.13
472           5896.41        6082.13
473           5896.41        6082.13
474           5896.41        6082.13
475           5896.41        6082.13
476           5896.41        6082.13
477           5896.41        6082.13
478           5896.41        6082.13
479           5896.41        6081.56
480           5896.41        6081.55
481           5896.41        6081.55
482           5896.41        6081.55
483           5896.41        6081.55
484           5896.41        6081.55
485           5896.41        6081.55
486           5896.41        6081.55
487           5896.41        6081.55
488           5896.41        6081.55
489           5896.41        6081.19
490           5896.41        6081.18
491           5896.41        6081.18
492           5896.41         6080.3
493           5896.41        6080.28
494           5896.41        6080.28
495           5896.41        6080.28
496           5896.41        6080.28
497           5896.41        6080.28
498           5896.41        6080.28
499           5896.41        6080.28
500           5896.41        6080.28
501           5896.41        6080.28
502           5896.41        6080.28
503           5896.41        6080.28
504           5896.41        6080.28
505           5896.41        6080.28
506           5896.41        6080.28
507           5896.41        6080.28
508           5896.41        6080.28
509           5896.41        6080.28
510           5896.41        6079.87
511           5896.41        6079.86
512           5896.41        6079.86
513           5896.41        6079.86
514           5896.41        6079.86
515           5896.41        6079.86
516           5896.41        6079.86
517           5896.41         6079.5
518           5896.41        6079.49
519           5896.41        6079.49
520           5896.41        6079.49
521           5896.41        6079.49
522           5896.41        6079.49
523           5896.41        6079.49
524           5896.41        6079.49
525           5896.41        6079.49
526           5896.41        6079.49
527           5896.41        6079.49
528           5896.41        6079.49
529           5896.41        6079.49
530           5896.41        6079.49
531           5896.41        6079.49
532           5896.41        6079.49
533           5896.41         6077.7
534           5896.41        6077.66
535           5896.41        6077.66
536           5896.41        6077.66
537           5896.41        6077.66
538           5896.41        6077.66
539           5896.41        6077.66
540           5896.41        6077.66
541           5896.41        6077.66
542           5896.41        6077.66
543           5896.41        6077.66
544           5896.41        6077.66
545           5896.41        6077.66
546           5896.41        6077.66
547           5896.41        6077.66
548           5896.41        6077.66
549           5896.41        6077.66
550           5896.41        6077.66
551           5896.41        6077.66
552           5896.41        6077.66
553           5896.41        6077.66
554           5896.41        6077.66
555           5896.41        6077.66
556           5896.41        6077.66
557           5896.41        6077.66
558           5896.41        6077.66
559           5896.41        6077.66
560           5896.41        6077.66
561           5896.41        6077.66
562           5896.41        6077.43
563           5896.41        6077.43
564           5896.41        6077.43
565           5896.41        6077.43
566           5896.41        6077.43
567           5896.41        6077.43
568           5896.41        6077.43
569           5896.41        6077.43
570           5896.41        6077.43
571           5896.41        6077.43
572           5896.41        6077.43
573           5896.41        6077.43
574           5896.41        6077.43
575           5896.41        6077.43
576           5896.41        6077.43
577           5896.41        6077.43
578           5896.41        6077.43
579           5896.41        6077.43
580           5896.41        6077.43
581           5896.41        6077.43
582           5896.41        6077.43
583           5896.41        6077.43
584           5896.41        6077.43
585           5896.41        6077.43
586           5896.41        6075.03
587           5896.41        6074.99
588           5896.41        6074.99
589           5896.41        6074.99
590           5896.41        6074.99
591           5896.41        6074.85
592           5896.41        6074.85
593           5896.41        6074.85
594           5896.41        6074.85
595           5896.41        6074.85
596           5896.41        6074.85
597           5896.41        6074.85
598           5896.41        6074.85
599           5896.41        6074.85
600           5896.41        6074.85
601           5896.41        6074.85
602           5896.41        6074.85
603           5896.41        6074.85
604           5896.41        6074.85
605           5896.41        6074.85
606           5896.41        6074.85
607           5896.41        6074.85
608           5896.41        6074.85
609           5896.41        6074.85
610           5896.41        6074.85
611           5896.41        6074.85
612           5896.41        6074.85
613           5896.41        6074.85
614           5896.41        6073.88
615           5896.41        6073.86
616           5896.41        6073.86
617           5896.41        6073.86
618           5896.41        6073.86
619           5896.41        6073.86
620           5896.41        6073.86
621           5896.41        6073.86
622           5896.41        6073.86
623           5896.41        6073.86
624           5896.41        6073.86
625           5896.41        6073.86
626           5896.41        6073.86
627           5896.41        6073.86
628           5896.41        6073.22
629           5896.41        6073.21
630           5896.41        6073.21
631           5896.41        6073.21
632           5896.41        6073.21
633           5896.41        6073.21
634           5896.41        6073.13
635           5896.41        6073.13
636           5896.41        6073.13
637           5896.41        6073.13
638           5896.41        6073.13
639           5896.41        6073.13
640           5896.41        6073.13
641           5896.41        6073.13
642           5896.41        6073.13
643           5896.41        6073.13
644           5896.41        6073.13
645           5896.41        6073.13
646           5896.41        6073.13
647           5896.41        6072.85
648           5896.41        6072.85
649           5896.41        6072.85
650           5896.41        6072.85
651           5896.41        6072.85
652           5896.41         6071.6
653           5896.41        6071.58
654           5896.41        6071.58
655           5896.41        6071.58
656           5896.41        6071.58
657           5896.41        6071.58
658           5896.41        6071.58
659           5896.41        6071.58
660           5896.41        6071.58
661           5896.41        6071.58
662           5896.41        6071.58
663           5896.41        6071.12
664           5896.41        6071.11
665           5896.41        6071.11
666           5896.41        6070.78
667           5896.41        6070.78
668           5896.41        6070.78
669           5896.41        6070.78
670           5896.41        6070.78
671           5896.41        6070.78
672           5896.41        6070.78
673           5896.41        6070.78
674           5896.41        6070.78
675           5896.41        6070.78
676           5896.41        6070.78
677           5896.41        6070.78
678           5896.41        6070.75
679           5896.41        6070.75
680           5896.41        6070.75
681           5896.41        6070.75
682           5896.41        6070.75
683           5896.41        6070.75
684           5896.41        6070.75
685           5896.41        6070.75
686           5896.41        6070.25
687           5896.41        6070.24
688           5896.41        6069.06
689           5896.41        6069.04
690           5896.41        6069.04
691           5896.41        6069.04
692           5896.41        6069.04
693           5896.41        6069.04
694           5896.41        6069.04
695           5896.41        6069.04
696           5896.41        6069.04
697           5896.41        6068.29
698           5896.41        6068.22
699           5896.41        6068.22
700           5896.41        6068.22
701           5896.41        6068.22
702           5896.41        6068.22
703           5896.41        6068.22
704           5896.41        6068.22
705           5896.41        6068.22
706           5896.41        6068.22
707           5896.41        6066.04
708           5896.41           6066
709           5896.41        6065.99
710           5896.41        6065.99
711           5896.41        6065.99
712           5896.41        6065.99
713           5896.41        6065.99
714           5896.41        6065.87
715           5896.41        6065.87
716           5896.41        6065.87
717           5896.41        6065.87
718           5896.41        6065.87
719           5896.41        6065.87
720           5896.41        6065.87
721           5896.41        6065.87
722           5896.41        6065.87
723           5896.41        6065.87
724           5896.41        6065.87
725           5896.41        6065.87
726           5896.41        6065.87
727           5896.41        6065.87
728           5896.41        6065.87
729           5896.41        6065.87
730           5896.41        6065.87
731           5896.41        6065.87
732           5896.41        6065.87
733           5896.41        6065.87
734           5896.41        6065.87
735           5896.41        6065.87
736           5896.41        6065.87
737           5896.41        6065.87
738           5896.41        6065.87
739           5896.41        6065.87
740           5896.41        6065.87
741           5896.41        6065.87
742           5896.41        6065.87
743           5896.41        6065.87
744           5896.41        6065.87
745           5896.41        6065.87
746           5896.41        6065.87
747           5896.41        6065.87
748           5896.41        6065.87
749           5896.41        6065.87
750           5896.41        6065.87
751           5896.41        6065.87
752           5896.41        6065.87
753           5896.41        6065.87
754           5896.41        6065.79
755           5896.41        6065.79
756           5896.41        6065.79
757           5896.41        6065.75
758           5896.41        6065.75
759           5896.41        6065.75
760           5896.41        6065.75
761           5896.41        6065.75
762           5896.41        6065.75
763           5896.41        6065.75
764           5896.41        6065.75
765           5896.41        6065.75
766           5896.41        6065.75
767           5896.41        6065.75
768           5896.41        6065.75
769           5896.41        6065.75
770           5896.41        6064.81
771           5896.41        6064.79
772           5896.41        6064.79
773           5896.41        6064.79
774           5896.41        6064.79
775           5896.41        6064.79
776           5896.41        6064.79
777           5896.41        6064.61
778           5896.41         6064.6
779           5896.41         6064.6
780           5896.41        6064.39
781           5896.41        6063.96
782           5896.41        6063.95
783           5896.41        6063.95
784           5896.41        6063.95
785           5896.41        6063.95
786           5896.41        6063.95
787           5896.41        6063.95
788           5896.41        6063.95
789           5896.41        6063.95
790           5896.41        6063.95
791           5896.41        6063.95
792           5896.41        6063.63
793           5896.41        6063.63
794           5896.41        6063.63
795           5896.41        6063.63
796           5896.41        6063.63
797           5896.41        6063.63
798           5896.41        6063.63
799           5896.41        6063.63
800           5896.41        6063.63
801           5896.41        6063.63
802           5896.41        6063.63
803           5896.41         6062.9
804           5896.41        6062.89
805           5896.41        6062.89
806           5896.41        6062.89
807           5896.41        6062.89
808           5896.41        6062.89
809           5896.41        6062.89
810           5896.41        6062.89
811           5896.41        6062.89
812           5896.41        6062.89
813           5896.41        6062.89
814           5896.41        6062.89
815           5896.41        6062.89
816           5896.41        6062.89
817           5896.41        6062.89
818           5896.41        6062.89
819           5896.41        6062.89
820           5896.41        6062.89
821           5896.41        6062.89
822           5896.41        6062.89
823           5896.41        6062.89
824           5896.41        6062.89
825           5896.41        6062.89
826           5896.41        6062.89
827           5896.41        6062.89
828           5896.41        6062.89
829           5896.41        6062.89
830           5896.41        6062.89
831           5896.41        6062.89
832           5896.41        6062.89
833           5896.41        6062.89
834           5896.41        6062.89
835           5896.41        6062.89
836           5896.41        6062.89
837           5896.41        6062.89
838           5896.41        6062.89
839           5896.41        6062.89
840           5896.41        6062.89
841           5896.41        6062.89
842           5896.41        6062.89
843           5896.41        6062.89
844           5896.41        6062.89
845           5896.41        6062.89
846           5896.41        6062.89
847           5896.41        6062.89
848           5896.41        6062.36
849           5896.41        6062.35
850           5896.41        6062.35
851           5896.41        6062.35
852           5896.41        6062.35
853           5896.41        6062.35
854           5896.41        6062.35
855           5896.41        6062.35
856           5896.41        6062.35
857           5896.41        6062.35
858           5896.41        6062.35
859           5896.41        6062.35
860           5896.41        6060.93
861           5896.41         6060.9
862           5896.41         6060.9
863           5896.41         6060.9
864           5896.41         6060.9
865           5896.41         6060.9
866           5896.41         6060.9
867           5896.41         6060.9
868           5896.41         6060.9
869           5896.41         6060.9
870           5896.41         6060.9
871           5896.41         6060.9
872           5896.41         6060.9
873           5896.41         6060.9
874           5896.41         6060.9
875           5896.41         6060.9
876           5896.41         6060.9
877           5896.41         6060.9
878           5896.41         6060.9
879           5896.41         6060.9
880           5896.41         6060.9
881           5896.41         6060.9
882           5896.41         6060.9
883           5896.41         6060.9
884           5896.41         6060.9
885           5896.41        6060.52
886           5896.41        6060.52
887           5896.41        6060.51
888           5896.41        6060.51
889           5896.41        6060.51
890           5896.41        6060.51
891           5896.41        6060.51
892           5896.41        6060.51
893           5896.41        6060.51
894           5896.41        6059.71
895           5896.41        6059.69
896           5896.41        6059.69
897           5896.41        6059.69
898           5896.41        6059.69
899           5896.41        6059.69
900           5896.41        6059.69
901           5896.41        6059.69
902           5896.41        6059.69
903           5896.41        6059.69
904           5896.41        6059.69
905           5896.41        6059.69
906           5896.41        6059.69
907           5896.41        6059.69
908           5896.41        6059.69
909           5896.41        6059.69
910           5896.41        6059.69
911           5896.41        6059.69
912           5896.41        6059.69
913           5896.41        6059.69
914           5896.41        6059.69
915           5896.41        6059.45
916           5896.41        6059.45
917           5896.41        6059.45
918           5896.41        6059.45
919           5896.41        6059.45
920           5896.41        6059.45
921           5896.41        6059.45
922           5896.41        6059.45
923           5896.41        6059.45
924           5896.41        6059.45
925           5896.41        6059.45
926           5896.41        6059.45
927           5896.41        6059.28
928           5896.41        6059.28
929           5896.41        6059.28
930           5896.41        6059.28
931           5896.41        6059.28
932           5896.41        6059.28
933           5896.41        6059.28
934           5896.41        6059.28
935           5896.41        6059.28
936           5896.41        6059.28
937           5896.41        6059.28
938           5896.41        6059.28
939           5896.41        6059.28
940           5896.41        6059.28
941           5896.41        6059.28
942           5896.41        6059.28
943           5896.41        6059.28
944           5896.41        6059.28
945           5896.41        6059.28
946           5896.41        6059.28
947           5896.41        6059.28
948           5896.41        6059.28
949           5896.41        6059.28
950           5896.41        6059.28
951           5896.41        6059.27
952           5896.41        6059.27
953           5896.41        6059.27
954           5896.41        6059.27
955           5896.41        6059.27
956           5896.41        6059.27
957           5896.41        6059.27
958           5896.41        6059.27
959           5896.41        6059.27
960           5896.41        6059.27
961           5896.41        6059.27
962           5896.41        6059.27
963           5896.41        6059.27
964           5896.41        6059.27
965           5896.41        6059.27
966           5896.41        6059.27
967           5896.41        6059.27
968           5896.41        6059.27
969           5896.41        6059.27
970           5896.41        6059.27
971           5896.41        6059.27
972           5896.41        6059.27
973           5896.41        6059.27
974           5896.41        6059.27
975           5896.41        6059.27
976           5896.41        6059.27
977           5896.41        6059.27
978           5896.41        6059.27
979           5896.41        6059.27
980           5896.41        6059.27
981           5896.41        6059.27
982           5896.41        6059.27
983           5896.41        6059.27
984           5896.41        6059.27
985           5896.41        6059.27
986           5896.41        6059.27
987           5896.41        6059.27
988           5896.41        6059.27
989           5896.41        6059.27
990           5896.41        6057.54
991           5896.41        6057.51
992           5896.41        6057.51
993           5896.41        6057.51
994           5896.41        6057.51
995           5896.41        6057.51
996           5896.41        6057.51
997           5896.41        6057.51
998           5896.41        6057.51
999           5896.41        6057.51
1000           5896.41        6057.51
1001           5896.41        6057.51
1002           5896.41        6057.51
1003           5896.41        6057.51
1004           5896.41        6057.51
1005           5896.41        6057.51
1006           5896.41        6057.51
1007           5896.41        6057.51
1008           5896.41        6057.51
1009           5896.41        6057.51
1010           5896.41        6057.51
1011           5896.41        6057.51
1012           5896.41        6057.51
1013           5896.41        6057.51
1014           5896.41        6057.51
1015           5896.41        6057.51
1016           5896.41        6057.51
1017           5896.41        6057.51
1018           5896.41        6057.51
1019           5896.41        6057.51
1020           5896.41        6057.51
1021           5896.41        6055.17
1022           5896.41        6055.12
1023           5896.41        6055.12
1024           5896.41        6055.12
1025           5896.41        6055.12
1026           5896.41        6055.12
1027           5896.41        6055.12
1028           5896.41        6055.12
1029           5896.41        6055.12
1030           5896.41        6055.12
1031           5896.41        6055.12
1032           5896.41        6055.12
1033           5896.41        6055.12
1034           5896.41        6055.12
1035           5896.41        6055.12
1036           5896.41        6055.12
1037           5896.41        6055.12
1038           5896.41        6055.12
1039           5896.41        6055.12
1040           5896.41        6055.12
1041           5896.41        6055.12
1042           5896.41        6055.12
1043           5896.41        6055.12
1044           5896.41        6055.12
1045           5896.41        6055.12
1046           5896.41        6055.12
1047           5896.41        6055.12
1048           5896.41        6055.12
1049           5896.41        6055.12
1050           5896.41        6055.12
1051           5896.41        6055.12
1052           5896.41        6055.12
1053           5896.41        6055.12
1054           5896.41        6055.12
1055           5896.41        6055.12
1056           5896.41        6054.62
1057           5896.41        6054.61
1058           5896.41        6054.61
1059           5896.41        6054.61
1060           5896.41        6054.61
1061           5896.41        6054.61
1062           5896.41        6054.61
1063           5896.41        6054.61
1064           5896.41        6054.61
1065           5896.41        6054.61
1066           5896.41        6054.61
1067           5896.41        6054.61
1068           5896.41        6054.61
1069           5896.41        6054.61
1070           5896.41        6054.61
1071           5896.41        6054.21
1072           5896.41        6054.21
1073           5896.41        6054.21
1074           5896.41        6054.21
1075           5896.41        6054.21
1076           5896.41        6054.21
1077           5896.41        6054.21
1078           5896.41        6054.21
1079           5896.41        6054.21
1080           5896.41        6054.21
1081           5896.41        6054.21
1082           5896.41        6054.21
1083           5896.41        6054.21
1084           5896.41        6054.21
1085           5896.41        6053.03
1086           5896.41        6053.01
1087           5896.41           6053
1088           5896.41           6053
1089           5896.41           6053
1090           5896.41           6053
1091           5896.41           6053
1092           5896.41           6053
1093           5896.41           6053
1094           5896.41           6053
1095           5896.41           6053
1096           5896.41           6053
1097           5896.41           6053
1098           5896.41           6053
1099           5896.41           6053
1100           5896.41           6053
1101           5896.41           6053
1102           5896.41           6053
1103           5896.41           6053
1104           5896.41           6053
1105           5896.41           6053
1106           5896.41           6053
1107           5896.41           6053
1108           5896.41           6053
1109           5896.41           6053
1110           5896.41           6053
1111           5896.41           6053
1112           5896.41           6053
1113           5896.41           6053
1114           5896.41           6053
1115           5896.41           6053
1116           5896.41           6053
1117           5896.41           6053
1118           5896.41           6053
1119           5896.41           6053
1120           5896.41           6053
1121           5896.41           6053
1122           5896.41           6053
1123           5896.41           6053
1124           5896.41           6053
1125           5896.41           6053
1126           5896.41           6053
1127           5896.41           6053
1128           5896.41           6053
1129           5896.41           6053
1130           5896.41           6053
1131           5896.41           6053
1132           5896.41        6052.99
1133           5896.41        6052.99
1134           5896.41        6052.99
1135           5896.41        6052.99
1136           5896.41        6052.99
1137           5896.41        6052.99
1138           5896.41        6052.99
1139           5896.41        6052.99
1140           5896.41        6052.99
1141           5896.41        6052.99
1142           5896.41        6052.99
1143           5896.41        6052.99
1144           5896.41        6052.99
1145           5896.41        6052.99
1146           5896.41        6052.99
1147           5896.41        6052.99
1148           5896.41        6052.99
1149           5896.41        6052.99
1150           5896.41        6052.99
1151           5896.41        6052.99
1152           5896.41        6052.99
1153           5896.41        6052.99
1154           5896.41        6052.99
1155           5896.41        6052.78
1156           5896.41        6052.78
1157           5896.41        6052.78
1158           5896.41        6052.78
1159           5896.41        6052.78
1160           5896.41        6052.78
1161           5896.41        6052.78
1162           5896.41        6052.78
1163           5896.41        6052.78
1164           5896.41        6052.78
1165           5896.41        6052.78
1166           5896.41        6052.78
1167           5896.41        6052.78
1168           5896.41        6052.78
1169           5896.41        6052.78
1170           5896.41        6052.78
1171           5896.41        6052.78
1172           5896.41        6052.78
1173           5896.41        6052.78
1174           5896.41        6052.78
1175           5896.41        6052.78
1176           5896.41        6052.78
1177           5896.41        6052.78
1178           5896.41        6052.78
1179           5896.41        6052.78
1180           5896.41        6052.78
1181           5896.41        6052.78
1182           5896.41        6052.78
1183           5896.41        6052.78
1184           5896.41        6052.78
1185           5896.41        6052.78
1186           5896.41        6052.78
1187           5896.41        6052.62
1188           5896.41        6052.61
1189           5896.41        6052.61
1190           5896.41        6052.61
1191           5896.41        6052.61
1192           5896.41        6052.61
1193           5896.41        6052.61
1194           5896.41        6052.61
1195           5896.41        6052.61
1196           5896.41        6052.61
1197           5896.41        6052.61
1198           5896.41        6052.61
1199           5896.41        6052.61
1200           5896.41        6052.61
1201           5896.41        6052.61
1202           5896.41        6052.61
1203           5896.41        6050.73
1204           5896.41        6049.75
1205           5896.41        6049.73
1206           5896.41        6049.73
1207           5896.41        6049.73
1208           5896.41        6049.73
1209           5896.41        6049.73
1210           5896.41        6049.73
1211           5896.41        6049.73
1212           5896.41        6049.73
1213           5896.41        6049.73
1214           5896.41        6049.73
1215           5896.41        6049.73
1216           5896.41        6049.73
1217           5896.41        6049.73
1218           5896.41        6049.73
1219           5896.41        6049.73
1220           5896.41        6049.73
1221           5896.41        6049.73
1222           5896.41        6049.73
1223           5896.41        6049.73
1224           5896.41        6049.73
1225           5896.41        6049.73
1226           5896.41        6049.73
1227           5896.41        6049.73
1228           5896.41        6049.73
1229           5896.41        6049.73
1230           5896.41        6049.73
1231           5896.41        6049.73
1232           5896.41        6049.73
1233           5896.41        6049.73
1234           5896.41        6049.73
1235           5896.41        6049.73
1236           5896.41        6049.73
1237           5896.41        6049.59
1238           5896.41        6049.58
1239           5896.41        6049.58
1240           5896.41        6049.58
1241           5896.41        6049.58
1242           5896.41        6049.58
1243           5896.41        6049.58
1244           5896.41        6049.58
1245           5896.41        6049.58
1246           5896.41        6049.58
1247           5896.41        6049.58
1248           5896.41        6049.58
1249           5896.41        6049.58
1250           5896.41        6049.58
1251           5896.41        6049.58
1252           5896.41        6049.58
1253           5896.41        6049.58
1254           5896.41        6049.58
1255           5896.41        6049.58
1256           5896.41        6049.58
1257           5896.41        6049.58
1258           5896.41        6049.58
1259           5896.41        6049.58
1260           5896.41        6049.58
1261           5896.41        6049.58
1262           5896.41        6049.58
1263           5896.41        6048.57
1264           5896.41        6048.55
1265           5896.41        6048.55
1266           5896.41        6048.55
1267           5896.41        6048.55
1268           5896.41        6048.55
1269           5896.41        6048.55
1270           5896.41        6048.55
1271           5896.41        6048.55
1272           5896.41        6048.55
1273           5896.41        6048.55
1274           5896.41        6048.55
1275           5896.41        6048.55
1276           5896.41        6048.55
1277           5896.41        6048.55
1278           5896.41        6048.55
1279           5896.41        6048.55
1280           5896.41        6048.55
1281           5896.41        6048.55
1282           5896.41        6048.55
1283           5896.41        6048.55
1284           5896.41        6048.55
1285           5896.41        6048.55
1286           5896.41        6048.55
1287           5896.41        6048.55
1288           5896.41        6048.55
1289           5896.41        6048.55
1290           5896.41        6048.55
1291           5896.41        6048.55
1292           5896.41        6048.55
1293           5896.41        6048.55
1294           5896.41        6048.55
1295           5896.41        6048.55
1296           5896.41        6048.55
1297           5896.41        6048.55
1298           5896.41         6047.4
1299           5896.41        6047.38
1300           5896.41        6047.38
1301           5896.41        6047.38
1302           5896.41        6046.73
1303           5896.41        6046.71
1304           5896.41        6046.71
1305           5896.41        6046.71
1306           5896.41        6046.71
1307           5896.41        6046.71
1308           5896.41        6046.71
1309           5896.41        6046.71
1310           5896.41        6046.04
1311           5896.41        6046.02
1312           5896.41        6046.02
1313           5896.41        6045.64
1314           5896.41        6045.64
1315           5896.41        6045.64
1316           5896.41        6045.64
1317           5896.41        6045.64
1318           5896.41        6045.64
1319           5896.41        6045.64
1320           5896.41        6045.64
1321           5896.41        6045.64
1322           5896.41        6045.64
1323           5896.41        6045.64
1324           5896.41        6045.64
1325           5896.41        6045.64
1326           5896.41        6045.64
1327           5896.41        6045.64
1328           5896.41        6045.64
1329           5896.41        6045.64
1330           5896.41        6045.64
1331           5896.41        6045.64
1332           5896.41        6045.64
1333           5896.41        6045.64
1334           5896.41        6045.64
1335           5896.41        6045.64
1336           5896.41        6045.64
1337           5896.41        6045.64
1338           5896.41        6045.64
1339           5896.41        6045.64
1340           5896.41        6045.64
1341           5896.41        6045.64
1342           5896.41        6045.64
1343           5896.41        6045.64
1344           5896.41        6045.64
1345           5896.41        6045.64
1346           5896.41        6045.64
1347           5896.41        6045.64
1348           5896.41        6045.64
1349           5896.41        6045.64
1350           5896.41        6045.64
1351           5896.41        6045.64
1352           5896.41        6045.64
1353           5896.41        6045.64
1354           5896.41        6045.64
1355           5896.41        6045.21
1356           5896.41        6045.21
1357           5896.41        6045.21
1358           5896.41        6045.21
1359           5896.41        6045.21
1360           5896.41        6045.21
1361           5896.41        6045.21
1362           5896.41        6045.21
1363           5896.41        6045.21
1364           5896.41        6045.21
1365           5896.41        6045.21
1366           5896.41        6045.21
1367           5896.41        6045.21
1368           5896.41        6045.21
1369           5896.41        6045.21
1370           5896.41        6045.21
1371           5896.41        6045.21
1372           5896.41        6045.21
1373           5896.41        6045.21
1374           5896.41        6045.21
1375           5896.41        6044.58
1376           5896.41        6044.57
1377           5896.41        6044.57
1378           5896.41        6044.57
1379           5896.41        6044.57
1380           5896.41        6044.57
1381           5896.41        6044.57
1382           5896.41        6044.57
1383           5896.41        6044.57
1384           5896.41        6044.57
1385           5896.41        6044.57
1386           5896.41        6044.57
1387           5896.41        6044.57
1388           5896.41        6044.57
1389           5896.41        6044.57
1390           5896.41        6044.57
1391           5896.41        6044.57
1392           5896.41        6044.57
1393           5896.41        6044.57
1394           5896.41        6044.57
1395           5896.41        6044.57
1396           5896.41        6044.57
1397           5896.41        6044.57
1398           5896.41        6044.57
1399           5896.41        6044.57
1400           5896.41        6044.57
1401           5896.41        6044.57
1402           5896.41        6044.57
1403           5896.41        6044.57
1404           5896.41        6044.57
1405           5896.41        6043.78
1406           5896.41        6043.76
1407           5896.41        6043.76
1408           5896.41        6043.76
1409           5896.41        6043.76
1410           5896.41        6043.76
1411           5896.41        6043.76
1412           5896.41        6043.76
1413           5896.41        6043.76
1414           5896.41        6043.76
1415           5896.41        6043.76
1416           5896.41        6043.76
1417           5896.41        6043.76
1418           5896.41        6043.76
1419           5896.41        6043.76
1420           5896.41        6043.76
1421           5896.41        6043.76
1422           5896.41        6043.76
1423           5896.41        6043.76
1424           5896.41        6043.76
1425           5896.41        6043.76
1426           5896.41        6043.76
1427           5896.41        6043.76
1428           5896.41        6043.76
1429           5896.41        6043.76
1430           5896.41        6043.76
1431           5896.41        6043.76
1432           5896.41        6043.76
1433           5896.41        6043.76
1434           5896.41        6043.76
1435           5896.41        6043.76
1436           5896.41        6043.76
1437           5896.41        6043.76
1438           5896.41        6043.76
1439           5896.41        6043.76
1440           5896.41        6043.76
1441           5896.41        6043.76
1442           5896.41        6043.76
1443           5896.41        6043.76
1444           5896.41        6043.76
1445           5896.41        6043.76
1446           5896.41        6043.76
1447           5896.41        6043.76
1448           5896.41        6043.76
1449           5896.41        6043.76
1450           5896.41        6043.76
1451           5896.41        6043.76
1452           5896.41        6043.76
1453           5896.41        6043.76
1454           5896.41        6043.76
1455           5896.41        6043.76
1456           5896.41        6043.76
1457           5896.41        6043.76
1458           5896.41        6043.76
1459           5896.41        6043.76
1460           5896.41        6043.76
1461           5896.41        6043.76
1462           5896.41        6043.76
1463           5896.41        6043.76
1464           5896.41        6043.76
1465           5896.41        6043.76
1466           5896.41        6043.76
1467           5896.41        6043.76
1468           5896.41        6043.76
1469           5896.41        6043.76
1470           5896.41        6043.76
1471           5896.41        6043.76
1472           5896.41        6043.76
1473           5896.41        6043.76
1474           5896.41        6043.76
1475           5896.41        6043.76
1476           5896.41        6043.76
1477           5896.41        6043.76
1478           5896.41        6043.76
1479           5896.41        6043.76
1480           5896.41        6043.76
1481           5896.41        6043.76
1482           5896.41        6043.07
1483           5896.41        6043.06
1484           5896.41        6043.06
1485           5896.41        6043.06
1486           5896.41        6043.06
1487           5896.41        6043.06
1488           5896.41        6043.06
1489           5896.41        6043.06
1490           5896.41        6043.06
1491           5896.41        6043.06
1492           5896.41        6043.06
1493           5896.41        6043.06
1494           5896.41        6043.06
1495           5896.41        6043.06
1496           5896.41        6043.06
1497           5896.41        6043.06
1498           5896.41        6043.06
1499           5896.41        6043.06
1500           5896.41        6043.06
1501           5896.41        6043.06
1502           5896.41        6043.06
1503           5896.41        6043.06
1504           5896.41        6043.06
1505           5896.41        6043.06
1506           5896.41        6043.06
1507           5896.41        6043.06
1508           5896.41        6043.06
1509           5896.41        6043.06
1510           5896.41        6043.06
1511           5896.41        6043.06
1512           5896.41        6043.06
1513           5896.41        6043.06
1514           5896.41        6042.04
1515           5896.41        6042.02
1516           5896.41        6042.02
1517           5896.41        6042.02
1518           5896.41        6042.02
1519           5896.41        6042.02
1520           5896.41        6042.02
1521           5896.41        6042.02
1522           5896.41        6042.02
1523           5896.41        6042.02
1524           5896.41        6042.02
1525           5896.41        6042.02
1526           5896.41        6042.02
1527           5896.41        6042.02
1528           5896.41        6042.02
1529           5896.41        6042.02
1530           5896.41        6042.02
1531           5896.41        6042.02
1532           5896.41        6042.02
1533           5896.41        6042.02
1534           5896.41        6042.02
1535           5896.41        6042.02
1536           5896.41        6042.02
1537           5896.41        6042.02
1538           5896.41        6042.02
1539           5896.41        6042.02
1540           5896.41        6042.02
1541           5896.41        6042.02
1542           5896.41        6042.02
1543           5896.41        6042.02
1544           5896.41        6042.02
1545           5896.41        6042.02
1546           5896.41        6042.02
1547           5896.41        6042.02
1548           5896.41        6042.02
1549           5896.41        6042.02
1550           5896.41        6042.02
1551           5896.41        6042.02
1552           5896.41        6042.02
1553           5896.41        6042.02
1554           5896.41        6042.02
1555           5896.41        6042.02
1556           5896.41           6042
1557           5896.41        6041.53
1558           5896.41        6041.52
1559           5896.41        6041.52
1560           5896.41        6041.52
1561           5896.41        6041.52
1562           5896.41        6041.52
1563           5896.41        6041.52
1564           5896.41        6041.52
1565           5896.41        6041.52
1566           5896.41        6041.52
1567           5896.41        6041.52
1568           5896.41        6041.52
1569           5896.41        6041.52
1570           5896.41        6041.52
1571           5896.41        6041.52
1572           5896.41        6041.52
1573           5896.41        6041.52
1574           5896.41        6041.52
1575           5896.41        6041.52
1576           5896.41        6041.52
1577           5896.41        6041.52
1578           5896.41        6041.52
1579           5896.41        6041.52
1580           5896.41        6041.52
1581           5896.41        6041.52
1582           5896.41        6041.52
1583           5896.41        6041.52
1584           5896.41        6041.52
1585           5896.41        6041.52
1586           5896.41        6041.52
1587           5896.41        6041.52
1588           5896.41        6041.52
1589           5896.41        6041.52
1590           5896.41        6041.52
1591           5896.41        6041.52
1592           5896.41        6041.52
1593           5896.41        6041.52
1594           5896.41        6041.52
1595           5896.41        6041.52
1596           5896.41        6041.52
1597           5896.41        6041.52
1598           5896.41        6041.52
1599           5896.41        6041.52
1600           5896.41        6041.52
1601           5896.41        6040.78
1602           5896.41        6040.76
1603           5896.41        6040.76
1604           5896.41        6040.76
1605           5896.41        6040.76
1606           5896.41        6040.76
1607           5896.41        6040.76
1608           5896.41        6040.76
1609           5896.41        6040.76
1610           5896.41        6040.76
1611           5896.41        6040.76
1612           5896.41        6040.76
1613           5896.41        6040.76
1614           5896.41        6040.76
1615           5896.41        6040.76
1616           5896.41        6040.76
1617           5896.41        6040.76
1618           5896.41        6040.76
1619           5896.41        6040.76
1620           5896.41        6040.76
1621           5896.41        6040.76
1622           5896.41        6040.76
1623           5896.41        6040.76
1624           5896.41        6040.76
1625           5896.41        6040.76
1626           5896.41        6040.76
1627           5896.41        6040.76
1628           5896.41        6040.76
1629           5896.41        6040.76
1630           5896.41        6040.76
1631           5896.41        6040.76
1632           5896.41        6040.76
1633           5896.41        6040.76
1634           5896.41        6040.76
1635           5896.41        6040.63
1636           5896.41        6040.63
1637           5896.41        6040.63
1638           5896.41        6040.63
1639           5896.41        6040.63
1640           5896.41        6040.63
1641           5896.41        6040.63
1642           5896.41        6040.63
1643           5896.41        6040.63
1644           5896.41        6040.63
1645           5896.41        6040.63
1646           5896.41        6040.63
1647           5896.41        6040.63
1648           5896.41        6040.63
1649           5896.41        6040.63
1650           5896.41        6040.53
1651           5896.41        6040.53
1652           5896.41        6040.53
1653           5896.41        6040.53
1654           5896.41        6040.53
1655           5896.41        6040.53
1656           5896.41        6040.53
1657           5896.41        6040.53
1658           5896.41        6040.53
1659           5896.41        6040.53
1660           5896.41        6040.53
1661           5896.41        6040.53
1662           5896.41        6040.53
1663           5896.41        6040.53
1664           5896.41        6040.53
1665           5896.41        6040.53
1666           5896.41        6040.53
1667           5896.41        6040.53
1668           5896.41        6040.53
1669           5896.41        6040.53
1670           5896.41        6040.53
1671           5896.41        6040.53
1672           5896.41        6040.53
1673           5896.41        6040.53
1674           5896.41        6040.53
1675           5896.41        6040.53
1676           5896.41        6040.53
1677           5896.41        6040.53
1678           5896.41        6040.53
1679           5896.41        6040.53
1680           5896.41        6040.53
1681           5896.41        6040.53
1682           5896.41        6040.53
1683           5896.41        6040.53
1684           5896.41        6040.53
1685           5896.41        6040.53
1686           5896.41        6040.53
1687           5896.41        6040.53
1688           5896.41        6040.53
1689           5896.41        6040.53
1690           5896.41        6040.53
1691           5896.41        6040.53
1692           5896.41        6040.53
1693           5896.41        6040.42
1694           5896.41        6040.41
1695           5896.41        6040.41
1696           5896.41        6040.41
1697           5896.41        6040.41
1698           5896.41        6040.41
1699           5896.41        6040.41
1700           5896.41        6040.41
1701           5896.41        6040.41
1702           5896.41        6040.41
1703           5896.41        6040.41
1704           5896.41        6040.41
1705           5896.41        6040.41
1706           5896.41        6040.41
1707           5896.41        6040.41
1708           5896.41        6040.41
1709           5896.41        6040.41
1710           5896.41        6040.41
1711           5896.41        6040.41
1712           5896.41        6040.41
1713           5896.41        6040.41
1714           5896.41        6040.41
1715           5896.41        6040.41
1716           5896.41        6040.41
1717           5896.41        6040.41
1718           5896.41        6040.41
1719           5896.41        6040.41
1720           5896.41        6040.41
1721           5896.41        6040.41
1722           5896.41        6040.41
1723           5896.41        6040.41
1724           5896.41        6040.41
1725           5896.41        6040.41
1726           5896.41        6040.41
1727           5896.41        6040.41
1728           5896.41        6040.41
1729           5896.41        6040.41
1730           5896.41        6040.41
1731           5896.41        6040.41
1732           5896.41        6040.41
1733           5896.41        6040.41
1734           5896.41        6040.41
1735           5896.41        6040.41
1736           5896.41        6040.41
1737           5896.41        6040.41
1738           5896.41        6040.41
1739           5896.41        6040.41
1740           5896.41        6040.41
1741           5896.41        6040.41
1742           5896.41        6040.41
1743           5896.41        6040.41
1744           5896.41        6040.41
1745           5896.41        6040.41
1746           5896.41        6040.41
1747           5896.41        6040.41
1748           5896.41        6040.41
1749           5896.41        6040.41
1750           5896.41        6040.41
1751           5896.41        6040.41
1752           5896.41        6040.41
1753           5896.41        6040.19
1754           5896.41        6040.18
1755           5896.41        6040.18
1756           5896.41        6040.18
1757           5896.41        6040.18
1758           5896.41        6040.18
1759           5896.41        6040.18
1760           5896.41        6040.18
1761           5896.41        6040.18
1762           5896.41        6039.32
1763           5896.41        6039.31
1764           5896.41        6039.31
1765           5896.41        6039.31
1766           5896.41        6039.31
1767           5896.41        6039.31
1768           5896.41        6039.31
1769           5896.41        6039.31
1770           5896.41        6039.31
1771           5896.41        6039.31
1772           5896.41        6039.31
1773           5896.41        6039.31
1774           5896.41        6039.31
1775           5896.41        6038.94
1776           5896.41        6038.93
1777           5896.41        6038.93
1778           5896.41        6038.93
1779           5896.41        6038.88
1780           5896.41        6038.88
1781           5896.41        6038.88
1782           5896.41        6038.88
1783           5896.41        6038.88
1784           5896.41        6038.88
1785           5896.41        6038.88
1786           5896.41        6038.88
1787           5896.41        6038.88
1788           5896.41        6038.88
1789           5896.41        6038.88
1790           5896.41        6038.88
1791           5896.41        6038.88
1792           5896.41        6038.88
1793           5896.41        6038.88
1794           5896.41        6038.88
1795           5896.41        6038.88
1796           5896.41        6038.88
1797           5896.41        6038.88
1798           5896.41        6038.88
1799           5896.41        6038.88
1800           5896.41        6038.88
1801           5896.41        6038.88
1802           5896.41        6038.88
1803           5896.41        6038.88
1804           5896.41        6038.88
1805           5896.41        6038.88
1806           5896.41        6038.88
1807           5896.41        6038.88
1808           5896.41        6038.58
1809           5896.41        6038.58
1810           5896.41        6038.58
1811           5896.41        6038.58
1812           5896.41        6038.53
1813           5896.41        6038.53
1814           5896.41        6038.53
1815           5896.41        6038.53
1816           5896.41        6038.53
1817           5896.41        6038.53
1818           5896.41        6038.53
1819           5896.41        6038.31
1820           5896.41         6038.3
1821           5896.41         6038.3
1822           5896.41         6038.3
1823           5896.41         6038.3
1824           5896.41         6038.3
1825           5896.41         6038.3
1826           5896.41         6038.3
1827           5896.41         6038.3
1828           5896.41         6038.3
1829           5896.41         6038.3
1830           5896.41         6038.3
1831           5896.41         6038.3
1832           5896.41         6038.3
1833           5896.41         6038.3
1834           5896.41         6038.3
1835           5896.41         6038.3
1836           5896.41         6038.3
1837           5896.41         6038.3
1838           5896.41         6038.3
1839           5896.41         6038.3
1840           5896.41         6038.3
1841           5896.41         6038.3
1842           5896.41         6038.3
1843           5896.41         6038.3
1844           5896.41         6038.3
1845           5896.41         6038.3
1846           5896.41         6038.3
1847           5896.41         6038.3
1848           5896.41         6038.3
1849           5896.41         6038.3
1850           5896.41         6038.3
1851           5896.41         6038.3
1852           5896.41         6038.3
1853           5896.41         6038.3
1854           5896.41         6038.3
1855           5896.41         6038.3
1856           5896.41         6038.3
1857           5896.41         6038.3
1858           5896.41         6038.3
1859           5896.41         6038.3
1860           5896.41         6038.3
1861           5896.41         6038.3
1862           5896.41         6038.3
1863           5896.41         6038.3
1864           5896.41         6038.3
1865           5896.41         6038.3
1866           5896.41         6038.3
1867           5896.41         6038.3
1868           5896.41         6038.3
1869           5896.41         6038.3
1870           5896.41         6038.3
1871           5896.41         6038.3
1872           5896.41         6038.3
1873           5896.41         6038.3
1874           5896.41         6038.3
1875           5896.41         6038.3
1876           5896.41         6038.3
1877           5896.41         6038.3
1878           5896.41         6038.3
1879           5896.41         6038.3
1880           5896.41         6038.3
1881           5896.41         6038.3
1882           5896.41         6038.3
1883           5896.41         6038.3
1884           5896.41         6038.3
1885           5896.41         6038.3
1886           5896.41         6038.3
1887           5896.41         6038.3
1888           5896.41         6038.3
1889           5896.41         6038.3
1890           5896.41         6038.3
1891           5896.41         6038.3
1892           5896.41         6038.3
1893           5896.41         6038.3
1894           5896.41         6038.3
1895           5896.41         6038.3
1896           5896.41         6038.3
1897           5896.41         6038.3
1898           5896.41         6038.3
1899           5896.41         6038.3
1900           5896.41         6038.3
1901           5896.41         6038.3
1902           5896.41         6038.3
1903           5896.41         6038.3
1904           5896.41         6038.3
1905           5896.41         6038.3
1906           5896.41         6038.3
1907           5896.41         6038.3
1908           5896.41         6038.3
1909           5896.41         6038.3
1910           5896.41         6038.3
1911           5896.41         6037.5
1912           5896.41        6037.48
1913           5896.41        6037.48
1914           5896.41        6037.48
1915           5896.41        6037.48
1916           5896.41        6037.48
1917           5896.41        6037.48
1918           5896.41        6037.48
1919           5896.41        6037.48
1920           5896.41        6037.48
1921           5896.41        6037.35
1922           5896.41        6037.35
1923           5896.41        6037.35
1924           5896.41        6037.35
1925           5896.41        6037.35
1926           5896.41        6037.35
1927           5896.41        6037.35
1928           5896.41        6037.35
1929           5896.41        6037.35
1930           5896.41        6037.35
1931           5896.41        6037.35
1932           5896.41        6037.35
1933           5896.41        6037.35
1934           5896.41        6037.35
1935           5896.41        6037.35
1936           5896.41        6037.35
1937           5896.41        6037.35
1938           5896.41        6037.35
1939           5896.41        6037.35
1940           5896.41        6037.35
1941           5896.41        6037.35
1942           5896.41        6037.35
1943           5896.41        6037.35
1944           5896.41        6036.36
1945           5896.41        6036.34
1946           5896.41        6036.34
1947           5896.41        6036.34
1948           5896.41        6036.34
1949           5896.41        6036.34
1950           5896.41        6036.34
1951           5896.41        6036.34
1952           5896.41        6036.34
1953           5896.41        6036.34
1954           5896.41        6036.34
1955           5896.41        6036.34
1956           5896.41        6036.34
1957           5896.41        6036.34
1958           5896.41        6036.34
1959           5896.41        6036.34
1960           5896.41        6036.34
1961           5896.41        6036.34
1962           5896.41        6036.34
1963           5896.41        6036.34
1964           5896.41        6036.28
1965           5896.41        6036.28
1966           5896.41        6036.28
1967           5896.41        6036.28
1968           5896.41        6036.28
1969           5896.41        6036.28
1970           5896.41        6036.28
1971           5896.41        6036.28
1972           5896.41        6036.28
1973           5896.41        6036.28
1974           5896.41        6036.28
1975           5896.41        6036.28
1976           5896.41        6036.28
1977           5896.41        6036.28
1978           5896.41        6036.28
1979           5896.41        6036.28
1980           5896.41        6036.28
1981           5896.41        6036.28
1982           5896.41        6036.28
1983           5896.41        6036.28
1984           5896.41        6036.28
1985           5896.41        6035.87
1986           5896.41        6035.86
1987           5896.41        6035.86
1988           5896.41        6035.86
1989           5896.41        6035.86
1990           5896.41        6035.86
1991           5896.41        6035.73
1992           5896.41        6035.72
1993           5896.41        6035.72
1994           5896.41        6035.72
1995           5896.41        6035.72
1996           5896.41        6035.72
1997           5896.41        6035.72
1998           5896.41        6035.72
1999           5896.41        6035.72
2000           5896.41        6035.72
2001           5896.41        6035.72
2002           5896.41        6035.72
2003           5896.41        6035.72
2004           5896.41        6035.72
2005           5896.41        6035.72
2006           5896.41        6035.72
2007           5896.41        6035.72
2008           5896.41        6035.72
2009           5896.41        6035.72
2010           5896.41        6035.72
2011           5896.41        6035.58
2012           5896.41        6035.57
2013           5896.41        6035.57
2014           5896.41        6035.57
2015           5896.41        6035.57
2016           5896.41        6035.57
2017           5896.41        6035.57
2018           5896.41        6035.57
2019           5896.41        6035.57
2020           5896.41        6035.57
2021           5896.41        6035.57
2022           5896.41        6035.57
2023           5896.41        6035.57
2024           5896.41        6035.57
2025           5896.41        6035.57
2026           5896.41        6035.57
2027           5896.41        6035.57
2028           5896.41        6035.57
2029           5896.41        6035.57
2030           5896.41        6035.57
2031           5896.41        6035.57
2032           5896.41        6035.57
2033           5896.41        6035.57
2034           5896.41        6035.57
2035           5896.41        6035.57
2036           5896.41        6035.57
2037           5896.41        6035.57
2038           5896.41        6035.57
2039           5896.41        6035.57
2040           5896.41        6035.57
2041           5896.41        6035.57
2042           5896.41        6035.57
2043           5896.41        6035.57
2044           5896.41        6035.57
2045           5896.41        6035.57
2046           5896.41        6035.57
2047           5896.41        6035.57
2048           5896.41        6035.57
2049           5896.41        6035.57
2050           5896.41        6035.57
2051           5896.41        6035.57
2052           5896.41        6035.57
2053           5896.41        6035.57
2054           5896.41        6035.42
2055           5896.41        6035.42
2056           5896.41        6035.42
2057           5896.41        6035.42
2058           5896.41        6035.42
2059           5896.41        6035.42
2060           5896.41        6035.42
2061           5896.41        6035.33
2062           5896.41        6035.33
2063           5896.41        6035.33
2064           5896.41        6035.33
2065           5896.41        6035.33
2066           5896.41        6035.33
2067           5896.41        6035.33
2068           5896.41        6035.33
2069           5896.41        6035.33
2070           5896.41        6035.33
2071           5896.41        6035.33
2072           5896.41        6035.33
2073           5896.41        6035.33
2074           5896.41        6035.33
2075           5896.41        6035.33
2076           5896.41        6035.33
2077           5896.41        6035.33
2078           5896.41        6035.33
2079           5896.41        6035.33
2080           5896.41        6035.33
2081           5896.41        6035.33
2082           5896.41        6035.33
2083           5896.41        6035.33
2084           5896.41        6035.33
2085           5896.41        6035.33
2086           5896.41        6035.33
2087           5896.41        6035.33
2088           5896.41        6035.33
2089           5896.41        6035.31
2090           5896.41        6035.31
2091           5896.41        6035.31
2092           5896.41        6035.31
2093           5896.41        6035.31
2094           5896.41        6035.31
2095           5896.41        6035.31
2096           5896.41        6035.31
2097           5896.41        6035.31
2098           5896.41        6035.31
2099           5896.41        6035.31
2100           5896.41        6035.31
2101           5896.41        6035.31
2102           5896.41        6035.31
2103           5896.41        6035.31
2104           5896.41        6035.31
2105           5896.41        6035.31
2106           5896.41        6035.31
2107           5896.41        6035.31
2108           5896.41        6035.31
2109           5896.41        6035.31
2110           5896.41        6035.31
2111           5896.41        6035.31
2112           5896.41        6035.31
2113           5896.41        6035.29
2114           5896.41        6035.29
2115           5896.41        6035.29
2116           5896.41        6035.29
2117           5896.41        6035.21
2118           5896.41        6035.21
2119           5896.41        6035.21
2120           5896.41        6035.21
2121           5896.41        6035.21
2122           5896.41        6035.21
2123           5896.41        6035.21
2124           5896.41        6035.21
2125           5896.41        6035.21
2126           5896.41        6035.21
2127           5896.41        6035.21
2128           5896.41        6035.21
2129           5896.41        6035.21
2130           5896.41        6035.21
2131           5896.41        6035.21
2132           5896.41        6035.21
2133           5896.41        6035.21
2134           5896.41        6035.21
2135           5896.41        6035.21
2136           5896.41        6035.21
2137           5896.41        6035.21
2138           5896.41        6035.21
2139           5896.41        6035.21
2140           5896.41        6035.21
2141           5896.41        6035.21
2142           5896.41        6035.21
2143           5896.41        6035.21
2144           5896.41        6035.21
2145           5896.41        6035.21
2146           5896.41        6035.21
2147           5896.41        6035.21
2148           5896.41        6035.21
2149           5896.41        6035.21
2150           5896.41        6035.21
2151           5896.41        6035.21
2152           5896.41        6035.21
2153           5896.41        6035.21
2154           5896.41        6035.21
2155           5896.41        6035.21
2156           5896.41        6035.21
2157           5896.41        6035.21
2158           5896.41        6035.21
2159           5896.41        6035.21
2160           5896.41        6035.21
2161           5896.41         6035.1
2162           5896.41        6035.09
2163           5896.41        6035.09
2164           5896.41        6035.09
2165           5896.41        6035.09
2166           5896.41        6035.09
2167           5896.41        6035.09
2168           5896.41        6035.09
2169           5896.41        6035.09
2170           5896.41        6035.09
2171           5896.41        6035.09
2172           5896.41        6035.09
2173           5896.41        6035.09
2174           5896.41        6035.09
2175           5896.41        6035.09
2176           5896.41        6035.09
2177           5896.41        6035.09
2178           5896.41        6035.09
2179           5896.41        6035.09
2180           5896.41        6035.09
2181           5896.41        6035.09
2182           5896.41        6034.95
2183           5896.41        6034.95
2184           5896.41        6034.95
2185           5896.41        6034.95
2186           5896.41        6034.95
2187           5896.41        6034.95
2188           5896.41        6034.95
2189           5896.41        6034.95
2190           5896.41        6034.95
2191           5896.41        6034.95
2192           5896.41        6034.95
2193           5896.41        6034.95
2194           5896.41        6034.95
2195           5896.41        6034.95
2196           5896.41        6034.95
2197           5896.41        6034.95
2198           5896.41        6034.95
2199           5896.41        6034.95
2200           5896.41        6034.95
2201           5896.41        6034.95
2202           5896.41        6034.95
2203           5896.41        6034.95
2204           5896.41        6034.95
2205           5896.41        6034.95
2206           5896.41        6034.95
2207           5896.41        6034.95
2208           5896.41        6034.95
2209           5896.41        6034.95
2210           5896.41        6034.95
2211           5896.41        6034.95
2212           5896.41        6034.95
2213           5896.41        6034.95
2214           5896.41        6034.95
2215           5896.41        6034.95
2216           5896.41        6034.95
2217           5896.41        6034.95
2218           5896.41        6034.95
2219           5896.41        6034.95
2220           5896.41        6034.95
2221           5896.41        6034.95
2222           5896.41        6034.95
2223           5896.41        6034.95
2224           5896.41        6034.91
2225           5896.41        6034.91
2226           5896.41        6034.91
2227           5896.41        6034.91
2228           5896.41        6034.91
2229           5896.41        6034.91
2230           5896.41        6034.91
2231           5896.41        6034.91
2232           5896.41        6034.91
2233           5896.41        6034.91
2234           5896.41        6034.91
2235           5896.41        6034.91
2236           5896.41        6034.91
2237           5896.41        6034.91
2238           5896.41        6034.83
2239           5896.41        6034.83
2240           5896.41        6034.83
2241           5896.41        6034.83
2242           5896.41        6034.83
2243           5896.41        6034.83
2244           5896.41        6034.83
2245           5896.41        6034.83
2246           5896.41        6034.83
2247           5896.41        6034.83
2248           5896.41        6034.83
2249           5896.41        6034.83
2250           5896.41        6034.83
2251           5896.41        6034.83
2252           5896.41        6034.83
2253           5896.41        6034.83
2254           5896.41        6034.83
2255           5896.41        6034.83
2256           5896.41        6034.83
2257           5896.41        6034.83
2258           5896.41        6034.83
2259           5896.41        6034.83
2260           5896.41        6034.83
2261           5896.41        6034.83
2262           5896.41        6034.83
2263           5896.41        6034.83
2264           5896.41        6034.83
2265           5896.41        6034.83
2266           5896.41        6034.83
2267           5896.41        6034.83
2268           5896.41        6034.83
2269           5896.41        6034.72
2270           5896.41        6034.72
2271           5896.41        6034.72
2272           5896.41        6034.72
2273           5896.41        6034.72
2274           5896.41        6034.72
2275           5896.41        6034.72
2276           5896.41        6034.72
2277           5896.41        6034.72
2278           5896.41        6034.72
2279           5896.41        6034.72
2280           5896.41        6034.72
2281           5896.41        6034.72
2282           5896.41        6034.72
2283           5896.41        6034.72
2284           5896.41        6034.72
2285           5896.41        6034.72
2286           5896.41        6034.72
2287           5896.41        6034.72
2288           5896.41        6034.72
2289           5896.41        6034.72
2290           5896.41        6034.72
2291           5896.41        6034.72
2292           5896.41        6034.72
2293           5896.41        6034.72
2294           5896.41        6034.72
2295           5896.41        6034.72
2296           5896.41        6034.72
2297           5896.41         6034.3
2298           5896.41        6034.29
2299           5896.41        6034.29
2300           5896.41        6034.29
2301           5896.41        6034.29
2302           5896.41        6034.29
2303           5896.41        6034.29
2304           5896.41        6034.29
2305           5896.41        6034.29
2306           5896.41        6034.29
2307           5896.41        6034.29
2308           5896.41        6034.29
2309           5896.41        6034.29
2310           5896.41        6034.29
2311           5896.41        6034.29
2312           5896.41        6034.29
2313           5896.41        6034.29
2314           5896.41        6034.29
2315           5896.41        6034.29
2316           5896.41        6034.29
2317           5896.41        6034.29
2318           5896.41        6034.29
2319           5896.41        6034.29
2320           5896.41        6034.29
2321           5896.41        6034.29
2322           5896.41        6034.29
2323           5896.41        6034.29
2324           5896.41        6034.29
2325           5896.41        6034.29
2326           5896.41        6034.29
2327           5896.41        6033.79
2328           5896.41        6033.78
2329           5896.41        6033.78
2330           5896.41        6033.78
2331           5896.41        6033.78
2332           5896.41        6033.78
2333           5896.41        6033.78
2334           5896.41        6033.78
2335           5896.41        6033.78
2336           5896.41        6033.78
2337           5896.41        6033.78
2338           5896.41        6033.78
2339           5896.41        6033.78
2340           5896.41        6033.78
2341           5896.41        6033.78
2342           5896.41        6033.78
2343           5896.41        6033.78
2344           5896.41        6033.78
2345           5896.41        6033.78
2346           5896.41        6033.78
2347           5896.41        6033.78
2348           5896.41        6033.78
2349           5896.41        6033.78
2350           5896.41        6033.78
2351           5896.41        6033.78
2352           5896.41        6033.78
2353           5896.41        6033.78
2354           5896.41        6033.78
2355           5896.41        6033.78
2356           5896.41        6033.78
2357           5896.41        6033.78
2358           5896.41        6033.78
2359           5896.41        6033.78
2360           5896.41        6033.78
2361           5896.41        6033.78
2362           5896.41        6033.78
2363           5896.41        6033.78
2364           5896.41        6033.78
2365           5896.41        6033.78
2366           5896.41        6033.78
2367           5896.41        6033.78
2368           5896.41        6033.78
2369           5896.41        6033.78
2370           5896.41        6033.78
2371           5896.41        6033.77
2372           5896.41        6033.77
2373           5896.41        6033.77
2374           5896.41        6033.77
2375           5896.41        6033.77
2376           5896.41        6033.11
2377           5896.41        6033.09
2378           5896.41        6033.09
2379           5896.41        6033.09
2380           5896.41        6033.09
2381           5896.41        6033.09
2382           5896.41        6033.09
2383           5896.41        6033.09
2384           5896.41        6033.09
2385           5896.41        6033.09
2386           5896.41        6033.09
2387           5896.41        6033.09
2388           5896.41        6033.09
2389           5896.41        6033.09
2390           5896.41        6033.09
2391           5896.41        6033.09
2392           5896.41        6033.09
2393           5896.41        6033.09
2394           5896.41        6033.09
2395           5896.41        6033.04
2396           5896.41        6033.03
2397           5896.41        6033.03
2398           5896.41        6033.03
2399           5896.41        6033.03
2400           5896.41        6033.03
2401           5896.41        6033.03
2402           5896.41        6033.03
2403           5896.41        6033.03
2404           5896.41        6033.03
2405           5896.41        6033.03
2406           5896.41        6033.03
2407           5896.41        6033.03
2408           5896.41        6033.03
2409           5896.41        6033.03
2410           5896.41        6033.03
2411           5896.41        6033.03
2412           5896.41        6033.03
2413           5896.41        6033.03
2414           5896.41        6033.03
2415           5896.41        6033.03
2416           5896.41        6033.03
2417           5896.41        6033.03
2418           5896.41        6033.03
2419           5896.41        6033.03
2420           5896.41        6033.03
2421           5896.41        6033.03
2422           5896.41        6033.03
2423           5896.41        6033.03
2424           5896.41        6032.83
2425           5896.41        6032.82
2426           5896.41        6032.82
2427           5896.41        6032.82
2428           5896.41        6032.82
2429           5896.41        6032.82
2430           5896.41        6032.82
2431           5896.41        6032.82
2432           5896.41        6032.82
2433           5896.41        6032.82
2434           5896.41        6032.82
2435           5896.41        6032.82
2436           5896.41        6032.82
2437           5896.41        6032.82
2438           5896.41        6032.82
2439           5896.41        6032.82
2440           5896.41        6032.82
2441           5896.41        6032.82
2442           5896.41        6032.82
2443           5896.41        6032.82
2444           5896.41        6032.82
2445           5896.41        6032.73
2446           5896.41        6032.73
2447           5896.41        6032.73
2448           5896.41        6032.73
2449           5896.41        6032.73
2450           5896.41        6032.64
2451           5896.41        6032.64
2452           5896.41        6032.63
2453           5896.41        6032.63
2454           5896.41        6032.63
2455           5896.41        6032.63
2456           5896.41        6032.63
2457           5896.41        6032.63
2458           5896.41        6032.63
2459           5896.41        6032.63
2460           5896.41        6032.63
2461           5896.41        6032.63
2462           5896.41        6032.63
2463           5896.41        6032.63
2464           5896.41        6032.63
2465           5896.41        6032.63
2466           5896.41        6032.63
2467           5896.41        6032.63
2468           5896.41        6032.63
2469           5896.41        6032.63
2470           5896.41        6032.63
2471           5896.41        6032.63
2472           5896.41        6032.63
2473           5896.41        6032.63
2474           5896.41        6032.63
2475           5896.41        6032.63
2476           5896.41        6032.63
2477           5896.41        6032.63
2478           5896.41        6032.63
2479           5896.41        6032.63
2480           5896.41        6032.63
2481           5896.41        6032.63
2482           5896.41        6032.63
2483           5896.41        6032.63
2484           5896.41        6032.63
2485           5896.41        6032.63
2486           5896.41        6032.63
2487           5896.41        6032.63
2488           5896.41        6032.63
2489           5896.41        6032.63
2490           5896.41        6032.63
2491           5896.41        6032.63
2492           5896.41        6032.63
2493           5896.41        6032.63
2494           5896.41        6032.63
2495           5896.41        6032.63
2496           5896.41        6032.63
2497           5896.41        6032.63
2498           5896.41        6032.63
2499           5896.41        6032.63
2500           5896.41        6032.63
