#ITER       #BEST_FO       #MEDIA_FO
1                 0    9.15952e+07
2                 0    7.58228e+07
3                 0    1.53385e+06
4                 0        47493.7
5                 0        13427.7
6                 0        11112.5
7                 0        10657.9
8                 0        8344.31
9                 0        7698.35
10                 0        7231.72
11                 0        7013.36
12                 0        6954.89
13                 0        6932.29
14                 0        6452.69
15                 0        6091.79
16                 0        6039.92
17                 0        5853.66
18                 0        5803.81
19                 0        5732.37
20                 0        5635.95
21                 0        5613.57
22                 0        5613.12
23                 0        5613.11
24                 0        5613.11
25                 0        5446.15
26                 0        5442.81
27                 0        5218.16
28                 0        5146.75
29                 0        5135.92
30                 0         5135.7
31                 0         5135.7
32                 0         5135.7
33                 0         5135.7
34                 0        5071.62
35                 0        4946.85
36                 0        4944.35
37                 0         4931.1
38                 0        4930.84
39                 0        4784.96
40                 0        4781.16
41                 0        4750.01
42                 0        4689.26
43                 0           4646
44                 0        4645.13
45                 0        4645.11
46                 0        4645.11
47                 0        4645.11
48                 0        4645.11
49                 0        4591.18
50                 0        4539.71
51                 0        4538.68
52                 0        4538.66
53                 0         4473.5
54                 0         4472.2
55                 0        4472.17
56                 0        4472.17
57                 0        4472.17
58                 0        4472.17
59                 0        4472.17
60                 0        4461.37
61                 0        4461.16
62                 0        4461.15
63                 0        4461.15
64                 0        4461.15
65                 0        4461.15
66                 0        4461.15
67                 0        4461.15
68                 0        4461.15
69                 0        4461.15
70                 0        4461.15
71                 0        4461.15
72                 0        4461.15
73                 0        4461.15
74                 0        4461.15
75                 0         4452.5
76                 0        4452.33
77                 0        4450.63
78                 0        4443.44
79                 0        4443.29
80                 0        4443.29
81                 0        4443.29
82                 0        4395.51
83                 0        4394.55
84                 0        4394.53
85                 0        4394.53
86                 0        4394.53
87                 0        4394.53
88                 0        4394.53
89                 0        4394.53
90                 0        4394.53
91                 0        4394.53
92                 0        4370.55
93                 0        4370.07
94                 0        4370.06
95                 0        4370.06
96                 0        4370.06
97                 0        4370.06
98                 0        4370.06
99                 0        4370.06
100                 0        4370.06
101                 0        4370.06
102                 0        4370.06
103                 0        4370.06
104                 0        4370.06
105                 0        4370.06
106                 0        4370.06
107                 0        4370.06
108                 0        4362.65
109                 0        4349.53
110                 0        4349.27
111                 0        4349.26
112                 0        4349.26
113                 0        4349.26
114                 0        4349.26
115                 0        4349.26
116                 0        4349.26
117                 0        4349.26
118                 0        4349.26
119                 0        4349.26
120                 0        4349.26
121                 0        4349.26
122                 0        4349.26
123                 0         4349.1
124                 0        4347.75
125                 0        4347.73
126                 0        4332.54
127                 0        4332.24
128                 0        4332.23
129                 0        4332.23
130                 0        4332.23
131                 0        4332.23
132                 0        4332.23
133                 0        4323.48
134                 0        4323.31
135                 0        4323.31
136                 0        4323.31
137                 0        4323.31
138                 0         4311.2
139                 0        4310.96
140                 0        4310.95
141                 0        4310.95
142                 0        4310.95
143                 0        4310.95
144                 0        4310.95
145                 0        4310.95
146                 0        4310.95
147                 0        4309.68
148                 0        4309.66
149                 0        4299.44
150                 0        4299.24
151                 0        4299.24
152                 0        4299.24
153                 0        4299.24
154                 0        4299.24
155                 0        4299.24
156                 0         4290.5
157                 0        4290.32
158                 0        4290.32
159                 0        4271.97
160                 0         4271.6
161                 0        4271.59
162                 0        4271.59
163                 0        4271.59
164                 0        4271.59
165                 0        4271.59
166                 0        4271.59
167                 0        4271.59
168                 0        4271.59
169                 0        4271.59
170                 0        4271.59
171                 0        4271.59
172                 0        4271.59
173                 0        4271.59
174                 0        4271.59
175                 0        4271.59
176                 0        4271.59
177                 0        4271.59
178                 0        4271.59
179                 0        4271.59
180                 0        4271.59
181                 0        4271.59
182                 0        4271.59
183                 0        4271.59
184                 0        4271.59
185                 0        4271.59
186                 0        4269.52
187                 0        4269.48
188                 0        4269.48
189                 0        4269.48
190                 0        4269.48
191                 0        4268.14
192                 0        4268.11
193                 0        4268.11
194                 0        4268.11
195                 0        4268.11
196                 0        4268.11
197                 0        4268.11
198                 0        4268.11
199                 0        4268.11
200                 0        4268.11
201                 0        4268.11
202                 0        4268.11
203                 0        4268.11
204                 0        4268.11
205                 0        4268.11
206                 0        4268.11
207                 0        4268.11
208                 0        4268.11
209                 0        4268.11
210                 0        4268.11
211                 0        4268.11
212                 0        4268.11
213                 0        4268.11
214                 0        4268.11
215                 0        4244.89
216                 0        4244.42
217                 0        4244.41
218                 0        4244.41
219                 0        4239.37
220                 0        4239.27
221                 0        4239.27
222                 0        4239.27
223                 0        4239.27
224                 0        4239.27
225                 0        4239.27
226                 0        4239.27
227                 0        4239.27
228                 0        4239.27
229                 0        4239.27
230                 0        4239.27
231                 0        4239.27
232                 0        4239.27
233                 0        4239.27
234                 0        4239.27
235                 0        4239.27
236                 0        4239.27
237                 0        4239.27
238                 0        4239.27
239                 0        4239.27
240                 0        4234.88
241                 0         4234.8
242                 0        4230.49
243                 0        4230.41
244                 0        4230.41
245                 0        4230.41
246                 0        4230.41
247                 0        4230.41
248                 0        4230.41
249                 0        4230.41
250                 0        4230.41
251                 0        4230.41
252                 0        4230.41
253                 0        4230.41
254                 0        4230.41
255                 0        4230.41
256                 0        4230.41
257                 0        4230.41
258                 0        4230.41
259                 0        4230.41
260                 0        4230.41
261                 0        4228.13
262                 0        4228.08
263                 0        4228.08
264                 0        4228.08
265                 0        4228.08
266                 0        4228.08
267                 0        4228.08
268                 0        4228.08
269                 0        4228.08
270                 0        4228.08
271                 0        4228.08
272                 0        4228.08
273                 0        4228.08
274                 0        4228.08
275                 0        4228.08
276                 0        4228.08
277                 0        4228.08
278                 0        4228.08
279                 0        4228.08
280                 0        4228.08
281                 0        4228.08
282                 0        4228.08
283                 0        4228.08
284                 0        4228.08
285                 0        4228.08
286                 0        4228.08
287                 0        4228.08
288                 0        4228.08
289                 0        4228.08
290                 0        4228.08
291                 0        4228.08
292                 0        4228.08
293                 0        4228.08
294                 0        4228.08
295                 0        4228.08
296                 0        4228.08
297                 0        4228.08
298                 0        4228.08
299                 0        4228.08
300                 0        4228.08
301                 0        4228.08
302                 0        4210.96
303                 0        4210.62
304                 0        4210.61
305                 0        4191.77
306                 0         4191.4
307                 0        4191.39
308                 0        4191.39
309                 0        4191.39
310                 0        4191.39
311                 0        4191.39
312                 0        4181.54
313                 0        4181.34
314                 0        4181.34
315                 0        4181.34
316                 0        4181.34
317                 0        4181.34
318                 0        4181.34
319                 0        4181.34
320                 0        4181.34
321                 0        4181.34
322                 0        4181.34
323                 0        4179.62
324                 0        4179.59
325                 0        4179.59
326                 0        4179.59
327                 0         4176.4
328                 0        4176.34
329                 0        4176.34
330                 0        4176.34
331                 0        4176.34
332                 0        4176.34
333                 0        4176.34
334                 0        4176.34
335                 0        4176.34
336                 0        4176.34
337                 0        4176.34
338                 0        4176.34
339                 0        4176.34
340                 0        4176.34
341                 0        4176.34
342                 0        4176.34
343                 0        4176.34
344                 0        4176.34
345                 0        4176.34
346                 0        4176.34
347                 0        4176.34
348                 0        4176.34
349                 0        4176.34
350                 0        4176.34
351                 0        4176.34
352                 0        4176.34
353                 0        4176.34
354                 0        4176.34
355                 0        4168.24
356                 0        4168.08
357                 0        4168.07
358                 0        4168.07
359                 0        4168.07
360                 0        4168.07
361                 0        4168.07
362                 0        4168.07
363                 0        4168.07
364                 0        4168.07
365                 0        4168.07
366                 0        4168.07
367                 0        4168.07
368                 0        4168.07
369                 0        4168.07
370                 0        4168.07
371                 0        4163.41
372                 0        4163.31
373                 0        4163.31
374                 0        4163.31
375                 0        4163.31
376                 0        4163.31
377                 0        4163.31
378                 0        4163.31
379                 0        4163.31
380                 0        4163.31
381                 0        4163.31
382                 0        4163.31
383                 0        4163.31
384                 0        4163.31
385                 0        4163.31
386                 0        4163.31
387                 0        4163.31
388                 0        4163.31
389                 0        4163.31
390                 0        4163.31
391                 0        4163.31
392                 0        4163.31
393                 0        4163.31
394                 0        4163.31
395                 0        4163.31
396                 0        4163.31
397                 0        4163.31
398                 0        4163.31
399                 0        4163.31
400                 0        4163.31
401                 0        4163.31
402                 0        4163.31
403                 0        4163.31
404                 0        4163.31
405                 0        4163.31
406                 0        4163.31
407                 0        4163.31
408                 0        4163.31
409                 0        4163.31
410                 0        4163.31
411                 0        4163.31
412                 0        4157.67
413                 0        4157.56
414                 0        4157.56
415                 0        4157.56
416                 0        4157.56
417                 0        4157.56
418                 0        4157.56
419                 0        4157.56
420                 0        4157.56
421                 0        4157.56
422                 0        4157.56
423                 0        4157.56
424                 0        4157.56
425                 0        4157.56
426                 0        4157.56
427                 0        4157.56
428                 0        4157.56
429                 0        4157.56
430                 0        4157.56
431                 0        4157.56
432                 0        4157.56
433                 0        4157.56
434                 0        4157.56
435                 0        4157.56
436                 0        4157.56
437                 0        4157.56
438                 0        4157.56
439                 0        4157.56
440                 0        4157.56
441                 0        4157.56
442                 0        4157.56
443                 0        4157.56
444                 0        4157.56
445                 0        4157.56
446                 0        4157.56
447                 0        4157.56
448                 0        4157.56
449                 0        4157.56
450                 0        4157.56
451                 0        4157.56
452                 0        4157.56
453                 0        4157.56
454                 0        4156.77
455                 0        4156.75
456                 0        4156.75
457                 0        4156.75
458                 0        4156.75
459                 0        4156.75
460                 0        4156.75
461                 0        4156.75
462                 0        4156.75
463                 0        4156.75
464                 0        4156.75
465                 0        4156.75
466                 0        4156.75
467                 0        4156.75
468                 0        4156.75
469                 0        4156.75
470                 0        4156.75
471                 0        4156.75
472                 0        4156.75
473                 0        4156.75
474                 0        4156.75
475                 0        4156.75
476                 0        4156.75
477                 0        4156.75
478                 0        4156.75
479                 0        4156.75
480                 0        4156.75
481                 0        4156.75
482                 0        4156.75
483                 0        4156.75
484                 0        4156.75
485                 0        4156.75
486                 0        4156.75
487                 0        4156.75
488                 0        4156.75
489                 0        4156.75
490                 0        4156.75
491                 0        4156.75
492                 0        4156.75
493                 0        4156.75
494                 0        4156.75
495                 0        4156.75
496                 0        4156.75
497                 0        4156.75
498                 0        4156.75
499                 0        4156.75
500                 0        4156.75
501                 0        4156.75
502                 0        4156.75
503                 0        4156.75
504                 0        4156.75
505                 0        4156.75
506                 0        4156.75
507                 0        4156.75
508                 0        4156.75
509                 0        4156.75
510                 0        4156.75
511                 0        4156.75
512                 0        4156.75
513                 0        4156.75
514                 0        4156.75
515                 0        4156.75
516                 0        4156.75
517                 0        4156.75
518                 0        4156.75
519                 0        4156.75
520                 0        4156.75
521                 0        4156.75
522                 0        4156.75
523                 0        4156.75
524                 0        4156.75
525                 0        4156.75
526                 0        4156.75
527                 0        4156.75
528                 0        4156.75
529                 0        4156.75
530                 0        4156.75
531                 0        4156.75
532                 0        4156.75
533                 0        4156.75
534                 0        4156.75
535                 0        4156.75
536                 0        4156.75
537                 0        4156.75
538                 0        4156.75
539                 0        4156.75
540                 0        4156.75
541                 0        4156.75
542                 0        4156.75
543                 0        4156.75
544                 0        4156.75
545                 0        4156.75
546                 0        4156.75
547                 0        4156.75
548                 0        4156.75
549                 0        4153.27
550                 0         4153.2
551                 0         4153.2
552                 0         4153.2
553                 0         4153.2
554                 0         4153.2
555                 0         4153.2
556                 0         4153.2
557                 0         4153.2
558                 0         4153.2
559                 0         4153.2
560                 0         4153.2
561                 0         4153.2
562                 0         4153.2
563                 0         4153.2
564                 0        4153.07
565                 0        4153.07
566                 0        4153.07
567                 0        4153.07
568                 0        4153.07
569                 0        4152.26
570                 0        4152.25
571                 0        4152.25
572                 0        4152.25
573                 0        4152.25
574                 0        4152.25
575                 0        4152.25
576                 0        4152.25
577                 0        4152.25
578                 0        4152.25
579                 0        4152.25
580                 0        4152.25
581                 0        4152.25
582                 0        4152.25
583                 0        4152.25
584                 0        4152.25
585                 0        4152.25
586                 0        4152.25
587                 0        4152.25
588                 0        4152.25
589                 0        4152.07
590                 0        4152.06
591                 0        4152.06
592                 0        4152.06
593                 0        4152.06
594                 0        4152.06
595                 0        4152.06
596                 0        4152.06
597                 0        4152.06
598                 0        4152.06
599                 0        4152.06
600                 0        4152.06
601                 0        4152.06
602                 0        4152.06
603                 0        4152.06
604                 0        4152.06
605                 0        4152.06
606                 0        4152.06
607                 0        4152.06
608                 0        4152.06
609                 0        4152.06
610                 0        4152.06
611                 0        4152.06
612                 0        4152.06
613                 0        4152.06
614                 0        4152.06
615                 0        4152.06
616                 0        4152.06
617                 0        4152.06
618                 0        4152.06
619                 0        4152.06
620                 0        4152.06
621                 0        4152.06
622                 0        4152.06
623                 0        4152.06
624                 0        4152.06
625                 0        4152.06
626                 0        4152.06
627                 0        4152.06
628                 0        4152.06
629                 0        4152.06
630                 0        4152.06
631                 0        4152.06
632                 0        4152.06
633                 0        4152.06
634                 0        4152.06
635                 0        4152.06
636                 0        4152.06
637                 0        4152.06
638                 0        4152.06
639                 0        4152.06
640                 0        4152.06
641                 0        4152.06
642                 0        4152.06
643                 0        4152.06
644                 0        4152.06
645                 0        4152.06
646                 0        4152.06
647                 0        4152.06
648                 0        4150.54
649                 0        4150.51
650                 0        4150.51
651                 0        4150.51
652                 0        4150.51
653                 0        4150.51
654                 0        4150.51
655                 0        4150.51
656                 0        4150.51
657                 0        4150.51
658                 0        4150.51
659                 0        4150.51
660                 0        4150.51
661                 0        4150.51
662                 0        4150.51
663                 0        4150.51
664                 0        4150.51
665                 0        4150.51
666                 0        4150.51
667                 0        4150.51
668                 0        4150.51
669                 0        4150.51
670                 0        4150.51
671                 0        4150.51
672                 0        4150.51
673                 0        4150.51
674                 0        4150.51
675                 0        4150.51
676                 0        4150.51
677                 0        4150.51
678                 0        4150.51
679                 0        4150.51
680                 0        4150.51
681                 0        4150.51
682                 0        4150.51
683                 0        4150.51
684                 0        4150.51
685                 0        4150.51
686                 0        4150.51
687                 0        4150.51
688                 0        4150.51
689                 0        4150.51
690                 0        4150.51
691                 0        4150.51
692                 0        4150.51
693                 0        4150.51
694                 0        4150.51
695                 0        4150.51
696                 0        4150.51
697                 0        4150.51
698                 0        4150.51
699                 0        4150.51
700                 0        4150.51
701                 0        4150.51
702                 0        4150.51
703                 0        4150.51
704                 0        4150.51
705                 0        4150.51
706                 0        4150.51
707                 0        4150.51
708                 0        4150.51
709                 0        4150.51
710                 0        4150.51
711                 0        4150.51
712                 0        4150.51
713                 0        4150.51
714                 0        4150.51
715                 0        4150.51
716                 0        4150.51
717                 0        4150.51
718                 0        4150.51
719                 0        4150.51
720                 0        4150.51
721                 0        4150.51
722                 0        4150.51
723                 0        4150.51
724                 0        4150.51
725                 0        4150.51
726                 0        4150.51
727                 0        4150.51
728                 0        4150.51
729                 0        4150.51
730                 0        4150.51
731                 0        4150.51
732                 0        4150.51
733                 0        4150.51
734                 0        4150.51
735                 0        4150.51
736                 0        4146.37
737                 0        4146.28
738                 0        4146.28
739                 0        4146.28
740                 0        4146.28
741                 0        4146.28
742                 0        4146.28
743                 0        4146.28
744                 0        4146.28
745                 0        4146.28
746                 0        4146.28
747                 0        4146.28
748                 0        4146.28
749                 0        4146.28
750                 0        4146.28
751                 0        4146.28
752                 0        4146.28
753                 0        4146.28
754                 0        4146.28
755                 0        4146.28
756                 0        4146.28
757                 0        4146.28
758                 0        4146.28
759                 0        4146.28
760                 0        4146.28
761                 0        4146.28
762                 0        4146.28
763                 0        4146.28
764                 0        4144.66
765                 0        4144.63
766                 0        4144.63
767                 0        4144.63
768                 0        4144.63
769                 0        4144.63
770                 0        4144.63
771                 0        4144.63
772                 0        4144.63
773                 0        4144.63
774                 0        4140.29
775                 0         4140.2
776                 0         4140.2
777                 0         4140.2
778                 0         4140.2
779                 0         4140.2
780                 0         4140.2
781                 0         4140.2
782                 0         4140.2
783                 0         4140.2
784                 0         4140.2
785                 0         4140.2
786                 0         4140.2
787                 0         4140.2
788                 0         4140.2
789                 0         4140.2
790                 0         4140.2
791                 0         4140.2
792                 0         4140.2
793                 0         4140.2
794                 0         4140.2
795                 0         4140.2
796                 0         4140.2
797                 0         4140.2
798                 0         4140.2
799                 0         4140.2
800                 0         4140.2
801                 0         4140.2
802                 0         4140.2
803                 0         4140.2
804                 0         4140.2
805                 0         4140.2
806                 0         4140.2
807                 0         4140.2
808                 0         4140.2
809                 0         4140.2
810                 0         4140.2
811                 0         4140.2
812                 0         4140.2
813                 0         4140.2
814                 0         4140.2
815                 0         4140.2
816                 0         4140.2
817                 0         4140.2
818                 0         4140.2
819                 0         4140.2
820                 0         4140.2
821                 0         4140.2
822                 0         4140.2
823                 0         4140.2
824                 0         4140.2
825                 0         4140.2
826                 0         4140.2
827                 0         4140.2
828                 0         4140.2
829                 0         4140.2
830                 0         4140.2
831                 0        4140.06
832                 0        4140.06
833                 0        4140.06
834                 0        4140.06
835                 0        4140.06
836                 0        4140.06
837                 0        4140.06
838                 0        4140.06
839                 0        4140.06
840                 0        4140.06
841                 0        4140.06
842                 0        4140.06
843                 0        4140.06
844                 0        4140.06
845                 0        4140.06
846                 0        4140.06
847                 0        4140.06
848                 0        4140.06
849                 0        4140.06
850                 0        4140.06
851                 0        4140.06
852                 0        4140.06
853                 0        4140.06
854                 0        4140.06
855                 0        4140.06
856                 0        4140.06
857                 0        4140.06
858                 0        4140.06
859                 0        4140.06
860                 0        4140.06
861                 0        4140.06
862                 0        4140.06
863                 0        4140.06
864                 0        4140.06
865                 0        4140.06
866                 0        4140.06
867                 0        4140.06
868                 0        4140.06
869                 0        4140.06
870                 0        4140.06
871                 0        4140.06
872                 0        4140.06
873                 0        4140.06
874                 0        4140.06
875                 0        4140.06
876                 0        4140.06
877                 0        4140.06
878                 0        4140.06
879                 0        4140.06
880                 0        4140.06
881                 0        4140.06
882                 0        4140.06
883                 0        4140.06
884                 0        4140.06
885                 0        4140.06
886                 0        4133.49
887                 0        4133.36
888                 0        4133.36
889                 0        4133.36
890                 0        4133.36
891                 0        4133.36
892                 0        4133.36
893                 0        4133.36
894                 0        4133.36
895                 0        4133.36
896                 0        4133.36
897                 0        4133.36
898                 0        4133.36
899                 0        4133.36
900                 0        4133.36
901                 0        4133.36
902                 0        4133.36
903                 0        4133.36
904                 0        4133.36
905                 0        4133.36
906                 0        4133.36
907                 0        4133.36
908                 0        4133.36
909                 0        4133.36
910                 0        4133.36
911                 0        4133.36
912                 0        4133.36
913                 0        4133.36
914                 0        4133.36
915                 0        4133.36
916                 0        4133.36
917                 0        4133.36
918                 0        4133.36
919                 0        4133.36
920                 0        4133.36
921                 0        4133.36
922                 0        4133.36
923                 0        4133.36
924                 0        4132.23
925                 0        4132.21
926                 0        4132.21
927                 0        4132.21
928                 0        4132.21
929                 0        4132.21
930                 0        4132.21
931                 0        4132.21
932                 0        4132.17
933                 0        4132.17
934                 0        4132.17
935                 0        4131.45
936                 0        4131.43
937                 0        4131.43
938                 0        4131.43
939                 0        4131.43
940                 0        4131.43
941                 0        4131.43
942                 0        4131.43
943                 0        4131.43
944                 0        4131.43
945                 0        4131.43
946                 0        4131.43
947                 0        4131.43
948                 0        4131.43
949                 0        4131.43
950                 0        4131.43
951                 0        4131.43
952                 0        4131.43
953                 0        4131.43
954                 0        4131.43
955                 0        4131.43
956                 0        4131.43
957                 0        4131.43
958                 0        4131.43
959                 0        4131.43
960                 0        4131.43
961                 0        4131.43
962                 0        4131.43
963                 0        4131.43
964                 0        4131.43
965                 0        4131.43
966                 0        4131.43
967                 0        4131.43
968                 0        4131.43
969                 0        4131.43
970                 0        4131.43
971                 0        4131.43
972                 0        4131.43
973                 0        4131.43
974                 0        4131.43
975                 0        4131.43
976                 0        4131.43
977                 0        4131.43
978                 0        4131.43
979                 0        4131.43
980                 0        4131.43
981                 0        4131.43
982                 0        4131.43
983                 0        4131.43
984                 0        4131.43
985                 0        4131.43
986                 0        4131.43
987                 0        4131.43
988                 0        4131.43
989                 0        4131.43
990                 0        4131.43
991                 0        4131.43
992                 0        4131.43
993                 0        4128.74
994                 0        4128.68
995                 0        4128.68
996                 0        4128.68
997                 0        4128.68
998                 0        4128.68
999                 0        4128.68
1000                 0        4128.68
1001                 0        4128.68
1002                 0        4128.68
1003                 0        4128.68
1004                 0        4128.68
1005                 0        4128.68
1006                 0        4128.68
1007                 0        4128.68
1008                 0        4128.68
1009                 0        4128.68
1010                 0        4128.68
1011                 0        4126.43
1012                 0        4126.39
1013                 0        4126.39
1014                 0        4126.39
1015                 0        4126.39
1016                 0        4126.39
1017                 0        4126.39
1018                 0        4126.39
1019                 0        4126.34
1020                 0        4126.34
1021                 0        4126.34
1022                 0        4126.34
1023                 0        4126.34
1024                 0        4126.34
1025                 0        4126.34
1026                 0        4126.34
1027                 0        4126.34
1028                 0        4126.34
1029                 0        4126.34
1030                 0        4126.34
1031                 0        4126.34
1032                 0        4126.34
1033                 0        4126.34
1034                 0        4126.34
1035                 0        4126.34
1036                 0        4126.34
1037                 0        4126.34
1038                 0        4126.34
1039                 0        4126.34
1040                 0        4126.34
1041                 0        4126.34
1042                 0        4126.34
1043                 0        4126.34
1044                 0        4126.34
1045                 0        4126.34
1046                 0        4126.34
1047                 0        4126.34
1048                 0        4126.34
1049                 0        4126.34
1050                 0        4126.34
1051                 0        4126.34
1052                 0        4126.34
1053                 0        4126.34
1054                 0        4126.34
1055                 0        4126.34
1056                 0        4126.34
1057                 0        4126.34
1058                 0        4126.34
1059                 0        4126.34
1060                 0        4126.34
1061                 0        4126.34
1062                 0        4126.34
1063                 0        4126.34
1064                 0        4126.34
1065                 0        4126.34
1066                 0        4126.34
1067                 0        4126.34
1068                 0        4126.34
1069                 0        4126.34
1070                 0        4126.34
1071                 0        4126.34
1072                 0        4126.34
1073                 0        4126.34
1074                 0        4126.34
1075                 0        4126.34
1076                 0        4126.34
1077                 0        4126.34
1078                 0        4126.34
1079                 0        4126.34
1080                 0        4126.34
1081                 0        4126.34
1082                 0        4126.34
1083                 0        4126.34
1084                 0        4126.34
1085                 0        4126.34
1086                 0        4126.34
1087                 0        4126.34
1088                 0        4126.34
1089                 0        4126.34
1090                 0        4126.33
1091                 0        4126.33
1092                 0        4126.33
1093                 0        4126.33
1094                 0        4126.33
1095                 0        4126.33
1096                 0        4126.33
1097                 0        4126.33
1098                 0        4126.33
1099                 0        4126.33
1100                 0        4126.33
1101                 0        4126.33
1102                 0        4126.33
1103                 0        4126.33
1104                 0        4126.33
1105                 0        4126.33
1106                 0         4124.5
1107                 0        4124.47
1108                 0        4124.47
1109                 0        4124.47
1110                 0        4124.47
1111                 0        4124.47
1112                 0        4124.47
1113                 0        4124.47
1114                 0        4124.47
1115                 0        4124.47
1116                 0        4124.47
1117                 0        4124.47
1118                 0        4124.47
1119                 0        4124.47
1120                 0        4124.47
1121                 0        4124.47
1122                 0        4124.47
1123                 0        4124.47
1124                 0        4124.47
1125                 0        4124.47
1126                 0        4124.47
1127                 0        4124.47
1128                 0        4124.47
1129                 0        4124.47
1130                 0        4124.47
1131                 0        4124.47
1132                 0        4124.47
1133                 0        4124.47
1134                 0        4124.47
1135                 0        4124.47
1136                 0        4124.47
1137                 0        4124.47
1138                 0        4124.47
1139                 0        4124.47
1140                 0        4124.47
1141                 0        4124.47
1142                 0        4124.47
1143                 0        4124.47
1144                 0        4124.47
1145                 0        4124.47
1146                 0        4124.47
1147                 0        4124.47
1148                 0        4124.47
1149                 0        4124.47
1150                 0        4124.47
1151                 0        4124.47
1152                 0        4124.47
1153                 0        4124.47
1154                 0        4124.47
1155                 0        4124.47
1156                 0        4124.47
1157                 0        4124.47
1158                 0        4124.47
1159                 0        4124.47
1160                 0        4124.47
1161                 0        4124.47
1162                 0        4124.47
1163                 0        4124.47
1164                 0        4124.47
1165                 0        4124.47
1166                 0        4124.47
1167                 0        4124.47
1168                 0        4124.47
1169                 0        4124.47
1170                 0        4124.47
1171                 0        4124.47
1172                 0        4124.47
1173                 0        4124.47
1174                 0        4124.47
1175                 0        4124.47
1176                 0        4124.47
1177                 0        4124.47
1178                 0        4124.47
1179                 0        4124.47
1180                 0        4124.47
1181                 0        4124.47
1182                 0        4124.47
1183                 0        4124.47
1184                 0        4124.47
1185                 0        4124.47
1186                 0        4124.47
1187                 0        4124.47
1188                 0        4124.47
1189                 0        4124.47
1190                 0        4124.47
1191                 0        4124.47
1192                 0        4124.47
1193                 0        4124.47
1194                 0        4124.47
1195                 0        4124.47
1196                 0        4124.47
1197                 0        4124.47
1198                 0        4124.47
1199                 0        4124.47
1200                 0        4124.47
1201                 0        4124.47
1202                 0        4124.47
1203                 0        4124.47
1204                 0        4124.47
1205                 0        4124.47
1206                 0        4124.47
1207                 0        4124.47
1208                 0        4124.47
1209                 0        4124.47
1210                 0        4124.47
1211                 0        4124.47
1212                 0        4124.47
1213                 0        4124.47
1214                 0        4124.47
1215                 0        4124.47
1216                 0        4124.47
1217                 0        4123.56
1218                 0        4123.54
1219                 0        4123.54
1220                 0        4123.54
1221                 0        4123.54
1222                 0        4123.54
1223                 0        4123.54
1224                 0        4123.54
1225                 0        4123.54
1226                 0        4123.54
1227                 0        4123.54
1228                 0        4123.54
1229                 0        4123.54
1230                 0        4123.54
1231                 0        4123.54
1232                 0        4123.54
1233                 0        4123.54
1234                 0        4123.54
1235                 0        4123.54
1236                 0        4123.54
1237                 0        4123.54
1238                 0        4123.54
1239                 0        4123.54
1240                 0        4123.54
1241                 0        4123.54
1242                 0        4123.54
1243                 0        4123.54
1244                 0        4123.54
1245                 0        4123.54
1246                 0        4123.54
1247                 0        4123.54
1248                 0        4123.54
1249                 0        4123.16
1250                 0        4123.15
1251                 0        4123.15
1252                 0        4123.15
1253                 0        4123.15
1254                 0        4123.15
1255                 0        4123.15
1256                 0        4123.15
1257                 0        4123.15
1258                 0        4123.15
1259                 0        4123.15
1260                 0        4123.15
1261                 0        4123.15
1262                 0        4123.15
1263                 0        4123.15
1264                 0        4123.15
1265                 0        4123.15
1266                 0        4123.15
1267                 0        4123.15
1268                 0        4123.15
1269                 0        4123.15
1270                 0        4123.15
1271                 0        4123.15
1272                 0        4123.15
1273                 0        4123.15
1274                 0        4123.15
1275                 0        4123.15
1276                 0        4123.15
1277                 0        4123.15
1278                 0        4123.15
1279                 0        4123.15
1280                 0        4123.15
1281                 0        4123.15
1282                 0        4123.15
1283                 0        4123.15
1284                 0        4123.15
1285                 0        4123.15
1286                 0        4123.15
1287                 0        4123.15
1288                 0        4123.15
1289                 0        4123.15
1290                 0        4123.15
1291                 0        4123.15
1292                 0        4123.15
1293                 0        4123.15
1294                 0        4123.15
1295                 0        4123.15
1296                 0        4123.15
1297                 0        4123.15
1298                 0        4123.15
1299                 0        4123.15
1300                 0        4123.15
1301                 0        4123.15
1302                 0        4123.15
1303                 0        4123.15
1304                 0        4123.15
1305                 0        4123.15
1306                 0        4123.15
1307                 0        4123.15
1308                 0        4123.15
1309                 0        4123.15
1310                 0        4123.15
1311                 0        4123.15
1312                 0        4123.15
1313                 0        4123.15
1314                 0        4123.15
1315                 0        4123.15
1316                 0        4123.15
1317                 0        4123.15
1318                 0        4123.15
1319                 0        4123.15
1320                 0        4123.15
1321                 0        4123.15
1322                 0        4123.15
1323                 0        4123.15
1324                 0        4123.15
1325                 0        4123.15
1326                 0        4123.15
1327                 0        4123.15
1328                 0        4123.15
1329                 0        4123.15
1330                 0        4123.15
1331                 0        4123.15
1332                 0        4123.15
1333                 0        4123.15
1334                 0        4122.78
1335                 0        4122.78
1336                 0        4122.78
1337                 0        4122.78
1338                 0        4122.78
1339                 0        4122.78
1340                 0        4122.78
1341                 0        4122.78
1342                 0        4122.78
1343                 0        4122.78
1344                 0        4122.78
1345                 0        4122.78
1346                 0        4122.78
1347                 0        4122.78
1348                 0        4122.78
1349                 0        4122.78
1350                 0        4122.78
1351                 0        4122.78
1352                 0        4122.78
1353                 0        4122.78
1354                 0        4122.78
1355                 0        4122.78
1356                 0        4122.78
1357                 0        4122.78
1358                 0        4122.78
1359                 0        4122.78
1360                 0        4122.78
1361                 0        4122.78
1362                 0        4122.78
1363                 0        4122.78
1364                 0        4122.78
1365                 0        4122.78
1366                 0        4122.78
1367                 0        4122.78
1368                 0        4122.78
1369                 0        4122.78
1370                 0        4122.78
1371                 0        4122.78
1372                 0        4122.78
1373                 0        4122.78
1374                 0        4122.78
1375                 0        4122.78
1376                 0        4122.78
1377                 0        4122.78
1378                 0        4122.78
1379                 0        4122.78
1380                 0        4122.78
1381                 0        4122.78
1382                 0        4122.78
1383                 0        4122.78
1384                 0        4122.78
1385                 0        4122.78
1386                 0        4122.78
1387                 0        4122.78
1388                 0        4122.78
1389                 0        4122.78
1390                 0        4122.78
1391                 0        4122.78
1392                 0        4122.78
1393                 0        4121.59
1394                 0        4121.57
1395                 0        4121.57
1396                 0        4121.57
1397                 0        4121.57
1398                 0        4121.57
1399                 0        4121.57
1400                 0        4121.57
1401                 0        4121.57
1402                 0        4121.57
1403                 0        4121.57
1404                 0        4121.57
1405                 0        4121.57
1406                 0        4121.57
1407                 0        4121.57
1408                 0        4121.57
1409                 0        4121.57
1410                 0        4121.57
1411                 0        4121.57
1412                 0        4121.57
1413                 0        4121.57
1414                 0        4121.57
1415                 0        4121.57
1416                 0        4121.57
1417                 0        4121.57
1418                 0        4121.57
1419                 0        4121.57
1420                 0        4121.57
1421                 0        4121.57
1422                 0        4121.57
1423                 0        4121.57
1424                 0        4121.57
1425                 0        4121.57
1426                 0        4121.57
1427                 0        4121.57
1428                 0        4121.57
1429                 0        4121.57
1430                 0        4121.57
1431                 0        4121.57
1432                 0        4121.57
1433                 0        4121.57
1434                 0        4121.57
1435                 0        4121.57
1436                 0        4121.57
1437                 0        4121.57
1438                 0        4121.57
1439                 0        4121.57
1440                 0        4121.57
1441                 0        4121.57
1442                 0        4121.57
1443                 0        4121.57
1444                 0        4121.57
1445                 0        4121.57
1446                 0        4121.57
1447                 0        4121.57
1448                 0        4121.57
1449                 0        4121.57
1450                 0        4121.57
1451                 0        4121.57
1452                 0        4121.57
1453                 0        4121.57
1454                 0        4121.57
1455                 0        4121.57
1456                 0        4121.57
1457                 0        4121.57
1458                 0        4121.57
1459                 0        4121.57
1460                 0        4121.57
1461                 0        4121.57
1462                 0        4121.57
1463                 0        4121.57
1464                 0        4121.57
1465                 0        4121.57
1466                 0        4121.57
1467                 0        4121.57
1468                 0        4121.57
1469                 0        4121.57
1470                 0        4121.57
1471                 0        4121.57
1472                 0        4121.57
1473                 0        4121.57
1474                 0        4121.57
1475                 0        4121.57
1476                 0        4121.57
1477                 0        4121.57
1478                 0        4121.57
1479                 0        4121.57
1480                 0        4121.57
1481                 0        4121.57
1482                 0        4121.57
1483                 0        4121.57
1484                 0        4121.57
1485                 0        4121.57
1486                 0        4121.57
1487                 0        4121.57
1488                 0        4121.57
1489                 0        4121.57
1490                 0        4121.57
1491                 0        4121.57
1492                 0        4121.57
1493                 0        4121.57
1494                 0        4121.57
1495                 0        4121.57
1496                 0        4121.57
1497                 0        4121.57
1498                 0        4121.57
1499                 0        4121.57
1500                 0        4121.57
1501                 0        4121.57
1502                 0        4121.57
1503                 0        4121.57
1504                 0        4121.57
1505                 0        4121.57
1506                 0        4121.57
1507                 0        4121.57
1508                 0        4121.57
1509                 0        4121.57
1510                 0        4121.57
1511                 0        4121.57
1512                 0        4121.57
1513                 0        4121.57
1514                 0        4121.57
1515                 0        4121.57
1516                 0        4121.57
1517                 0        4121.57
1518                 0        4121.57
1519                 0        4121.57
1520                 0        4121.57
1521                 0        4121.57
1522                 0        4121.57
1523                 0        4121.57
1524                 0        4121.57
1525                 0        4121.57
1526                 0        4121.57
1527                 0        4121.57
1528                 0        4121.57
1529                 0        4121.57
1530                 0        4121.57
1531                 0        4121.57
1532                 0        4121.57
1533                 0        4121.57
1534                 0        4121.57
1535                 0        4121.57
1536                 0        4121.57
1537                 0        4121.57
1538                 0        4121.57
1539                 0        4121.57
1540                 0        4121.57
1541                 0        4121.57
1542                 0        4121.57
1543                 0        4121.57
1544                 0        4121.57
1545                 0        4121.57
1546                 0        4121.57
1547                 0        4121.57
1548                 0        4121.57
1549                 0        4121.57
1550                 0        4121.57
1551                 0        4121.23
1552                 0        4121.23
1553                 0        4121.23
1554                 0        4121.23
1555                 0        4121.23
1556                 0        4121.23
1557                 0        4121.23
1558                 0        4121.23
1559                 0        4121.23
1560                 0        4121.23
1561                 0        4120.89
1562                 0        4120.89
1563                 0        4120.89
1564                 0        4120.89
1565                 0        4120.89
1566                 0        4120.89
1567                 0        4120.89
1568                 0        4120.89
1569                 0        4120.89
1570                 0        4120.89
1571                 0        4120.89
1572                 0        4120.89
1573                 0        4120.89
1574                 0        4120.89
1575                 0        4120.89
1576                 0        4120.89
1577                 0        4120.89
1578                 0        4120.89
1579                 0        4120.89
1580                 0        4120.89
1581                 0        4120.89
1582                 0        4120.89
1583                 0        4120.89
1584                 0        4120.89
1585                 0        4120.89
1586                 0        4120.89
1587                 0        4120.89
1588                 0        4120.89
1589                 0        4120.89
1590                 0        4120.89
1591                 0        4120.89
1592                 0        4120.89
1593                 0        4120.89
1594                 0        4120.89
1595                 0        4120.89
1596                 0        4120.89
1597                 0        4120.89
1598                 0        4120.89
1599                 0        4120.89
1600                 0        4120.89
1601                 0        4120.89
1602                 0        4120.89
1603                 0        4120.89
1604                 0        4120.89
1605                 0        4120.89
1606                 0        4120.89
1607                 0        4120.89
1608                 0        4120.89
1609                 0        4120.89
1610                 0        4120.89
1611                 0        4120.89
1612                 0        4120.89
1613                 0        4120.89
1614                 0        4120.89
1615                 0        4120.89
1616                 0        4120.89
1617                 0        4120.89
1618                 0        4120.89
1619                 0        4120.89
1620                 0        4120.89
1621                 0        4120.89
1622                 0        4120.89
1623                 0        4120.89
1624                 0        4120.89
1625                 0        4120.89
1626                 0        4120.89
1627                 0        4120.89
1628                 0        4120.89
1629                 0        4120.89
1630                 0        4120.89
1631                 0        4120.89
1632                 0        4120.89
1633                 0        4120.89
1634                 0        4120.89
1635                 0        4120.89
1636                 0        4120.89
1637                 0        4120.89
1638                 0        4120.89
1639                 0        4120.89
1640                 0        4120.89
1641                 0         4120.8
1642                 0         4120.8
1643                 0         4120.8
1644                 0         4120.8
1645                 0         4120.8
1646                 0         4120.8
1647                 0         4120.8
1648                 0         4120.8
1649                 0         4120.8
1650                 0         4120.8
1651                 0         4120.8
1652                 0         4120.8
1653                 0         4120.8
1654                 0         4120.8
1655                 0         4120.8
1656                 0         4120.8
1657                 0         4120.8
1658                 0         4120.8
1659                 0         4120.8
1660                 0         4120.8
1661                 0         4120.8
1662                 0         4120.8
1663                 0         4120.8
1664                 0         4120.8
1665                 0         4120.8
1666                 0         4120.8
1667                 0         4120.8
1668                 0         4120.8
1669                 0         4120.8
1670                 0         4120.8
1671                 0         4120.8
1672                 0         4120.8
1673                 0         4120.8
1674                 0         4120.8
1675                 0         4120.8
1676                 0         4120.8
1677                 0         4120.8
1678                 0         4120.8
1679                 0         4120.8
1680                 0         4120.8
1681                 0         4120.8
1682                 0         4120.8
1683                 0         4120.8
1684                 0         4120.8
1685                 0         4120.8
1686                 0         4120.8
1687                 0        4120.56
1688                 0        4120.55
1689                 0        4120.55
1690                 0        4120.55
1691                 0        4120.55
1692                 0        4115.16
1693                 0        4115.05
1694                 0        4115.05
1695                 0        4115.05
1696                 0        4115.05
1697                 0        4115.05
1698                 0        4115.05
1699                 0        4115.05
1700                 0        4115.05
1701                 0        4115.05
1702                 0        4115.05
1703                 0        4115.05
1704                 0        4115.05
1705                 0        4115.05
1706                 0        4115.05
1707                 0        4115.05
1708                 0        4115.05
1709                 0        4115.05
1710                 0        4115.05
1711                 0        4115.05
1712                 0        4115.05
1713                 0        4115.05
1714                 0        4115.05
1715                 0        4115.05
1716                 0        4115.05
1717                 0        4115.05
1718                 0        4115.05
1719                 0        4113.81
1720                 0        4113.79
1721                 0        4113.79
1722                 0        4113.79
1723                 0        4113.79
1724                 0        4113.79
1725                 0        4113.79
1726                 0        4113.79
1727                 0        4113.79
1728                 0        4113.79
1729                 0        4113.79
1730                 0        4113.79
1731                 0        4113.79
1732                 0        4113.79
1733                 0        4113.79
1734                 0        4113.79
1735                 0        4113.79
1736                 0        4113.79
1737                 0        4113.79
1738                 0        4113.79
1739                 0        4113.79
1740                 0        4113.79
1741                 0        4113.79
1742                 0        4113.79
1743                 0        4113.79
1744                 0        4113.79
1745                 0        4113.79
1746                 0        4113.79
1747                 0        4113.79
1748                 0        4113.79
1749                 0        4113.79
1750                 0        4113.79
1751                 0        4113.79
1752                 0        4113.79
1753                 0        4113.79
1754                 0        4113.36
1755                 0        4113.35
1756                 0        4113.35
1757                 0        4113.35
1758                 0        4113.35
1759                 0        4113.35
1760                 0        4113.35
1761                 0        4113.35
1762                 0        4113.35
1763                 0        4113.35
1764                 0        4113.35
1765                 0        4113.35
1766                 0        4113.35
1767                 0        4113.35
1768                 0        4113.35
1769                 0        4113.35
1770                 0        4113.35
1771                 0        4113.35
1772                 0        4113.35
1773                 0        4113.35
1774                 0        4113.35
1775                 0        4113.35
1776                 0        4113.35
1777                 0        4113.35
1778                 0        4113.35
1779                 0        4113.35
1780                 0        4113.35
1781                 0        4113.35
1782                 0        4113.35
1783                 0        4113.35
1784                 0        4113.35
1785                 0        4113.35
1786                 0        4113.35
1787                 0        4113.35
1788                 0        4113.35
1789                 0        4113.35
1790                 0        4113.35
1791                 0        4113.35
1792                 0        4113.35
1793                 0        4113.35
1794                 0        4113.35
1795                 0        4113.35
1796                 0        4113.35
1797                 0        4113.35
1798                 0        4113.35
1799                 0        4113.35
1800                 0        4113.35
1801                 0        4113.35
1802                 0        4113.35
1803                 0        4113.35
1804                 0        4113.35
1805                 0        4113.35
1806                 0        4113.35
1807                 0        4113.35
1808                 0        4113.35
1809                 0        4113.35
1810                 0        4113.35
1811                 0        4113.35
1812                 0        4113.35
1813                 0        4113.35
1814                 0        4113.35
1815                 0        4113.35
1816                 0        4113.35
1817                 0        4113.35
1818                 0        4113.35
1819                 0        4113.35
1820                 0        4113.35
1821                 0        4113.35
1822                 0        4113.35
1823                 0        4113.35
1824                 0        4113.35
1825                 0        4113.35
1826                 0        4113.35
1827                 0        4113.35
1828                 0        4113.35
1829                 0        4113.35
1830                 0        4113.35
1831                 0        4113.35
1832                 0        4113.35
1833                 0        4113.35
1834                 0        4113.35
1835                 0        4113.35
1836                 0        4113.35
1837                 0        4113.35
1838                 0        4113.35
1839                 0        4113.35
1840                 0        4113.35
1841                 0        4113.35
1842                 0        4113.35
1843                 0        4113.35
1844                 0        4113.35
1845                 0        4113.35
1846                 0        4113.35
1847                 0        4113.35
1848                 0        4113.35
1849                 0        4113.35
1850                 0        4113.35
1851                 0        4113.35
1852                 0        4113.35
1853                 0        4113.35
1854                 0        4113.35
1855                 0        4113.35
1856                 0        4113.35
1857                 0        4113.35
1858                 0        4113.35
1859                 0        4113.35
1860                 0        4113.35
1861                 0        4113.35
1862                 0        4113.35
1863                 0        4113.35
1864                 0        4113.35
1865                 0        4113.35
1866                 0        4113.35
1867                 0        4113.35
1868                 0        4113.35
1869                 0        4113.35
1870                 0        4113.35
1871                 0        4113.35
1872                 0        4113.35
1873                 0        4113.35
1874                 0        4113.35
1875                 0        4113.35
1876                 0        4113.35
1877                 0        4113.35
1878                 0        4113.35
1879                 0        4113.35
1880                 0        4113.35
1881                 0        4113.35
1882                 0        4113.35
1883                 0        4113.35
1884                 0        4112.97
1885                 0        4112.96
1886                 0        4112.96
1887                 0        4112.96
1888                 0        4112.96
1889                 0        4112.96
1890                 0        4112.96
1891                 0        4112.96
1892                 0        4112.96
1893                 0        4112.96
1894                 0        4112.96
1895                 0        4112.96
1896                 0        4112.96
1897                 0        4112.96
1898                 0        4112.96
1899                 0        4112.96
1900                 0        4112.96
1901                 0        4112.96
1902                 0        4112.96
1903                 0        4112.96
1904                 0        4112.96
1905                 0        4112.96
1906                 0        4112.96
1907                 0        4112.96
1908                 0        4112.96
1909                 0        4112.96
1910                 0        4112.96
1911                 0        4112.96
1912                 0        4112.96
1913                 0        4112.96
1914                 0        4112.96
1915                 0        4112.96
1916                 0        4112.96
1917                 0        4112.96
1918                 0        4112.96
1919                 0        4112.96
1920                 0        4112.96
1921                 0        4112.96
1922                 0        4112.96
1923                 0        4112.96
1924                 0        4112.96
1925                 0        4112.96
1926                 0        4112.96
1927                 0        4112.96
1928                 0        4112.96
1929                 0        4112.96
1930                 0        4112.96
1931                 0        4112.96
1932                 0        4112.96
1933                 0        4112.96
1934                 0        4112.96
1935                 0        4112.96
1936                 0        4112.96
1937                 0        4112.96
1938                 0        4112.96
1939                 0        4112.96
1940                 0        4112.96
1941                 0        4112.96
1942                 0        4112.96
1943                 0        4112.96
1944                 0        4112.96
1945                 0        4112.96
1946                 0        4112.96
1947                 0        4112.96
1948                 0        4112.96
1949                 0        4112.96
1950                 0        4112.96
1951                 0        4112.96
1952                 0        4112.96
1953                 0        4112.96
1954                 0        4112.96
1955                 0        4112.96
1956                 0        4112.96
1957                 0        4112.96
1958                 0        4112.96
1959                 0        4112.96
1960                 0        4112.96
1961                 0        4112.96
1962                 0        4112.96
1963                 0        4112.96
1964                 0        4112.96
1965                 0        4112.96
1966                 0        4112.96
1967                 0        4112.96
1968                 0        4112.96
1969                 0        4112.89
1970                 0        4112.89
1971                 0        4112.89
1972                 0        4112.89
1973                 0        4112.89
1974                 0        4112.89
1975                 0        4112.89
1976                 0        4112.89
1977                 0        4112.89
1978                 0        4112.89
1979                 0        4112.89
1980                 0        4112.89
1981                 0        4112.89
1982                 0        4112.89
1983                 0        4112.89
1984                 0        4112.89
1985                 0        4112.89
1986                 0        4112.89
1987                 0        4112.89
1988                 0        4112.89
1989                 0        4112.89
1990                 0        4112.89
1991                 0        4112.89
1992                 0        4112.89
1993                 0        4112.89
1994                 0        4112.89
1995                 0        4112.89
1996                 0        4112.89
1997                 0        4112.89
1998                 0        4112.89
1999                 0        4112.89
2000                 0        4112.89
2001                 0        4112.89
2002                 0        4112.89
2003                 0        4112.89
2004                 0        4112.89
2005                 0        4112.89
2006                 0        4112.89
2007                 0        4112.89
2008                 0        4112.89
2009                 0        4112.89
2010                 0        4112.89
2011                 0        4112.89
2012                 0        4112.89
2013                 0        4112.89
2014                 0        4112.89
2015                 0        4112.89
2016                 0        4112.89
2017                 0        4112.89
2018                 0        4112.89
2019                 0        4112.89
2020                 0        4112.89
2021                 0        4112.89
2022                 0        4112.89
2023                 0        4112.89
2024                 0        4112.89
2025                 0        4112.89
2026                 0        4112.89
2027                 0        4112.89
2028                 0        4112.89
2029                 0        4112.89
2030                 0        4112.89
2031                 0        4112.89
2032                 0        4112.89
2033                 0        4112.89
2034                 0        4112.89
2035                 0        4112.89
2036                 0        4112.89
2037                 0        4112.89
2038                 0        4112.89
2039                 0        4112.89
2040                 0        4112.89
2041                 0        4112.89
2042                 0        4112.89
2043                 0        4112.89
2044                 0        4112.89
2045                 0        4112.89
2046                 0        4112.89
2047                 0        4112.89
2048                 0        4112.89
2049                 0        4112.89
2050                 0        4112.89
2051                 0        4112.89
2052                 0        4112.89
2053                 0        4112.89
2054                 0        4112.89
2055                 0        4112.89
2056                 0        4112.89
2057                 0        4112.89
2058                 0        4112.89
2059                 0        4112.89
2060                 0        4112.89
2061                 0        4112.89
2062                 0        4112.89
2063                 0        4112.89
2064                 0        4112.89
2065                 0        4112.89
2066                 0        4112.89
2067                 0        4112.89
2068                 0        4112.89
2069                 0        4112.89
2070                 0        4112.89
2071                 0        4112.89
2072                 0        4112.89
2073                 0        4112.89
2074                 0        4112.89
2075                 0        4112.89
2076                 0        4112.89
2077                 0        4112.89
2078                 0        4112.89
2079                 0        4112.89
2080                 0        4112.89
2081                 0        4112.89
2082                 0        4112.89
2083                 0        4112.89
2084                 0        4112.89
2085                 0        4112.89
2086                 0        4112.89
2087                 0        4112.89
2088                 0        4112.89
2089                 0        4112.89
2090                 0        4112.89
2091                 0        4112.89
2092                 0        4112.89
2093                 0        4112.89
2094                 0        4112.89
2095                 0        4112.89
2096                 0        4112.89
2097                 0        4112.89
2098                 0        4112.89
2099                 0        4112.89
2100                 0        4112.89
2101                 0        4112.57
2102                 0        4112.57
2103                 0        4112.57
2104                 0        4112.57
2105                 0        4112.57
2106                 0        4112.57
2107                 0        4112.57
2108                 0        4112.57
2109                 0        4112.57
2110                 0        4112.57
2111                 0        4112.57
2112                 0        4112.57
2113                 0        4112.57
2114                 0        4112.57
2115                 0        4112.57
2116                 0        4112.57
2117                 0        4112.57
2118                 0        4112.57
2119                 0        4112.57
2120                 0        4112.57
2121                 0        4112.57
2122                 0        4112.57
2123                 0        4112.57
2124                 0        4112.57
2125                 0        4112.57
2126                 0        4112.57
2127                 0        4112.57
2128                 0        4112.57
2129                 0        4112.57
2130                 0        4112.57
2131                 0        4112.57
2132                 0        4112.57
2133                 0        4112.57
2134                 0        4112.57
2135                 0        4112.57
2136                 0        4112.57
2137                 0        4112.57
2138                 0        4112.57
2139                 0        4112.57
2140                 0        4112.57
2141                 0        4112.57
2142                 0        4112.57
2143                 0        4112.57
2144                 0        4112.57
2145                 0        4112.57
2146                 0        4112.57
2147                 0        4112.57
2148                 0        4112.57
2149                 0        4112.57
2150                 0        4112.57
2151                 0        4112.57
2152                 0        4112.57
2153                 0        4112.57
2154                 0        4112.57
2155                 0        4112.57
2156                 0        4112.57
2157                 0        4112.57
2158                 0        4112.57
2159                 0        4112.57
2160                 0        4112.57
2161                 0        4112.57
2162                 0        4112.57
2163                 0        4112.57
2164                 0        4112.57
2165                 0        4112.57
2166                 0        4112.57
2167                 0        4112.57
2168                 0        4112.57
2169                 0        4112.57
2170                 0        4112.57
2171                 0        4112.57
2172                 0        4112.57
2173                 0        4112.57
2174                 0        4112.57
2175                 0        4112.36
2176                 0        4112.36
2177                 0        4112.36
2178                 0        4112.36
2179                 0        4112.36
2180                 0        4112.36
2181                 0        4112.07
2182                 0        4112.06
2183                 0        4112.06
2184                 0        4112.06
2185                 0        4112.06
2186                 0        4112.06
2187                 0        4112.06
2188                 0        4112.06
2189                 0        4112.06
2190                 0        4112.06
2191                 0        4112.06
2192                 0        4112.06
2193                 0        4112.06
2194                 0        4112.06
2195                 0        4112.06
2196                 0        4112.06
2197                 0        4112.06
2198                 0        4112.06
2199                 0        4112.06
2200                 0        4112.06
2201                 0        4112.06
2202                 0        4112.06
2203                 0        4112.06
2204                 0        4112.06
2205                 0        4112.06
2206                 0        4112.06
2207                 0        4112.06
2208                 0        4112.06
2209                 0        4112.06
2210                 0        4112.06
2211                 0        4112.06
2212                 0        4112.06
2213                 0        4112.06
2214                 0        4112.06
2215                 0        4112.06
2216                 0        4112.06
2217                 0        4112.06
2218                 0        4112.06
2219                 0        4112.06
2220                 0        4112.06
2221                 0        4112.06
2222                 0        4112.06
2223                 0        4112.06
2224                 0        4112.06
2225                 0        4112.06
2226                 0        4112.06
2227                 0        4112.06
2228                 0        4112.06
2229                 0        4112.06
2230                 0        4112.06
2231                 0        4112.06
2232                 0        4112.06
2233                 0        4112.06
2234                 0        4112.06
2235                 0        4112.06
2236                 0        4112.06
2237                 0        4112.06
2238                 0        4112.06
2239                 0        4112.06
2240                 0        4112.06
2241                 0        4112.06
2242                 0        4112.06
2243                 0        4112.06
2244                 0        4112.06
2245                 0        4112.06
2246                 0        4112.06
2247                 0        4112.06
2248                 0        4112.06
2249                 0        4112.06
2250                 0        4112.06
2251                 0        4112.06
2252                 0        4112.06
2253                 0        4112.06
2254                 0        4112.06
2255                 0        4112.06
2256                 0        4112.06
2257                 0        4112.06
2258                 0        4112.06
2259                 0        4112.06
2260                 0        4112.06
2261                 0        4112.06
2262                 0        4112.06
2263                 0        4112.06
2264                 0        4112.06
2265                 0        4112.06
2266                 0        4111.32
2267                 0         4111.3
2268                 0         4111.3
2269                 0         4111.3
2270                 0         4111.3
2271                 0         4111.3
2272                 0         4111.3
2273                 0         4111.3
2274                 0         4111.3
2275                 0         4111.3
2276                 0         4111.3
2277                 0         4111.3
2278                 0         4111.3
2279                 0         4111.3
2280                 0         4111.3
2281                 0         4111.3
2282                 0         4111.3
2283                 0         4111.3
2284                 0         4111.3
2285                 0         4111.3
2286                 0         4111.3
2287                 0         4111.3
2288                 0         4111.3
2289                 0         4111.3
2290                 0         4111.3
2291                 0         4111.3
2292                 0         4111.3
2293                 0         4111.3
2294                 0         4111.3
2295                 0         4111.3
2296                 0         4111.3
2297                 0         4111.3
2298                 0         4111.3
2299                 0         4111.3
2300                 0         4111.3
2301                 0         4111.3
2302                 0         4111.3
2303                 0         4111.3
2304                 0         4111.3
2305                 0         4111.3
2306                 0         4111.3
2307                 0         4111.3
2308                 0         4111.3
2309                 0         4111.3
2310                 0         4111.3
2311                 0         4111.3
2312                 0         4111.3
2313                 0         4111.3
2314                 0         4111.3
2315                 0         4111.3
2316                 0         4111.3
2317                 0         4111.3
2318                 0         4111.3
2319                 0         4111.3
2320                 0         4111.3
2321                 0         4111.3
2322                 0         4111.3
2323                 0         4111.3
2324                 0         4111.3
2325                 0         4111.3
2326                 0         4111.3
2327                 0         4111.3
2328                 0         4111.3
2329                 0         4111.3
2330                 0         4111.3
2331                 0         4111.3
2332                 0         4111.3
2333                 0         4111.3
2334                 0         4111.3
2335                 0         4111.3
2336                 0         4111.3
2337                 0         4111.3
2338                 0         4111.3
2339                 0         4111.3
2340                 0         4111.3
2341                 0         4111.3
2342                 0         4111.3
2343                 0         4111.3
2344                 0         4111.3
2345                 0         4111.3
2346                 0         4111.3
2347                 0         4111.3
2348                 0         4111.3
2349                 0         4111.3
2350                 0         4111.3
2351                 0         4111.3
2352                 0         4111.3
2353                 0         4111.3
2354                 0         4111.3
2355                 0         4111.3
2356                 0         4111.3
2357                 0         4111.3
2358                 0         4111.3
2359                 0         4111.3
2360                 0         4111.3
2361                 0         4111.3
2362                 0         4111.3
2363                 0        4110.45
2364                 0        4110.44
2365                 0        4110.44
2366                 0        4110.44
2367                 0        4110.44
2368                 0        4110.44
2369                 0        4110.44
2370                 0        4110.44
2371                 0        4110.44
2372                 0        4110.44
2373                 0        4110.44
2374                 0        4110.44
2375                 0        4110.44
2376                 0        4110.44
2377                 0        4110.44
2378                 0        4110.44
2379                 0        4110.44
2380                 0        4110.44
2381                 0        4110.44
2382                 0        4110.44
2383                 0        4110.44
2384                 0        4110.44
2385                 0        4110.44
2386                 0        4110.44
2387                 0        4110.44
2388                 0        4110.44
2389                 0        4110.44
2390                 0        4110.44
2391                 0        4110.44
2392                 0        4110.44
2393                 0        4110.44
2394                 0        4110.44
2395                 0        4110.01
2396                 0           4110
2397                 0           4110
2398                 0           4110
2399                 0           4110
2400                 0           4110
2401                 0           4110
2402                 0           4110
2403                 0           4110
2404                 0           4110
2405                 0           4110
2406                 0           4110
2407                 0           4110
2408                 0           4110
2409                 0           4110
2410                 0           4110
2411                 0           4110
2412                 0           4110
2413                 0           4110
2414                 0           4110
2415                 0           4110
2416                 0           4110
2417                 0           4110
2418                 0           4110
2419                 0           4110
2420                 0           4110
2421                 0           4110
2422                 0           4110
2423                 0           4110
2424                 0           4110
2425                 0           4110
2426                 0           4110
2427                 0           4110
2428                 0           4110
2429                 0           4110
2430                 0           4110
2431                 0           4110
2432                 0           4110
2433                 0           4110
2434                 0           4110
2435                 0           4110
2436                 0           4110
2437                 0           4110
2438                 0           4110
2439                 0           4110
2440                 0           4110
2441                 0           4110
2442                 0           4110
2443                 0           4110
2444                 0           4110
2445                 0           4110
2446                 0           4110
2447                 0           4110
2448                 0           4110
2449                 0           4110
2450                 0           4110
2451                 0           4110
2452                 0           4110
2453                 0           4110
2454                 0           4110
2455                 0           4110
2456                 0           4110
2457                 0           4110
2458                 0           4110
2459                 0           4110
2460                 0           4110
2461                 0           4110
2462                 0           4110
2463                 0           4110
2464                 0           4110
2465                 0           4110
2466                 0           4110
2467                 0           4110
2468                 0           4110
2469                 0           4110
2470                 0           4110
2471                 0           4110
2472                 0           4110
2473                 0           4110
2474                 0           4110
2475                 0           4110
2476                 0           4110
2477                 0           4110
2478                 0           4110
2479                 0           4110
2480                 0           4110
2481                 0           4110
2482                 0           4110
2483                 0           4110
2484                 0           4110
2485                 0           4110
2486                 0           4110
2487                 0           4110
2488                 0           4110
2489                 0           4110
2490                 0           4110
2491                 0           4110
2492                 0           4110
2493                 0           4110
2494                 0           4110
2495                 0           4110
2496                 0           4110
2497                 0           4110
2498                 0           4110
2499                 0           4110
2500                 0           4110
