#ITER       #BEST_FO       #MEDIA_FO
1                 0    3.61222e+19
2                 0    1.11015e+19
3                 0    2.22029e+17
4                 0    4.44059e+15
5                 0    8.88118e+13
6                 0    1.77624e+12
7                 0    3.55247e+10
8                 0    7.10511e+08
9                 0    1.42259e+07
10                 0         299906
11                 0        19961.1
12                 0        13427.7
13                 0        12879.2
14                 0        11748.4
15                 0        11286.6
16                 0        11156.4
17                 0        10643.6
18                 0          10062
19                 0        9978.61
20                 0        9510.13
21                 0        9500.76
22                 0        9390.79
23                 0        9133.79
24                 0        9128.65
25                 0        9128.53
26                 0        9111.16
27                 0        9083.19
28                 0        9038.09
29                 0        8941.75
30                 0         8733.5
31                 0        8575.11
32                 0        8446.62
33                 0        8444.05
34                 0        8318.49
35                 0        8290.77
36                 0        8058.28
37                 0        8053.63
38                 0        8026.48
39                 0        7994.24
40                 0        7848.17
41                 0        7814.19
42                 0        7787.27
43                 0        7786.74
44                 0        7587.84
45                 0        7454.84
46                 0        7323.72
47                 0        7266.84
48                 0        7227.23
49                 0        7171.16
50                 0        7168.57
51                 0        7158.99
52                 0        7153.12
53                 0           7153
54                 0           7153
55                 0        7127.55
56                 0        7127.04
57                 0        7119.93
58                 0        7080.78
59                 0           7080
60                 0        7076.75
61                 0        7033.26
62                 0        6910.65
63                 0        6903.98
64                 0        6882.53
65                 0        6770.68
66                 0        6768.44
67                 0         6738.7
68                 0         6738.1
69                 0        6738.09
70                 0        6700.53
71                 0        6688.86
72                 0         6683.5
73                 0        6683.39
74                 0        6683.39
75                 0        6663.07
76                 0        6662.66
77                 0        6659.87
78                 0        6659.82
79                 0        6659.82
80                 0        6655.73
81                 0        6655.65
82                 0        6625.17
83                 0        6624.56
84                 0        6604.56
85                 0        6585.64
86                 0        6585.26
87                 0        6585.26
88                 0        6570.69
89                 0        6562.21
90                 0        6562.04
91                 0        6562.04
92                 0        6562.04
93                 0        6562.04
94                 0        6562.04
95                 0        6562.04
96                 0        6558.73
97                 0        6554.37
98                 0        6554.28
99                 0        6541.01
100                 0        6509.46
101                 0        6501.74
102                 0        6495.73
103                 0        6495.61
104                 0        6495.61
105                 0        6482.02
106                 0        6481.74
107                 0        6469.33
108                 0        6469.08
109                 0        6469.08
110                 0        6464.61
111                 0        6464.53
112                 0        6455.56
113                 0        6455.38
114                 0        6455.38
115                 0        6452.18
116                 0        6407.17
117                 0        6406.27
118                 0        6390.49
119                 0        6390.17
120                 0        6390.17
121                 0        6390.17
122                 0        6388.82
123                 0        6388.79
124                 0        6388.79
125                 0        6355.04
126                 0        6354.37
127                 0        6354.36
128                 0        6354.36
129                 0        6354.36
130                 0        6354.36
131                 0        6354.36
132                 0        6350.03
133                 0        6349.94
134                 0        6346.61
135                 0        6346.54
136                 0        6327.18
137                 0         6326.8
138                 0        6326.79
139                 0        6303.06
140                 0        6297.15
141                 0        6297.04
142                 0        6280.86
143                 0        6280.53
144                 0        6272.26
145                 0         6272.1
146                 0        6272.09
147                 0        6272.09
148                 0        6272.09
149                 0        6272.09
150                 0        6272.09
151                 0        6249.16
152                 0         6248.7
153                 0         6234.6
154                 0        6234.31
155                 0        6234.31
156                 0        6234.31
157                 0        6234.31
158                 0        6234.31
159                 0        6221.25
160                 0        6220.98
161                 0        6217.23
162                 0        6217.16
163                 0        6195.52
164                 0        6195.09
165                 0        6194.78
166                 0           6191
167                 0        6184.62
168                 0        6184.49
169                 0        6184.49
170                 0        6184.49
171                 0        6184.49
172                 0        6184.49
173                 0        6174.55
174                 0        6174.35
175                 0        6174.35
176                 0        6174.35
177                 0        6174.35
178                 0        6169.84
179                 0        6169.75
180                 0        6169.74
181                 0        6169.12
182                 0        6169.04
183                 0        6169.04
184                 0        6169.04
185                 0        6169.04
186                 0        6143.07
187                 0        6142.55
188                 0        6142.54
189                 0        6142.54
190                 0        6137.44
191                 0        6137.34
192                 0        6137.13
193                 0        6137.12
194                 0        6137.12
195                 0        6124.68
196                 0        6124.43
197                 0        6124.42
198                 0        6124.42
199                 0        6124.42
200                 0        6122.47
201                 0        6122.43
202                 0        6122.43
203                 0        6122.43
204                 0        6122.43
205                 0        6122.43
206                 0        6122.43
207                 0        6122.43
208                 0        6122.43
209                 0        6122.43
210                 0        6122.43
211                 0        6122.43
212                 0        6122.43
213                 0        6122.43
214                 0        6122.43
215                 0        6122.43
216                 0        6122.43
217                 0        6119.37
218                 0        6105.53
219                 0        6105.25
220                 0        6094.16
221                 0        6093.93
222                 0        6093.93
223                 0        6093.93
224                 0        6093.93
225                 0         6075.2
226                 0        6074.82
227                 0        6074.82
228                 0        6071.82
229                 0        6071.76
230                 0        6071.76
231                 0        6067.66
232                 0        6066.33
233                 0         6066.3
234                 0         6066.3
235                 0         6066.3
236                 0         6066.3
237                 0         6066.3
238                 0         6066.3
239                 0         6066.3
240                 0         6066.3
241                 0         6066.3
242                 0        6039.52
243                 0        6038.98
244                 0        6038.97
245                 0        6001.74
246                 0        6000.99
247                 0        6000.98
248                 0        6000.98
249                 0        6000.98
250                 0        6000.98
251                 0        6000.98
252                 0        6000.74
253                 0        6000.73
254                 0        6000.73
255                 0        6000.73
256                 0        6000.73
257                 0        6000.73
258                 0        6000.73
259                 0        6000.73
260                 0        6000.73
261                 0        6000.73
262                 0        6000.73
263                 0        6000.73
264                 0        6000.73
265                 0        6000.73
266                 0        6000.73
267                 0        6000.73
268                 0        6000.73
269                 0        6000.73
270                 0        6000.73
271                 0        6000.73
272                 0        6000.73
273                 0        6000.73
274                 0        6000.73
275                 0        6000.73
276                 0        6000.73
277                 0        6000.73
278                 0        6000.73
279                 0        5998.05
280                 0        5997.99
281                 0        5997.99
282                 0        5997.99
283                 0        5997.99
284                 0        5997.99
285                 0        5996.72
286                 0        5996.69
287                 0           5996
288                 0        5995.99
289                 0        5995.99
290                 0        5994.77
291                 0        5984.73
292                 0        5984.48
293                 0        5984.25
294                 0        5984.25
295                 0        5984.25
296                 0        5984.25
297                 0        5984.25
298                 0        5984.25
299                 0        5981.97
300                 0        5981.92
301                 0        5981.92
302                 0        5981.92
303                 0        5981.92
304                 0        5981.92
305                 0        5980.54
306                 0        5980.51
307                 0        5980.51
308                 0        5980.51
309                 0        5980.51
310                 0        5980.51
311                 0        5980.51
312                 0        5980.51
313                 0        5980.51
314                 0        5974.88
315                 0        5974.76
316                 0        5974.76
317                 0        5974.76
318                 0        5974.76
319                 0        5973.54
320                 0        5973.51
321                 0        5973.51
322                 0        5973.51
323                 0        5973.51
324                 0        5973.51
325                 0        5973.51
326                 0        5973.51
327                 0        5973.51
328                 0        5973.51
329                 0        5973.51
330                 0        5971.21
331                 0        5971.17
332                 0        5971.17
333                 0        5971.17
334                 0        5971.17
335                 0        5971.17
336                 0        5971.17
337                 0        5971.17
338                 0        5971.17
339                 0        5971.17
340                 0        5971.17
341                 0        5971.17
342                 0        5971.17
343                 0        5971.17
344                 0        5964.25
345                 0        5964.11
346                 0        5964.11
347                 0        5964.11
348                 0        5964.11
349                 0        5964.11
350                 0        5964.11
351                 0        5964.11
352                 0        5964.11
353                 0        5964.11
354                 0        5964.11
355                 0        5964.11
356                 0        5964.11
357                 0        5957.77
358                 0        5957.64
359                 0        5957.64
360                 0        5957.64
361                 0        5957.64
362                 0        5957.64
363                 0        5957.64
364                 0        5951.72
365                 0         5951.6
366                 0        5951.22
367                 0        5951.21
368                 0        5951.21
369                 0        5951.21
370                 0        5951.21
371                 0        5951.21
372                 0        5951.21
373                 0        5951.21
374                 0        5951.21
375                 0        5951.21
376                 0        5944.25
377                 0        5944.11
378                 0        5944.11
379                 0        5944.11
380                 0        5944.11
381                 0        5939.79
382                 0        5939.71
383                 0        5939.71
384                 0        5939.71
385                 0        5939.71
386                 0        5939.71
387                 0        5939.71
388                 0        5939.71
389                 0        5935.37
390                 0        5935.29
391                 0        5935.29
392                 0        5935.29
393                 0        5935.29
394                 0        5935.29
395                 0        5935.29
396                 0        5935.29
397                 0        5935.29
398                 0        5935.29
399                 0        5935.29
400                 0        5935.29
401                 0        5935.29
402                 0        5935.29
403                 0        5935.29
404                 0        5935.29
405                 0        5935.29
406                 0        5935.29
407                 0        5935.29
408                 0        5935.29
409                 0        5935.29
410                 0        5935.29
411                 0        5935.29
412                 0        5935.29
413                 0        5935.29
414                 0        5935.29
415                 0        5930.15
416                 0        5930.04
417                 0        5930.04
418                 0        5930.04
419                 0        5930.04
420                 0        5930.04
421                 0        5930.04
422                 0        5930.04
423                 0        5930.04
424                 0        5930.04
425                 0        5930.04
426                 0        5930.04
427                 0        5930.04
428                 0         5922.3
429                 0        5922.15
430                 0        5922.15
431                 0        5922.15
432                 0        5922.15
433                 0        5922.15
434                 0        5922.15
435                 0        5922.15
436                 0        5922.15
437                 0        5922.15
438                 0        5922.15
439                 0        5922.15
440                 0        5922.15
441                 0        5922.15
442                 0        5922.15
443                 0        5922.15
444                 0        5922.15
445                 0        5922.15
446                 0        5922.15
447                 0        5922.15
448                 0        5919.72
449                 0        5919.67
450                 0        5919.67
451                 0        5919.67
452                 0        5919.67
453                 0        5919.67
454                 0        5919.67
455                 0        5919.67
456                 0         5919.6
457                 0        5919.59
458                 0        5919.59
459                 0        5919.59
460                 0        5919.59
461                 0        5919.59
462                 0        5919.59
463                 0        5919.59
464                 0        5918.83
465                 0        5918.82
466                 0        5918.82
467                 0        5918.82
468                 0        5918.82
469                 0        5918.82
470                 0        5914.26
471                 0        5914.16
472                 0        5914.16
473                 0        5914.16
474                 0        5914.16
475                 0        5914.16
476                 0        5914.16
477                 0        5911.57
478                 0        5911.51
479                 0        5911.51
480                 0        5911.51
481                 0        5911.51
482                 0        5911.51
483                 0        5911.51
484                 0        5911.51
485                 0        5911.51
486                 0        5911.51
487                 0        5911.51
488                 0        5911.51
489                 0        5911.51
490                 0        5911.51
491                 0        5911.51
492                 0        5911.51
493                 0        5911.51
494                 0        5911.51
495                 0        5911.51
496                 0        5911.51
497                 0        5911.51
498                 0        5911.51
499                 0        5911.51
500                 0        5911.51
501                 0        5911.51
502                 0        5911.51
503                 0         5906.3
504                 0         5904.7
505                 0        5904.67
506                 0        5904.67
507                 0        5904.67
508                 0        5904.67
509                 0        5904.67
510                 0        5904.67
511                 0        5904.67
512                 0        5904.67
513                 0        5904.67
514                 0        5904.67
515                 0        5904.26
516                 0        5904.26
517                 0        5904.26
518                 0        5904.26
519                 0        5904.26
520                 0        5904.26
521                 0        5904.26
522                 0        5904.26
523                 0        5904.26
524                 0        5904.26
525                 0        5904.26
526                 0        5904.26
527                 0        5904.26
528                 0        5904.26
529                 0        5904.26
530                 0        5904.26
531                 0        5904.26
532                 0        5904.26
533                 0        5902.24
534                 0         5902.2
535                 0         5902.2
536                 0         5902.2
537                 0         5902.2
538                 0         5902.2
539                 0        5901.82
540                 0        5901.81
541                 0        5901.81
542                 0        5901.81
543                 0        5901.81
544                 0        5901.81
545                 0        5901.81
546                 0        5901.81
547                 0        5901.81
548                 0         5901.5
549                 0         5901.5
550                 0         5901.5
551                 0         5901.5
552                 0        5900.72
553                 0        5900.71
554                 0        5900.71
555                 0        5900.71
556                 0        5900.71
557                 0        5897.63
558                 0        5897.56
559                 0        5896.35
560                 0        5896.33
561                 0        5896.33
562                 0        5896.33
563                 0        5896.33
564                 0        5896.33
565                 0        5896.33
566                 0        5896.33
567                 0        5896.33
568                 0        5896.33
569                 0        5896.33
570                 0        5896.33
571                 0        5896.33
572                 0        5896.33
573                 0        5896.33
574                 0        5896.33
575                 0        5896.33
576                 0        5896.33
577                 0        5896.33
578                 0        5896.33
579                 0        5896.33
580                 0        5896.33
581                 0        5896.33
582                 0        5896.33
583                 0        5896.33
584                 0        5896.33
585                 0        5896.33
586                 0        5896.33
587                 0        5896.33
588                 0        5896.33
589                 0        5894.98
590                 0        5894.95
591                 0        5894.95
592                 0        5894.95
593                 0        5894.95
594                 0        5894.95
595                 0        5894.95
596                 0        5894.95
597                 0        5894.95
598                 0        5890.97
599                 0        5890.89
600                 0        5890.89
601                 0        5890.89
602                 0        5889.07
603                 0        5889.04
604                 0        5889.04
605                 0        5889.04
606                 0        5889.04
607                 0        5889.04
608                 0        5889.04
609                 0        5889.04
610                 0        5889.04
611                 0        5889.04
612                 0        5888.12
613                 0         5888.1
614                 0         5888.1
615                 0         5888.1
616                 0         5888.1
617                 0         5888.1
618                 0         5888.1
619                 0         5888.1
620                 0         5888.1
621                 0        5885.79
622                 0        5885.75
623                 0        5885.75
624                 0        5885.75
625                 0        5885.75
626                 0        5885.75
627                 0        5885.75
628                 0        5885.75
629                 0        5885.75
630                 0        5885.75
631                 0        5885.75
632                 0        5885.75
633                 0        5885.75
634                 0        5885.75
635                 0        5885.75
636                 0        5885.75
637                 0        5885.75
638                 0        5885.75
639                 0        5885.75
640                 0        5885.75
641                 0        5885.75
642                 0        5884.84
643                 0        5884.82
644                 0        5884.82
645                 0        5884.82
646                 0        5884.82
647                 0           5882
648                 0        5881.95
649                 0        5881.95
650                 0        5881.95
651                 0        5881.95
652                 0        5881.95
653                 0        5881.95
654                 0        5881.95
655                 0         5879.6
656                 0        5879.55
657                 0        5879.55
658                 0        5879.55
659                 0        5879.55
660                 0        5879.55
661                 0        5879.55
662                 0        5879.55
663                 0        5869.36
664                 0        5869.16
665                 0        5869.15
666                 0        5869.15
667                 0        5869.15
668                 0        5869.15
669                 0        5869.15
670                 0        5869.15
671                 0        5869.15
672                 0        5869.15
673                 0        5869.15
674                 0        5869.15
675                 0        5869.15
676                 0        5869.15
677                 0        5869.15
678                 0        5868.76
679                 0        5868.75
680                 0        5868.75
681                 0        5868.75
682                 0        5868.75
683                 0        5868.75
684                 0        5868.75
685                 0        5868.75
686                 0        5868.75
687                 0        5868.75
688                 0        5868.75
689                 0        5868.75
690                 0        5868.75
691                 0        5868.75
692                 0        5868.75
693                 0        5868.75
694                 0        5868.75
695                 0        5868.75
696                 0        5868.75
697                 0        5868.75
698                 0        5868.75
699                 0        5868.75
700                 0        5868.75
701                 0        5868.75
702                 0        5868.75
703                 0        5868.75
704                 0        5868.75
705                 0        5868.75
706                 0        5868.75
707                 0        5868.51
708                 0         5868.5
709                 0         5868.5
710                 0        5866.96
711                 0        5866.93
712                 0        5866.93
713                 0        5866.93
714                 0        5866.93
715                 0        5866.93
716                 0        5866.93
717                 0        5865.64
718                 0        5865.61
719                 0        5865.61
720                 0        5865.61
721                 0        5865.61
722                 0        5865.61
723                 0        5865.61
724                 0        5865.61
725                 0        5860.46
726                 0        5860.35
727                 0        5860.35
728                 0        5860.35
729                 0        5860.35
730                 0        5860.35
731                 0        5860.35
732                 0        5860.35
733                 0        5860.35
734                 0        5860.35
735                 0        5860.35
736                 0        5860.35
737                 0        5860.35
738                 0        5860.35
739                 0        5860.35
740                 0        5860.35
741                 0        5860.35
742                 0        5859.74
743                 0        5859.73
744                 0        5859.73
745                 0        5859.73
746                 0        5859.28
747                 0        5859.27
748                 0        5859.27
749                 0        5859.27
750                 0        5859.27
751                 0        5859.27
752                 0        5859.27
753                 0        5859.27
754                 0        5859.27
755                 0        5859.27
756                 0        5859.27
757                 0        5859.27
758                 0        5858.36
759                 0        5858.34
760                 0        5858.34
761                 0        5858.34
762                 0        5858.34
763                 0        5858.34
764                 0        5858.34
765                 0        5858.34
766                 0        5858.34
767                 0        5858.34
768                 0        5858.34
769                 0        5858.34
770                 0        5858.34
771                 0        5858.34
772                 0        5858.34
773                 0        5858.34
774                 0        5858.34
775                 0        5858.34
776                 0        5858.34
777                 0        5858.34
778                 0        5858.34
779                 0        5858.34
780                 0        5858.34
781                 0        5858.34
782                 0        5858.34
783                 0        5858.34
784                 0        5858.34
785                 0        5858.34
786                 0        5858.34
787                 0        5858.34
788                 0        5858.34
789                 0        5858.34
790                 0        5858.34
791                 0        5858.34
792                 0        5857.05
793                 0        5857.02
794                 0        5857.02
795                 0        5857.02
796                 0        5857.02
797                 0        5857.02
798                 0        5857.02
799                 0        5857.02
800                 0        5856.79
801                 0        5856.79
802                 0        5856.79
803                 0        5853.54
804                 0        5853.47
805                 0        5853.47
806                 0        5853.47
807                 0        5853.47
808                 0        5853.47
809                 0        5852.27
810                 0        5852.24
811                 0        5852.24
812                 0        5852.24
813                 0        5852.24
814                 0        5852.24
815                 0        5852.24
816                 0        5852.24
817                 0        5852.24
818                 0        5852.24
819                 0        5852.24
820                 0        5852.24
821                 0        5852.24
822                 0        5852.24
823                 0        5852.24
824                 0        5852.24
825                 0        5852.24
826                 0        5852.24
827                 0        5852.24
828                 0        5852.24
829                 0        5852.24
830                 0        5852.24
831                 0        5852.24
832                 0        5852.24
833                 0        5852.24
834                 0        5852.24
835                 0        5852.24
836                 0        5852.24
837                 0        5850.52
838                 0        5850.49
839                 0        5850.49
840                 0        5850.49
841                 0        5850.49
842                 0        5850.49
843                 0        5850.49
844                 0        5850.49
845                 0        5850.49
846                 0        5850.49
847                 0        5850.49
848                 0        5850.49
849                 0        5850.49
850                 0        5850.49
851                 0        5850.49
852                 0        5850.49
853                 0        5850.49
854                 0        5850.49
855                 0        5850.49
856                 0        5850.49
857                 0        5850.49
858                 0        5850.49
859                 0        5850.49
860                 0        5850.49
861                 0        5850.49
862                 0        5850.49
863                 0        5850.49
864                 0        5850.49
865                 0        5850.49
866                 0        5850.49
867                 0        5850.49
868                 0        5850.49
869                 0        5850.49
870                 0        5850.28
871                 0         5848.8
872                 0        5848.77
873                 0        5847.06
874                 0        5847.02
875                 0        5847.02
876                 0        5847.02
877                 0        5847.02
878                 0        5847.02
879                 0        5847.02
880                 0        5847.02
881                 0        5847.02
882                 0        5847.02
883                 0        5847.02
884                 0        5847.02
885                 0        5847.02
886                 0        5847.02
887                 0        5847.02
888                 0        5847.02
889                 0        5847.02
890                 0        5847.02
891                 0        5847.02
892                 0        5847.02
893                 0        5847.02
894                 0        5847.02
895                 0        5847.02
896                 0        5847.02
897                 0        5847.02
898                 0        5847.02
899                 0        5847.02
900                 0        5847.02
901                 0        5847.02
902                 0        5847.02
903                 0        5847.02
904                 0        5847.02
905                 0        5847.02
906                 0        5847.02
907                 0        5847.02
908                 0        5847.02
909                 0        5847.02
910                 0        5847.02
911                 0        5847.02
912                 0        5847.02
913                 0        5847.02
914                 0        5847.02
915                 0        5847.02
916                 0        5847.02
917                 0        5847.02
918                 0        5847.02
919                 0        5847.02
920                 0        5847.02
921                 0        5847.02
922                 0        5847.02
923                 0        5847.02
924                 0        5847.02
925                 0        5847.02
926                 0        5847.02
927                 0        5847.02
928                 0        5847.02
929                 0        5847.02
930                 0        5847.02
931                 0        5847.02
932                 0        5847.02
933                 0        5847.02
934                 0        5845.51
935                 0        5845.48
936                 0        5845.48
937                 0        5845.48
938                 0        5845.48
939                 0        5845.48
940                 0        5845.48
941                 0        5845.48
942                 0        5845.48
943                 0        5845.48
944                 0        5845.48
945                 0        5845.48
946                 0        5845.48
947                 0        5845.48
948                 0        5845.48
949                 0        5845.48
950                 0        5845.48
951                 0        5845.48
952                 0        5845.48
953                 0        5845.48
954                 0        5845.48
955                 0        5845.48
956                 0        5845.48
957                 0        5845.48
958                 0        5845.48
959                 0        5845.48
960                 0        5845.48
961                 0        5845.48
962                 0        5845.48
963                 0        5845.48
964                 0        5845.48
965                 0        5845.48
966                 0        5845.48
967                 0        5845.48
968                 0        5845.48
969                 0        5845.48
970                 0        5845.48
971                 0        5845.48
972                 0        5845.48
973                 0        5845.48
974                 0        5845.48
975                 0        5845.48
976                 0        5845.48
977                 0        5838.93
978                 0         5838.8
979                 0         5838.8
980                 0         5838.8
981                 0         5838.8
982                 0         5838.8
983                 0         5838.8
984                 0         5838.8
985                 0         5838.8
986                 0         5838.8
987                 0         5838.8
988                 0         5838.8
989                 0         5838.8
990                 0         5838.8
991                 0         5838.8
992                 0         5838.8
993                 0         5838.8
994                 0         5838.8
995                 0         5838.8
996                 0         5838.8
997                 0         5838.8
998                 0         5838.8
999                 0         5838.8
1000                 0         5838.8
1001                 0         5838.8
1002                 0         5838.8
1003                 0         5838.8
1004                 0         5838.8
1005                 0         5838.8
1006                 0         5838.8
1007                 0         5838.8
1008                 0         5838.8
1009                 0         5838.8
1010                 0         5838.8
1011                 0         5838.8
1012                 0         5838.8
1013                 0         5838.8
1014                 0         5838.8
1015                 0         5838.8
1016                 0         5838.8
1017                 0         5838.8
1018                 0         5838.8
1019                 0         5838.8
1020                 0         5838.8
1021                 0         5838.8
1022                 0         5838.8
1023                 0         5838.8
1024                 0         5838.8
1025                 0         5838.8
1026                 0         5838.8
1027                 0         5838.8
1028                 0         5838.8
1029                 0         5838.8
1030                 0         5838.8
1031                 0         5838.8
1032                 0         5838.8
1033                 0         5838.8
1034                 0         5838.8
1035                 0         5838.8
1036                 0         5838.8
1037                 0         5838.8
1038                 0         5838.8
1039                 0         5838.8
1040                 0         5838.8
1041                 0         5838.8
1042                 0         5838.8
1043                 0         5838.8
1044                 0         5838.8
1045                 0         5838.8
1046                 0         5838.8
1047                 0         5838.8
1048                 0         5838.8
1049                 0         5838.8
1050                 0         5838.8
1051                 0         5838.8
1052                 0         5838.8
1053                 0         5838.8
1054                 0         5838.8
1055                 0         5838.8
1056                 0         5838.8
1057                 0         5838.8
1058                 0         5838.8
1059                 0         5838.8
1060                 0         5838.8
1061                 0         5838.8
1062                 0         5838.8
1063                 0         5838.8
1064                 0         5838.8
1065                 0         5838.8
1066                 0         5838.8
1067                 0         5838.8
1068                 0         5838.8
1069                 0         5838.8
1070                 0         5838.8
1071                 0         5838.8
1072                 0         5838.8
1073                 0         5838.8
1074                 0        5838.37
1075                 0        5838.36
1076                 0        5838.36
1077                 0        5838.36
1078                 0        5838.36
1079                 0        5838.36
1080                 0        5838.36
1081                 0        5838.36
1082                 0        5838.36
1083                 0        5838.36
1084                 0        5838.36
1085                 0        5838.36
1086                 0        5838.36
1087                 0        5836.48
1088                 0        5836.44
1089                 0        5836.44
1090                 0        5836.44
1091                 0        5836.44
1092                 0        5836.44
1093                 0        5834.27
1094                 0        5834.23
1095                 0        5834.23
1096                 0        5834.23
1097                 0        5834.23
1098                 0        5834.23
1099                 0        5834.23
1100                 0        5834.23
1101                 0        5832.15
1102                 0         5832.1
1103                 0         5832.1
1104                 0         5832.1
1105                 0         5832.1
1106                 0         5832.1
1107                 0         5832.1
1108                 0         5832.1
1109                 0         5832.1
1110                 0         5832.1
1111                 0         5832.1
1112                 0         5832.1
1113                 0         5832.1
1114                 0         5832.1
1115                 0         5832.1
1116                 0         5832.1
1117                 0         5832.1
1118                 0         5832.1
1119                 0         5832.1
1120                 0         5832.1
1121                 0        5831.56
1122                 0        5831.55
1123                 0        5831.55
1124                 0        5831.55
1125                 0        5831.55
1126                 0        5831.55
1127                 0        5831.55
1128                 0        5831.55
1129                 0        5831.55
1130                 0        5831.55
1131                 0        5831.55
1132                 0        5831.55
1133                 0        5831.55
1134                 0        5831.55
1135                 0        5831.55
1136                 0        5831.55
1137                 0        5831.55
1138                 0        5831.55
1139                 0        5831.55
1140                 0        5831.55
1141                 0        5831.55
1142                 0        5831.55
1143                 0        5831.55
1144                 0        5831.55
1145                 0        5831.55
1146                 0        5831.55
1147                 0        5831.55
1148                 0        5831.55
1149                 0        5831.55
1150                 0        5831.55
1151                 0        5831.55
1152                 0        5831.55
1153                 0        5831.55
1154                 0        5831.55
1155                 0        5831.55
1156                 0        5831.55
1157                 0        5831.55
1158                 0        5831.55
1159                 0        5831.55
1160                 0        5830.81
1161                 0        5830.53
1162                 0        5830.53
1163                 0        5830.53
1164                 0        5830.53
1165                 0        5830.53
1166                 0        5830.53
1167                 0        5830.53
1168                 0        5830.53
1169                 0        5830.53
1170                 0        5830.53
1171                 0        5830.53
1172                 0        5830.53
1173                 0        5830.53
1174                 0        5830.53
1175                 0        5830.53
1176                 0        5830.53
1177                 0        5830.53
1178                 0        5829.97
1179                 0        5829.96
1180                 0        5829.96
1181                 0        5829.96
1182                 0        5829.96
1183                 0        5829.96
1184                 0        5829.96
1185                 0        5829.96
1186                 0        5829.96
1187                 0        5829.96
1188                 0        5829.96
1189                 0        5829.96
1190                 0        5829.96
1191                 0        5829.96
1192                 0        5829.96
1193                 0        5829.96
1194                 0        5829.96
1195                 0        5829.96
1196                 0        5829.96
1197                 0        5829.96
1198                 0        5829.96
1199                 0        5829.96
1200                 0        5829.96
1201                 0        5829.96
1202                 0        5829.96
1203                 0        5829.96
1204                 0        5829.96
1205                 0        5829.96
1206                 0        5829.96
1207                 0        5829.96
1208                 0        5829.96
1209                 0        5829.96
1210                 0        5829.96
1211                 0        5829.96
1212                 0        5829.96
1213                 0        5829.96
1214                 0        5829.96
1215                 0        5829.96
1216                 0        5829.96
1217                 0        5829.96
1218                 0        5829.96
1219                 0        5829.96
1220                 0        5829.96
1221                 0        5829.96
1222                 0        5829.96
1223                 0        5829.96
1224                 0        5829.96
1225                 0        5829.96
1226                 0        5829.96
1227                 0        5829.96
1228                 0        5829.96
1229                 0        5829.96
1230                 0        5829.96
1231                 0        5829.96
1232                 0        5829.96
1233                 0        5829.96
1234                 0        5829.96
1235                 0        5829.96
1236                 0        5829.96
1237                 0        5829.96
1238                 0        5829.96
1239                 0        5829.96
1240                 0        5829.96
1241                 0        5829.96
1242                 0        5829.96
1243                 0        5829.96
1244                 0        5829.96
1245                 0        5829.96
1246                 0        5829.96
1247                 0        5829.96
1248                 0        5829.96
1249                 0        5829.96
1250                 0        5829.96
1251                 0        5829.96
1252                 0        5829.96
1253                 0        5829.96
1254                 0        5829.96
1255                 0        5829.96
1256                 0        5829.96
1257                 0        5829.96
1258                 0        5829.96
1259                 0        5829.28
1260                 0        5829.27
1261                 0        5829.27
1262                 0        5829.27
1263                 0        5828.09
1264                 0        5828.07
1265                 0        5828.07
1266                 0        5828.07
1267                 0        5828.07
1268                 0        5828.07
1269                 0        5828.07
1270                 0        5828.07
1271                 0        5828.07
1272                 0        5828.07
1273                 0        5828.07
1274                 0        5828.07
1275                 0        5828.07
1276                 0        5828.07
1277                 0        5828.07
1278                 0        5828.07
1279                 0        5828.07
1280                 0        5828.07
1281                 0        5824.62
1282                 0        5824.56
1283                 0        5823.12
1284                 0        5823.09
1285                 0        5823.09
1286                 0        5823.09
1287                 0        5823.09
1288                 0        5823.09
1289                 0        5823.09
1290                 0        5823.09
1291                 0        5823.09
1292                 0        5823.09
1293                 0        5823.09
1294                 0        5823.09
1295                 0        5823.09
1296                 0        5823.09
1297                 0        5823.07
1298                 0        5823.07
1299                 0        5821.57
1300                 0        5821.54
1301                 0        5821.54
1302                 0        5821.54
1303                 0        5821.54
1304                 0        5821.54
1305                 0        5821.54
1306                 0        5821.54
1307                 0        5821.54
1308                 0        5821.54
1309                 0        5821.54
1310                 0        5821.54
1311                 0        5821.54
1312                 0        5821.54
1313                 0        5821.54
1314                 0        5821.54
1315                 0        5821.54
1316                 0        5821.54
1317                 0        5821.54
1318                 0        5821.54
1319                 0        5821.54
1320                 0        5821.54
1321                 0        5821.54
1322                 0        5821.54
1323                 0        5821.54
1324                 0        5821.54
1325                 0        5821.54
1326                 0        5821.54
1327                 0        5821.54
1328                 0        5821.54
1329                 0        5821.54
1330                 0         5821.3
1331                 0         5821.3
1332                 0         5821.3
1333                 0         5821.3
1334                 0         5821.3
1335                 0         5821.3
1336                 0         5821.3
1337                 0         5821.3
1338                 0         5821.3
1339                 0         5821.3
1340                 0         5821.3
1341                 0         5821.3
1342                 0        5821.29
1343                 0        5821.29
1344                 0        5821.29
1345                 0        5821.29
1346                 0        5821.29
1347                 0        5821.29
1348                 0        5820.03
1349                 0           5820
1350                 0           5820
1351                 0           5820
1352                 0           5820
1353                 0           5820
1354                 0           5820
1355                 0           5820
1356                 0           5820
1357                 0           5820
1358                 0           5820
1359                 0           5820
1360                 0           5820
1361                 0           5820
1362                 0           5820
1363                 0           5820
1364                 0           5820
1365                 0           5820
1366                 0           5820
1367                 0           5820
1368                 0           5820
1369                 0           5820
1370                 0           5820
1371                 0           5820
1372                 0           5820
1373                 0           5820
1374                 0           5820
1375                 0           5820
1376                 0           5820
1377                 0           5820
1378                 0           5820
1379                 0           5820
1380                 0           5820
1381                 0           5820
1382                 0           5820
1383                 0           5820
1384                 0           5820
1385                 0           5820
1386                 0           5820
1387                 0           5820
1388                 0           5820
1389                 0           5820
1390                 0           5820
1391                 0           5820
1392                 0           5820
1393                 0           5820
1394                 0           5820
1395                 0        5819.53
1396                 0        5819.52
1397                 0        5819.52
1398                 0        5819.52
1399                 0        5819.52
1400                 0        5819.52
1401                 0        5819.52
1402                 0        5819.52
1403                 0        5819.52
1404                 0        5819.52
1405                 0        5819.52
1406                 0        5819.52
1407                 0        5819.52
1408                 0        5819.52
1409                 0        5819.52
1410                 0        5819.52
1411                 0        5819.52
1412                 0        5819.52
1413                 0        5819.52
1414                 0        5819.52
1415                 0        5819.52
1416                 0        5819.52
1417                 0        5819.52
1418                 0        5819.52
1419                 0        5819.52
1420                 0        5819.52
1421                 0        5819.52
1422                 0        5819.52
1423                 0        5819.52
1424                 0        5819.52
1425                 0        5819.52
1426                 0        5819.52
1427                 0        5819.52
1428                 0        5819.52
1429                 0        5819.52
1430                 0        5819.52
1431                 0        5819.52
1432                 0        5819.52
1433                 0        5819.52
1434                 0        5819.52
1435                 0        5819.52
1436                 0        5819.52
1437                 0        5819.52
1438                 0        5819.52
1439                 0        5818.85
1440                 0        5818.84
1441                 0        5818.84
1442                 0        5818.84
1443                 0        5818.84
1444                 0        5818.84
1445                 0        5818.84
1446                 0        5818.84
1447                 0        5818.84
1448                 0        5818.84
1449                 0        5818.84
1450                 0        5817.67
1451                 0        5817.65
1452                 0        5817.65
1453                 0        5817.65
1454                 0        5817.65
1455                 0        5817.65
1456                 0        5817.65
1457                 0        5817.65
1458                 0        5817.65
1459                 0        5817.65
1460                 0        5817.65
1461                 0        5817.65
1462                 0        5817.65
1463                 0        5817.65
1464                 0        5817.65
1465                 0        5817.06
1466                 0        5817.05
1467                 0        5817.05
1468                 0        5817.05
1469                 0        5817.05
1470                 0        5817.05
1471                 0        5817.05
1472                 0        5817.05
1473                 0        5817.05
1474                 0        5817.05
1475                 0        5817.05
1476                 0        5817.05
1477                 0        5817.05
1478                 0        5817.05
1479                 0        5817.05
1480                 0        5817.05
1481                 0        5817.05
1482                 0        5817.05
1483                 0        5817.05
1484                 0        5817.05
1485                 0        5817.05
1486                 0        5817.05
1487                 0        5817.05
1488                 0        5817.05
1489                 0        5817.05
1490                 0        5817.05
1491                 0        5817.05
1492                 0        5817.05
1493                 0        5817.05
1494                 0        5817.05
1495                 0        5817.05
1496                 0        5817.05
1497                 0        5817.05
1498                 0        5817.05
1499                 0        5817.05
1500                 0        5817.05
1501                 0        5817.05
1502                 0        5817.05
1503                 0        5817.05
1504                 0        5817.05
1505                 0        5817.05
1506                 0        5817.05
1507                 0        5817.05
1508                 0        5817.05
1509                 0        5817.05
1510                 0        5817.05
1511                 0        5817.05
1512                 0        5817.05
1513                 0        5817.05
1514                 0        5817.05
1515                 0        5817.05
1516                 0        5817.05
1517                 0        5817.05
1518                 0        5817.05
1519                 0        5817.05
1520                 0        5817.05
1521                 0        5817.05
1522                 0        5817.05
1523                 0        5817.05
1524                 0        5817.05
1525                 0        5817.05
1526                 0        5817.05
1527                 0        5817.05
1528                 0        5817.05
1529                 0        5817.05
1530                 0        5817.05
1531                 0        5817.05
1532                 0        5817.05
1533                 0        5817.05
1534                 0        5817.05
1535                 0        5817.05
1536                 0        5817.05
1537                 0        5817.05
1538                 0        5817.05
1539                 0        5817.05
1540                 0        5817.05
1541                 0        5817.05
1542                 0        5817.05
1543                 0        5817.05
1544                 0        5817.05
1545                 0        5817.05
1546                 0        5817.05
1547                 0        5817.05
1548                 0        5817.05
1549                 0        5817.05
1550                 0        5817.05
1551                 0        5816.87
1552                 0        5816.87
1553                 0        5816.87
1554                 0        5816.87
1555                 0        5816.87
1556                 0        5816.87
1557                 0        5816.87
1558                 0        5816.87
1559                 0        5816.87
1560                 0        5816.87
1561                 0        5816.87
1562                 0        5816.87
1563                 0        5816.87
1564                 0        5816.87
1565                 0        5816.87
1566                 0        5816.87
1567                 0        5816.87
1568                 0        5816.87
1569                 0        5816.87
1570                 0        5816.87
1571                 0        5816.87
1572                 0        5816.87
1573                 0        5816.87
1574                 0        5816.87
1575                 0        5816.87
1576                 0        5816.87
1577                 0        5816.87
1578                 0        5816.87
1579                 0        5816.87
1580                 0        5816.87
1581                 0        5816.87
1582                 0        5816.87
1583                 0        5816.87
1584                 0        5816.87
1585                 0        5816.87
1586                 0        5816.87
1587                 0        5816.87
1588                 0        5816.87
1589                 0        5816.87
1590                 0        5816.87
1591                 0        5816.87
1592                 0        5816.87
1593                 0        5816.87
1594                 0        5816.87
1595                 0        5816.87
1596                 0        5816.87
1597                 0        5816.87
1598                 0        5816.87
1599                 0        5816.87
1600                 0        5816.87
1601                 0        5816.87
1602                 0        5816.87
1603                 0        5816.87
1604                 0        5816.87
1605                 0        5816.87
1606                 0        5816.87
1607                 0        5816.87
1608                 0        5816.87
1609                 0        5816.87
1610                 0        5816.87
1611                 0        5816.87
1612                 0        5816.87
1613                 0        5816.87
1614                 0        5815.56
1615                 0        5815.53
1616                 0        5815.53
1617                 0        5815.53
1618                 0        5815.53
1619                 0        5815.53
1620                 0        5815.53
1621                 0        5815.53
1622                 0        5815.53
1623                 0        5815.53
1624                 0        5815.53
1625                 0        5815.53
1626                 0        5815.53
1627                 0        5815.53
1628                 0        5815.09
1629                 0        5815.09
1630                 0        5815.09
1631                 0        5815.09
1632                 0        5815.09
1633                 0        5815.09
1634                 0        5815.09
1635                 0        5815.09
1636                 0        5815.09
1637                 0        5815.09
1638                 0        5815.09
1639                 0        5815.09
1640                 0        5815.09
1641                 0        5815.09
1642                 0        5815.09
1643                 0        5815.09
1644                 0        5815.09
1645                 0        5815.09
1646                 0        5815.09
1647                 0        5815.09
1648                 0        5815.09
1649                 0        5815.09
1650                 0        5814.53
1651                 0        5814.52
1652                 0        5814.52
1653                 0        5814.52
1654                 0        5814.52
1655                 0        5814.52
1656                 0        5814.52
1657                 0        5814.52
1658                 0        5814.52
1659                 0        5814.52
1660                 0        5814.52
1661                 0        5814.52
1662                 0        5814.52
1663                 0        5814.52
1664                 0        5814.52
1665                 0        5814.52
1666                 0        5814.52
1667                 0        5814.52
1668                 0        5814.52
1669                 0        5814.52
1670                 0        5814.52
1671                 0        5814.52
1672                 0        5814.52
1673                 0        5814.52
1674                 0        5814.52
1675                 0        5814.52
1676                 0        5814.52
1677                 0        5814.52
1678                 0        5814.52
1679                 0        5814.52
1680                 0        5814.52
1681                 0        5814.52
1682                 0        5814.52
1683                 0        5814.52
1684                 0        5814.52
1685                 0        5814.52
1686                 0        5814.52
1687                 0        5814.52
1688                 0        5814.52
1689                 0        5814.52
1690                 0        5814.52
1691                 0        5814.52
1692                 0        5814.52
1693                 0        5814.52
1694                 0        5814.52
1695                 0        5814.52
1696                 0        5814.52
1697                 0        5814.52
1698                 0        5814.52
1699                 0        5814.52
1700                 0        5814.52
1701                 0        5814.52
1702                 0        5814.52
1703                 0        5814.52
1704                 0        5814.52
1705                 0        5814.52
1706                 0        5814.52
1707                 0        5814.52
1708                 0        5814.52
1709                 0        5814.52
1710                 0        5814.52
1711                 0        5814.52
1712                 0        5814.52
1713                 0        5814.52
1714                 0        5814.52
1715                 0        5814.52
1716                 0        5814.52
1717                 0        5813.56
1718                 0        5813.54
1719                 0        5813.54
1720                 0        5813.54
1721                 0        5813.54
1722                 0        5813.54
1723                 0        5813.54
1724                 0        5813.54
1725                 0        5813.54
1726                 0        5813.26
1727                 0        5813.25
1728                 0        5813.25
1729                 0        5813.12
1730                 0        5813.12
1731                 0        5813.12
1732                 0        5813.12
1733                 0        5813.12
1734                 0        5813.12
1735                 0        5813.12
1736                 0        5813.12
1737                 0        5813.12
1738                 0        5813.12
1739                 0        5813.12
1740                 0        5813.12
1741                 0        5813.12
1742                 0        5813.12
1743                 0        5813.12
1744                 0        5813.12
1745                 0        5813.12
1746                 0        5813.12
1747                 0        5813.12
1748                 0        5813.12
1749                 0        5813.12
1750                 0        5813.12
1751                 0        5813.05
1752                 0        5813.05
1753                 0        5813.05
1754                 0        5813.05
1755                 0        5813.05
1756                 0        5813.05
1757                 0        5813.05
1758                 0        5813.05
1759                 0        5813.05
1760                 0        5813.05
1761                 0        5813.05
1762                 0        5813.05
1763                 0        5813.05
1764                 0        5813.05
1765                 0        5813.05
1766                 0        5813.05
1767                 0        5813.05
1768                 0        5813.05
1769                 0        5813.05
1770                 0        5812.68
1771                 0        5812.67
1772                 0        5812.67
1773                 0        5812.67
1774                 0        5812.67
1775                 0        5812.67
1776                 0        5812.67
1777                 0        5812.67
1778                 0        5812.67
1779                 0        5812.67
1780                 0        5812.67
1781                 0        5812.67
1782                 0        5812.67
1783                 0        5812.67
1784                 0        5812.67
1785                 0        5812.67
1786                 0        5812.67
1787                 0        5812.67
1788                 0        5812.67
1789                 0        5812.67
1790                 0        5812.67
1791                 0        5812.67
1792                 0        5812.67
1793                 0        5812.67
1794                 0        5812.67
1795                 0        5812.67
1796                 0        5812.67
1797                 0        5812.67
1798                 0        5812.67
1799                 0        5812.67
1800                 0        5812.67
1801                 0        5812.37
1802                 0        5812.37
1803                 0        5812.36
1804                 0        5812.36
1805                 0        5812.36
1806                 0        5812.36
1807                 0        5812.36
1808                 0        5812.36
1809                 0        5812.36
1810                 0        5812.36
1811                 0        5812.36
1812                 0        5812.36
1813                 0        5812.36
1814                 0        5812.36
1815                 0        5812.36
1816                 0        5812.36
1817                 0        5812.36
1818                 0        5812.36
1819                 0        5812.36
1820                 0        5812.36
1821                 0        5812.36
1822                 0        5812.36
1823                 0        5812.36
1824                 0        5812.36
1825                 0        5812.36
1826                 0        5812.36
1827                 0        5812.36
1828                 0        5812.36
1829                 0        5812.36
1830                 0        5812.36
1831                 0        5812.36
1832                 0        5812.36
1833                 0        5812.36
1834                 0        5812.36
1835                 0        5812.36
1836                 0        5812.36
1837                 0        5812.36
1838                 0        5812.36
1839                 0        5812.36
1840                 0        5812.36
1841                 0        5811.33
1842                 0        5811.31
1843                 0        5811.31
1844                 0        5811.31
1845                 0        5811.31
1846                 0        5811.31
1847                 0        5811.31
1848                 0        5811.31
1849                 0        5811.31
1850                 0        5811.31
1851                 0        5811.31
1852                 0        5811.31
1853                 0        5811.31
1854                 0        5811.31
1855                 0        5811.31
1856                 0        5810.52
1857                 0         5810.5
1858                 0         5810.5
1859                 0         5810.5
1860                 0         5810.5
1861                 0         5810.5
1862                 0         5810.5
1863                 0         5810.5
1864                 0         5810.5
1865                 0         5810.5
1866                 0         5810.5
1867                 0         5810.5
1868                 0         5810.5
1869                 0         5810.5
1870                 0         5810.5
1871                 0         5810.5
1872                 0         5810.5
1873                 0         5810.5
1874                 0         5810.5
1875                 0         5810.5
1876                 0         5810.5
1877                 0         5810.5
1878                 0        5808.98
1879                 0        5808.95
1880                 0        5808.95
1881                 0        5808.95
1882                 0        5808.95
1883                 0        5808.95
1884                 0        5808.95
1885                 0        5808.95
1886                 0        5808.95
1887                 0        5808.95
1888                 0         5808.8
1889                 0         5808.8
1890                 0         5808.8
1891                 0         5808.8
1892                 0         5808.8
1893                 0         5808.8
1894                 0         5808.8
1895                 0         5808.8
1896                 0         5808.8
1897                 0         5808.8
1898                 0         5808.8
1899                 0         5808.8
1900                 0         5808.8
1901                 0         5808.8
1902                 0         5808.8
1903                 0         5808.8
1904                 0         5808.8
1905                 0         5808.8
1906                 0         5808.8
1907                 0         5808.8
1908                 0         5808.8
1909                 0         5808.8
1910                 0         5808.8
1911                 0        5808.17
1912                 0        5808.16
1913                 0        5808.16
1914                 0        5807.95
1915                 0        5807.95
1916                 0        5807.95
1917                 0        5807.95
1918                 0        5807.95
1919                 0        5807.95
1920                 0        5807.95
1921                 0        5807.95
1922                 0        5807.95
1923                 0        5807.95
1924                 0        5807.95
1925                 0        5807.95
1926                 0        5807.95
1927                 0        5807.95
1928                 0        5807.95
1929                 0        5807.95
1930                 0        5807.95
1931                 0        5807.95
1932                 0        5807.95
1933                 0        5807.95
1934                 0        5807.95
1935                 0        5807.95
1936                 0        5807.95
1937                 0        5807.95
1938                 0        5807.95
1939                 0        5807.95
1940                 0        5807.95
1941                 0        5807.95
1942                 0        5807.95
1943                 0        5807.95
1944                 0        5807.95
1945                 0        5807.95
1946                 0        5807.95
1947                 0        5807.95
1948                 0        5807.95
1949                 0        5807.95
1950                 0        5807.95
1951                 0        5807.95
1952                 0        5807.95
1953                 0        5807.95
1954                 0        5807.95
1955                 0        5807.95
1956                 0        5807.95
1957                 0        5807.95
1958                 0        5807.95
1959                 0        5807.95
1960                 0        5807.95
1961                 0        5807.95
1962                 0        5807.95
1963                 0        5807.95
1964                 0        5807.95
1965                 0        5807.95
1966                 0        5807.95
1967                 0        5807.95
1968                 0        5807.95
1969                 0        5807.95
1970                 0        5807.95
1971                 0        5807.95
1972                 0        5807.95
1973                 0        5807.95
1974                 0        5807.95
1975                 0        5807.95
1976                 0        5807.95
1977                 0        5807.95
1978                 0        5807.95
1979                 0        5807.95
1980                 0        5807.95
1981                 0        5807.95
1982                 0        5807.95
1983                 0        5807.95
1984                 0        5807.95
1985                 0        5807.95
1986                 0        5807.95
1987                 0        5807.95
1988                 0        5807.15
1989                 0        5807.14
1990                 0        5807.14
1991                 0        5807.14
1992                 0        5807.14
1993                 0        5807.14
1994                 0        5807.14
1995                 0        5807.14
1996                 0        5807.14
1997                 0        5807.14
1998                 0        5807.14
1999                 0        5807.14
2000                 0        5807.14
2001                 0        5807.14
2002                 0        5807.14
2003                 0        5807.14
2004                 0        5807.14
2005                 0        5807.14
2006                 0        5807.14
2007                 0        5807.14
2008                 0        5807.14
2009                 0        5807.14
2010                 0        5807.14
2011                 0        5807.14
2012                 0        5807.14
2013                 0        5807.14
2014                 0        5807.14
2015                 0        5807.14
2016                 0        5807.14
2017                 0        5807.14
2018                 0        5807.14
2019                 0        5807.14
2020                 0        5807.14
2021                 0        5807.14
2022                 0        5807.14
2023                 0        5807.14
2024                 0        5807.14
2025                 0        5807.14
2026                 0        5807.14
2027                 0        5807.14
2028                 0        5807.14
2029                 0        5807.14
2030                 0        5806.08
2031                 0        5806.06
2032                 0        5806.06
2033                 0        5806.06
2034                 0        5806.06
2035                 0        5806.06
2036                 0        5806.06
2037                 0        5806.06
2038                 0        5806.06
2039                 0        5806.06
2040                 0        5806.06
2041                 0        5806.06
2042                 0        5806.06
2043                 0        5806.06
2044                 0        5806.06
2045                 0        5805.45
2046                 0        5805.44
2047                 0        5805.44
2048                 0        5805.44
2049                 0        5805.44
2050                 0        5805.44
2051                 0        5805.44
2052                 0        5805.44
2053                 0        5805.44
2054                 0        5805.44
2055                 0        5805.44
2056                 0        5805.44
2057                 0        5805.44
2058                 0        5805.44
2059                 0        5805.44
2060                 0        5805.44
2061                 0        5805.44
2062                 0        5805.44
2063                 0        5805.44
2064                 0        5805.44
2065                 0        5805.44
2066                 0        5805.44
2067                 0        5804.17
2068                 0        5804.15
2069                 0        5804.15
2070                 0        5804.15
2071                 0        5804.15
2072                 0        5804.15
2073                 0        5804.15
2074                 0        5804.15
2075                 0        5804.15
2076                 0        5804.15
2077                 0        5804.15
2078                 0        5804.15
2079                 0        5804.15
2080                 0        5804.15
2081                 0        5804.15
2082                 0        5804.15
2083                 0        5804.15
2084                 0        5804.15
2085                 0        5804.15
2086                 0        5804.15
2087                 0        5804.15
2088                 0        5804.15
2089                 0        5804.15
2090                 0        5804.15
2091                 0        5804.15
2092                 0        5804.15
2093                 0        5804.15
2094                 0        5804.15
2095                 0        5804.15
2096                 0        5804.15
2097                 0        5804.15
2098                 0        5804.15
2099                 0        5804.15
2100                 0        5804.15
2101                 0        5804.15
2102                 0        5802.72
2103                 0        5802.69
2104                 0        5802.69
2105                 0        5802.69
2106                 0        5802.69
2107                 0        5802.69
2108                 0        5802.69
2109                 0        5802.69
2110                 0        5802.69
2111                 0        5802.69
2112                 0        5802.69
2113                 0        5802.69
2114                 0        5802.69
2115                 0        5802.69
2116                 0        5802.69
2117                 0        5802.69
2118                 0        5802.69
2119                 0        5802.69
2120                 0        5802.69
2121                 0        5802.69
2122                 0        5802.69
2123                 0        5802.69
2124                 0        5802.69
2125                 0        5802.69
2126                 0        5802.69
2127                 0        5802.69
2128                 0        5802.69
2129                 0        5802.69
2130                 0        5802.69
2131                 0        5802.69
2132                 0        5802.69
2133                 0        5802.69
2134                 0        5802.69
2135                 0        5802.69
2136                 0        5802.69
2137                 0        5802.69
2138                 0        5802.69
2139                 0        5802.69
2140                 0        5802.69
2141                 0        5802.69
2142                 0        5802.69
2143                 0        5802.69
2144                 0        5802.69
2145                 0        5802.69
2146                 0        5802.69
2147                 0        5802.69
2148                 0        5802.69
2149                 0        5802.69
2150                 0        5802.69
2151                 0        5802.69
2152                 0        5802.69
2153                 0        5802.69
2154                 0        5802.69
2155                 0        5802.69
2156                 0        5802.69
2157                 0        5802.41
2158                 0         5802.4
2159                 0         5802.4
2160                 0         5802.4
2161                 0         5802.4
2162                 0         5802.4
2163                 0         5802.4
2164                 0         5802.4
2165                 0        5801.93
2166                 0        5801.92
2167                 0        5801.92
2168                 0        5801.92
2169                 0        5801.92
2170                 0        5801.92
2171                 0        5801.92
2172                 0        5801.92
2173                 0        5801.92
2174                 0        5801.92
2175                 0        5801.92
2176                 0        5801.92
2177                 0        5801.92
2178                 0        5801.92
2179                 0        5801.92
2180                 0        5801.92
2181                 0        5801.92
2182                 0        5801.92
2183                 0        5801.92
2184                 0        5801.92
2185                 0        5801.92
2186                 0        5801.92
2187                 0        5801.92
2188                 0        5801.92
2189                 0        5801.92
2190                 0        5801.92
2191                 0        5801.92
2192                 0        5801.92
2193                 0        5801.92
2194                 0        5801.92
2195                 0        5801.92
2196                 0        5801.92
2197                 0        5801.92
2198                 0        5801.92
2199                 0        5801.92
2200                 0        5801.92
2201                 0        5801.92
2202                 0        5801.92
2203                 0        5801.92
2204                 0        5801.92
2205                 0        5801.92
2206                 0        5801.92
2207                 0        5801.92
2208                 0        5801.92
2209                 0        5801.92
2210                 0        5801.92
2211                 0        5801.92
2212                 0        5801.92
2213                 0        5801.92
2214                 0        5801.92
2215                 0        5801.92
2216                 0        5801.92
2217                 0        5801.92
2218                 0        5801.92
2219                 0        5801.92
2220                 0        5801.92
2221                 0        5801.92
2222                 0        5801.92
2223                 0        5801.92
2224                 0        5801.92
2225                 0        5801.92
2226                 0        5801.92
2227                 0        5801.92
2228                 0        5801.92
2229                 0        5801.92
2230                 0        5801.92
2231                 0        5801.92
2232                 0        5801.92
2233                 0        5801.92
2234                 0        5801.92
2235                 0        5801.92
2236                 0        5801.92
2237                 0        5801.92
2238                 0        5801.92
2239                 0        5801.92
2240                 0        5801.92
2241                 0        5801.92
2242                 0        5801.92
2243                 0        5801.92
2244                 0        5801.92
2245                 0        5801.92
2246                 0        5801.92
2247                 0        5801.92
2248                 0        5801.92
2249                 0        5801.92
2250                 0        5801.92
2251                 0        5801.92
2252                 0        5801.92
2253                 0        5801.92
2254                 0        5801.92
2255                 0        5801.92
2256                 0        5801.92
2257                 0        5801.92
2258                 0        5801.92
2259                 0        5801.92
2260                 0        5801.92
2261                 0        5801.92
2262                 0        5801.92
2263                 0        5801.92
2264                 0        5801.92
2265                 0        5801.92
2266                 0        5801.92
2267                 0        5801.92
2268                 0        5801.92
2269                 0        5801.92
2270                 0        5801.92
2271                 0        5801.92
2272                 0        5801.92
2273                 0        5801.92
2274                 0        5801.92
2275                 0        5801.92
2276                 0        5801.92
2277                 0        5801.92
2278                 0        5801.92
2279                 0        5801.92
2280                 0        5801.92
2281                 0        5801.92
2282                 0        5801.92
2283                 0        5801.92
2284                 0        5801.92
2285                 0        5801.92
2286                 0        5801.92
2287                 0        5801.92
2288                 0        5801.92
2289                 0        5801.92
2290                 0        5801.92
2291                 0        5801.92
2292                 0        5801.92
2293                 0        5801.92
2294                 0        5801.92
2295                 0        5801.92
2296                 0        5801.92
2297                 0        5801.92
2298                 0        5801.92
2299                 0        5801.92
2300                 0        5801.92
2301                 0        5801.92
2302                 0        5801.92
2303                 0        5801.92
2304                 0        5801.92
2305                 0        5801.92
2306                 0        5801.92
2307                 0        5801.92
2308                 0        5801.92
2309                 0        5801.92
2310                 0        5801.92
2311                 0        5801.92
2312                 0        5801.92
2313                 0        5801.92
2314                 0        5801.92
2315                 0        5801.92
2316                 0        5801.92
2317                 0        5801.92
2318                 0        5801.92
2319                 0        5801.92
2320                 0        5801.92
2321                 0        5801.92
2322                 0        5801.92
2323                 0        5801.92
2324                 0        5801.92
2325                 0        5801.92
2326                 0        5801.92
2327                 0        5801.92
2328                 0        5801.92
2329                 0        5801.92
2330                 0        5801.92
2331                 0        5801.92
2332                 0        5801.92
2333                 0        5801.92
2334                 0        5800.43
2335                 0         5800.4
2336                 0         5800.4
2337                 0         5800.4
2338                 0         5800.4
2339                 0         5800.4
2340                 0         5800.4
2341                 0         5800.4
2342                 0         5800.4
2343                 0         5800.4
2344                 0         5800.4
2345                 0         5800.4
2346                 0         5800.4
2347                 0         5800.4
2348                 0         5800.4
2349                 0         5800.4
2350                 0         5800.4
2351                 0         5800.4
2352                 0         5800.4
2353                 0         5800.4
2354                 0         5800.4
2355                 0         5800.4
2356                 0         5800.4
2357                 0         5800.4
2358                 0         5800.4
2359                 0         5800.4
2360                 0         5800.4
2361                 0         5800.4
2362                 0         5800.4
2363                 0         5800.4
2364                 0         5800.4
2365                 0         5800.4
2366                 0         5800.4
2367                 0         5800.4
2368                 0         5800.4
2369                 0         5800.4
2370                 0         5800.4
2371                 0         5800.4
2372                 0         5800.4
2373                 0         5800.4
2374                 0         5800.4
2375                 0         5800.4
2376                 0         5800.4
2377                 0         5800.4
2378                 0         5800.4
2379                 0         5800.4
2380                 0         5800.4
2381                 0         5800.4
2382                 0         5800.4
2383                 0         5800.4
2384                 0         5800.4
2385                 0         5800.4
2386                 0         5800.4
2387                 0         5800.4
2388                 0         5800.4
2389                 0         5800.4
2390                 0         5800.4
2391                 0         5800.4
2392                 0         5800.4
2393                 0         5800.4
2394                 0         5800.4
2395                 0         5800.4
2396                 0         5800.4
2397                 0         5800.4
2398                 0         5800.4
2399                 0         5800.4
2400                 0         5800.4
2401                 0         5800.4
2402                 0         5800.4
2403                 0         5800.4
2404                 0         5800.4
2405                 0         5800.4
2406                 0         5800.4
2407                 0         5800.4
2408                 0         5800.4
2409                 0         5800.4
2410                 0         5800.4
2411                 0         5800.4
2412                 0         5800.4
2413                 0         5800.4
2414                 0         5800.4
2415                 0         5800.4
2416                 0         5800.4
2417                 0         5800.4
2418                 0         5800.4
2419                 0         5800.4
2420                 0         5800.4
2421                 0        5800.26
2422                 0        5800.26
2423                 0        5800.26
2424                 0        5800.26
2425                 0        5800.26
2426                 0        5800.26
2427                 0        5800.26
2428                 0        5800.26
2429                 0        5800.26
2430                 0        5800.26
2431                 0        5800.26
2432                 0        5800.26
2433                 0        5800.26
2434                 0        5800.26
2435                 0        5800.26
2436                 0        5800.26
2437                 0        5800.26
2438                 0        5800.26
2439                 0        5800.26
2440                 0        5800.26
2441                 0        5800.26
2442                 0        5800.26
2443                 0        5800.26
2444                 0        5800.26
2445                 0        5800.26
2446                 0        5800.26
2447                 0        5800.26
2448                 0        5800.26
2449                 0        5800.26
2450                 0        5800.26
2451                 0        5800.26
2452                 0        5800.26
2453                 0        5800.26
2454                 0        5800.26
2455                 0        5800.26
2456                 0        5800.26
2457                 0        5800.26
2458                 0        5800.26
2459                 0        5800.26
2460                 0        5799.18
2461                 0        5799.16
2462                 0        5799.16
2463                 0        5799.16
2464                 0        5799.16
2465                 0        5799.16
2466                 0        5799.16
2467                 0        5799.16
2468                 0        5799.16
2469                 0        5799.16
2470                 0        5799.16
2471                 0        5799.16
2472                 0        5799.16
2473                 0        5799.16
2474                 0        5799.16
2475                 0        5799.16
2476                 0        5799.16
2477                 0        5799.16
2478                 0        5799.16
2479                 0        5799.16
2480                 0        5799.16
2481                 0        5799.16
2482                 0        5799.16
2483                 0        5799.16
2484                 0        5799.16
2485                 0        5799.16
2486                 0        5799.16
2487                 0        5799.16
2488                 0        5799.16
2489                 0        5799.16
2490                 0        5799.16
2491                 0        5799.16
2492                 0        5799.16
2493                 0        5799.16
2494                 0        5799.16
2495                 0        5799.16
2496                 0        5799.16
2497                 0        5799.16
2498                 0        5799.16
2499                 0        5799.16
2500                 0        5799.16
