#ITER       #BEST_FO       #MEDIA_FO
1           5885.32    2.34068e+19
2           5885.32    8.04264e+18
3           5885.32    1.60853e+17
4           5885.32    3.21706e+15
5           5885.32    6.43411e+13
6           5885.32    1.28682e+12
7           5885.32    2.57365e+10
8           5885.32    5.14738e+08
9           5885.32    1.03029e+07
10           5885.32         213978
11           5885.32        11993.9
12           5885.32        7778.21
13           5885.32        7528.65
14           5885.32        7418.96
15           5885.32        7328.08
16           5885.32        7224.41
17           5885.32        7197.12
18           5885.32        7009.12
19           5885.32        6931.72
20           5885.32        6844.46
21           5885.32        6806.78
22           5885.32        6763.22
23           5885.32        6690.78
24           5885.32        6674.88
25           5885.32        6564.55
26           5885.32        6560.12
27           5885.32        6528.64
28           5885.32        6465.79
29           5885.32        6434.53
30           5885.32        6408.66
31           5885.32        6396.84
32           5885.32        6386.75
33           5885.32        6385.14
34           5885.32        6379.24
35           5885.32        6370.06
36           5885.32        6364.19
37           5885.32        6316.18
38           5885.32        6308.38
39           5885.32        6285.26
40           5885.32        6278.45
41           5885.32        6264.18
42           5885.32        6261.88
43           5885.32        6229.89
44           5885.32        6205.63
45           5885.32        6194.46
46           5885.32        6177.42
47           5885.32        6176.22
48           5885.32        6173.33
49           5885.32        6172.81
50           5885.32        6171.86
51           5885.32         6166.9
52           5885.32        6163.76
53           5885.32        6152.22
54           5885.32         6151.1
55           5885.32        6135.25
56           5885.32         6133.9
57           5885.32        6133.79
58           5885.32        6133.46
59           5885.32        6133.12
60           5885.32        6132.94
61           5885.32        6132.68
62           5885.32        6124.53
63           5885.32        6124.08
64           5885.32        6122.87
65           5885.32        6109.75
66           5885.32        6109.35
67           5885.32        6108.61
68           5885.32           6102
69           5885.32         6101.7
70           5885.32         6101.4
71           5885.32        6098.75
72           5885.32        6098.46
73           5885.32        6098.43
74           5885.32        6098.24
75           5885.32        6097.93
76           5885.32         6097.9
77           5885.32        6097.47
78           5885.32        6097.35
79           5885.32        6097.13
80           5885.32        6097.08
81           5885.32        6097.07
82           5885.32        6095.62
83           5885.32        6095.53
84           5885.32        6095.48
85           5885.32        6095.41
86           5885.32        6095.37
87           5885.32        6094.93
88           5885.32         6094.9
89           5885.32        6094.41
90           5885.32        6094.36
91           5885.32        6091.98
92           5885.32        6091.92
93           5885.32        6091.91
94           5885.32        6091.89
95           5885.32        6091.87
96           5885.32        6091.68
97           5885.32         6091.5
98           5885.32        6087.76
99           5885.32        6087.56
100           5885.32        6087.51
101           5885.32        6087.38
102           5885.32        6087.38
103           5885.32        6087.38
104           5885.32        6087.03
105           5885.32        6086.96
106           5885.32        6086.95
107           5885.32        6086.95
108           5885.32        6086.94
109           5885.32        6086.94
110           5885.32        6086.94
111           5885.32        6086.93
112           5885.32        6086.92
113           5885.32         6086.9
114           5885.32         6086.9
115           5885.32         6086.9
116           5885.32        6065.45
117           5885.32        6065.02
118           5885.32        6064.82
119           5885.32        6064.81
120           5885.32        6064.81
121           5885.32        6064.81
122           5885.32        6064.81
123           5885.32        6063.29
124           5885.32        6063.25
125           5885.32        6063.25
126           5885.32        6063.25
127           5885.32        6063.25
128           5885.32        6062.86
129           5885.32        6062.85
130           5885.32        6062.85
131           5885.32        6062.83
132           5885.32        6062.83
133           5885.32        6062.83
134           5885.32        6062.78
135           5885.32         6062.5
136           5885.32        6062.25
137           5885.32        6062.05
138           5885.32        6062.04
139           5885.32         6061.8
140           5885.32        6061.79
141           5885.32        6061.79
142           5885.32        6061.79
143           5885.32        6061.65
144           5885.32        6061.43
145           5885.32        6061.43
146           5885.32        6061.43
147           5885.32        6061.43
148           5885.32        6061.15
149           5885.32        6061.14
150           5885.32        6061.14
151           5885.32        6061.14
152           5885.32        6061.14
153           5885.32        6061.14
154           5885.32        6061.14
155           5885.32        6061.13
156           5885.32        6061.13
157           5885.32        6061.13
158           5885.32        6061.06
159           5885.32        6061.06
160           5885.32        6061.06
161           5885.32        6061.06
162           5885.32        6060.58
163           5885.32        6060.54
164           5885.32        6060.25
165           5885.32        6060.24
166           5885.32        6060.24
167           5885.32        6060.24
168           5885.32        6060.24
169           5885.32        6060.08
170           5885.32        6059.72
171           5885.32        6059.71
172           5885.32        6059.62
173           5885.32        6059.62
174           5885.32        6059.12
175           5885.32        6058.81
176           5885.32         6058.5
177           5885.32         6058.5
178           5885.32         6058.5
179           5885.32         6058.5
180           5885.32         6058.5
181           5885.32        6058.49
182           5885.32        6058.49
183           5885.32        6058.49
184           5885.32        6058.49
185           5885.32        6058.49
186           5885.32        6058.48
187           5885.32        6058.48
188           5885.32        6058.48
189           5885.32        6058.48
190           5885.32        6058.43
191           5885.32        6058.42
192           5885.32        6058.39
193           5885.32        6058.39
194           5885.32        6058.36
195           5885.32        6058.36
196           5885.32        6058.36
197           5885.32        6058.36
198           5885.32        6058.36
199           5885.32        6058.31
200           5885.32        6057.57
201           5885.32        6057.56
202           5885.32        6057.56
203           5885.32        6057.56
204           5885.32        6057.55
205           5885.32        6057.55
206           5885.32        6057.55
207           5885.32        6057.51
208           5885.32        6057.51
209           5885.32        6057.51
210           5885.32        6056.55
211           5885.32        6056.53
212           5885.32        6056.53
213           5885.32        6056.53
214           5885.32        6056.53
215           5885.32        6056.53
216           5885.32        6056.53
217           5885.32        6056.53
218           5885.32        6056.53
219           5885.32        6056.53
220           5885.32        6055.55
221           5885.32        6055.53
222           5885.32        6055.53
223           5885.32        6050.54
224           5885.32         6048.7
225           5885.32        6048.29
226           5885.32        6048.28
227           5885.32        6048.28
228           5885.32        6048.28
229           5885.32        6048.28
230           5885.32        6048.28
231           5885.32        6048.28
232           5885.32        6048.28
233           5885.32        6048.28
234           5885.32        6048.28
235           5885.32        6048.28
236           5885.32        6048.28
237           5885.32        6047.01
238           5885.32        6046.98
239           5885.32        6044.03
240           5885.32        6043.97
241           5885.32        6043.97
242           5885.32        6043.97
243           5885.32        6043.97
244           5885.32        6043.97
245           5885.32        6043.97
246           5885.32        6043.97
247           5885.32        6043.97
248           5885.32        6043.97
249           5885.32        6043.96
250           5885.32        6043.96
251           5885.32        6043.96
252           5885.32        6043.96
253           5885.32        6042.58
254           5885.32        6042.55
255           5885.32        6042.55
256           5885.32        6042.55
257           5885.32        6042.55
258           5885.32        6042.55
259           5885.32        6042.55
260           5885.32        6042.55
261           5885.32        6042.55
262           5885.32        6042.55
263           5885.32         6042.4
264           5885.32         6042.4
265           5885.32        6042.13
266           5885.32        6042.12
267           5885.32         6040.8
268           5885.32        6040.78
269           5885.32        6040.78
270           5885.32        6040.78
271           5885.32        6040.78
272           5885.32        6040.78
273           5885.32        6040.78
274           5885.32        6040.71
275           5885.32        6040.71
276           5885.32        6040.71
277           5885.32        6040.71
278           5885.32        6040.71
279           5885.32        6040.71
280           5885.32        6040.71
281           5885.32        6040.25
282           5885.32        6040.24
283           5885.32        6040.24
284           5885.32        6040.24
285           5885.32        6040.24
286           5885.32        6039.93
287           5885.32        6039.92
288           5885.32        6039.92
289           5885.32        6039.92
290           5885.32        6039.92
291           5885.32        6039.92
292           5885.32        6039.92
293           5885.32        6039.92
294           5885.32        6039.63
295           5885.32        6039.62
296           5885.32        6039.62
297           5885.32        6039.57
298           5885.32        6039.56
299           5885.32        6039.56
300           5885.32        6039.47
301           5885.32        6039.47
302           5885.32        6039.11
303           5885.32         6039.1
304           5885.32        6031.27
305           5885.32        6028.94
306           5885.32        6028.89
307           5885.32        6028.25
308           5885.32        6028.24
309           5885.32        6028.11
310           5885.32        6027.99
311           5885.32        6027.86
312           5885.32        6027.86
313           5885.32        6027.86
314           5885.32        6027.86
315           5885.32        6026.98
316           5885.32        6026.96
317           5885.32        6026.96
318           5885.32        6026.96
319           5885.32        6026.96
320           5885.32        6026.96
321           5885.32        6026.96
322           5885.32        6026.89
323           5885.32        6026.89
324           5885.32        6026.89
325           5885.32        6026.89
326           5885.32        6026.89
327           5885.32        6026.88
328           5885.32        6026.88
329           5885.32        6026.81
330           5885.32        6026.81
331           5885.32        6026.81
332           5885.32        6026.73
333           5885.32        6026.73
334           5885.32        6026.73
335           5885.32        6026.73
336           5885.32        6026.73
337           5885.32        6026.73
338           5885.32        6026.73
339           5885.32        6026.73
340           5885.32        6026.73
341           5885.32        6026.73
342           5885.32        6026.66
343           5885.32        6026.43
344           5885.32        6026.43
345           5885.32        6026.43
346           5885.32        6026.43
347           5885.32        6026.39
348           5885.32        6026.28
349           5885.32        6026.28
350           5885.32        6026.17
351           5885.32        6026.16
352           5885.32        6026.16
353           5885.32        6026.16
354           5885.32        6026.16
355           5885.32        6026.16
356           5885.32        6026.16
357           5885.32        6026.16
358           5885.32        6026.16
359           5885.32        6026.16
360           5885.32        6026.16
361           5885.32        6026.16
362           5885.32        6026.16
363           5885.32        6026.16
364           5885.32        6026.15
365           5885.32        6026.15
366           5885.32        6026.14
367           5885.32        6026.14
368           5885.32        6026.14
369           5885.32        6026.14
370           5885.32        6026.14
371           5885.32        6026.14
372           5885.32        6026.14
373           5885.32        6026.14
374           5885.32        6026.14
375           5885.32        6026.14
376           5885.32        6026.11
377           5885.32        6026.11
378           5885.32        6026.08
379           5885.32        6026.08
380           5885.32        6026.08
381           5885.32        6026.08
382           5885.32        6026.08
383           5885.32        6026.08
384           5885.32        6026.08
385           5885.32        6026.06
386           5885.32        6026.06
387           5885.32        6026.06
388           5885.32        6026.06
389           5885.32        6026.06
390           5885.32        6026.06
391           5885.32        6026.06
392           5885.32        6026.06
393           5885.32        6026.06
394           5885.32        6026.06
395           5885.32        6026.06
396           5885.32        6026.06
397           5885.32        6026.04
398           5885.32        6026.04
399           5885.32        6026.03
400           5885.32        6025.92
401           5885.32        6025.88
402           5885.32        6025.87
403           5885.32        6025.87
404           5885.32        6025.87
405           5885.32        6025.87
406           5885.32        6025.87
407           5885.32        6025.87
408           5885.32        6025.87
409           5885.32        6025.83
410           5885.32        6025.83
411           5885.32        6025.83
412           5885.32        6025.83
413           5885.32        6025.83
414           5885.32        6025.83
415           5885.32        6025.74
416           5885.32        6025.74
417           5885.32        6025.74
418           5885.32        6025.74
419           5885.32        6025.74
420           5885.32        6025.74
421           5885.32        6025.74
422           5885.32        6025.69
423           5885.32        6025.69
424           5885.32        6025.67
425           5885.32        6025.67
426           5885.32        6025.67
427           5885.32        6025.67
428           5885.32        6025.67
429           5885.32        6025.67
430           5885.32        6025.62
431           5885.32        6025.62
432           5885.32        6025.62
433           5885.32        6025.62
434           5885.32        6025.62
435           5885.32        6025.62
436           5885.32        6025.62
437           5885.32        6025.62
438           5885.32        6025.62
439           5885.32        6025.62
440           5885.32        6025.62
441           5885.32        6025.62
442           5885.32        6025.62
443           5885.32        6025.62
444           5885.32        6025.62
445           5885.32        6025.62
446           5885.32        6025.57
447           5885.32        6025.57
448           5885.32        6025.57
449           5885.32        6025.57
450           5885.32        6025.57
451           5885.32        6025.57
452           5885.32        6025.57
453           5885.32        6025.53
454           5885.32        6025.53
455           5885.32        6025.53
456           5885.32        6025.53
457           5885.32        6025.53
458           5885.32        6025.53
459           5885.32        6025.52
460           5885.32        6025.52
461           5885.32        6025.52
462           5885.32        6025.51
463           5885.32        6025.44
464           5885.32        6025.44
465           5885.32        6025.44
466           5885.32        6025.44
467           5885.32        6025.44
468           5885.32        6025.44
469           5885.32        6025.44
470           5885.32        6025.44
471           5885.32        6025.44
472           5885.32        6025.44
473           5885.32        6025.44
474           5885.32        6025.44
475           5885.32        6025.44
476           5885.32        6025.44
477           5885.32        6025.43
478           5885.32        6025.43
479           5885.32        6025.43
480           5885.32        6025.41
481           5885.32        6025.41
482           5885.32        6025.41
483           5885.32        6025.41
484           5885.32        6025.41
485           5885.32        6025.41
486           5885.32        6025.41
487           5885.32        6025.41
488           5885.32        6025.41
489           5885.32        6025.41
490           5885.32        6025.41
491           5885.32        6025.41
492           5885.32        6025.41
493           5885.32        6025.41
494           5885.32        6025.41
495           5885.32        6025.41
496           5885.32        6025.41
497           5885.32        6025.41
498           5885.32        6025.41
499           5885.32        6025.41
500           5885.32        6025.41
501           5885.32        6025.41
502           5885.32        6025.41
503           5885.32        6025.41
504           5885.32        6025.41
505           5885.32        6025.41
506           5885.32         6025.4
507           5885.32         6025.4
508           5885.32         6025.4
509           5885.32         6025.4
510           5885.32         6025.4
511           5885.32         6025.4
512           5885.32        6025.39
513           5885.32        6025.39
514           5885.32        6025.39
515           5885.32        6025.39
516           5885.32        6025.39
517           5885.32        6025.39
518           5885.32        6025.39
519           5885.32        6025.38
520           5885.32        6025.38
521           5885.32        6025.38
522           5885.32        6025.38
523           5885.32        6025.38
524           5885.32        6025.38
525           5885.32        6025.38
526           5885.32        6025.38
527           5885.32        6025.38
528           5885.32        6025.31
529           5885.32        6025.31
530           5885.32        6025.31
531           5885.32        6025.31
532           5885.32        6025.31
533           5885.32        6025.31
534           5885.32        6025.31
535           5885.32         6025.3
536           5885.32        6025.29
537           5885.32        6025.29
538           5885.32        6025.29
539           5885.32        6025.29
540           5885.32        6025.29
541           5885.32        6025.29
542           5885.32        6025.29
543           5885.32        6025.23
544           5885.32        6025.23
545           5885.32        6025.23
546           5885.32        6025.23
547           5885.32        6025.23
548           5885.32        6025.23
549           5885.32        6025.23
550           5885.32        6025.23
551           5885.32        6025.23
552           5885.32        6025.23
553           5885.32        6025.23
554           5885.32        6025.23
555           5885.32        6025.23
556           5885.32        6025.23
557           5885.32        6025.23
558           5885.32        6025.23
559           5885.32        6025.23
560           5885.32        6025.23
561           5885.32        6025.23
562           5885.32        6025.23
563           5885.32        6025.23
564           5885.32        6025.23
565           5885.32        6025.23
566           5885.32        6025.23
567           5885.32        6025.22
568           5885.32        6025.21
569           5885.32        6025.21
570           5885.32        6025.21
571           5885.32        6025.21
572           5885.32        6025.21
573           5885.32        6025.21
574           5885.32        6025.21
575           5885.32        6025.21
576           5885.32        6025.21
577           5885.32        6025.21
578           5885.32        6025.21
579           5885.32        6025.21
580           5885.32        6025.21
581           5885.32        6025.21
582           5885.32        6025.21
583           5885.32        6025.21
584           5885.32        6025.21
585           5885.32        6025.21
586           5885.32        6025.21
587           5885.32         6025.2
588           5885.32         6025.2
589           5885.32         6025.2
590           5885.32        6024.59
591           5885.32        6024.57
592           5885.32        6024.57
593           5885.32        6024.57
594           5885.32        6024.57
595           5885.32        6024.57
596           5885.32        6024.57
597           5885.32        6024.57
598           5885.32        6024.57
599           5885.32        6024.57
600           5885.32        6024.57
601           5885.32        6024.57
602           5885.32        6024.57
603           5885.32        6024.57
604           5885.32        6024.57
605           5885.32        6024.57
606           5885.32        6024.57
607           5885.32        6024.57
608           5885.32        6024.57
609           5885.32        6024.57
610           5885.32        6024.57
611           5885.32        6024.57
612           5885.32        6024.57
613           5885.32        6024.57
614           5885.32        6024.57
615           5885.32        6024.57
616           5885.32        6024.57
617           5885.32        6024.57
618           5885.32        6024.57
619           5885.32        6024.57
620           5885.32        6024.57
621           5885.32        6024.57
622           5885.32        6024.57
623           5885.32        6024.57
624           5885.32        6024.57
625           5885.32        6024.57
626           5885.32        6024.57
627           5885.32        6024.57
628           5885.32        6024.57
629           5885.32        6024.57
630           5885.32        6024.57
631           5885.32        6024.57
632           5885.32        6024.57
633           5885.32        6024.57
634           5885.32        6024.57
635           5885.32        6024.57
636           5885.32        6024.57
637           5885.32        6024.57
638           5885.32        6024.57
639           5885.32        6024.57
640           5885.32        6024.57
641           5885.32        6024.57
642           5885.32        6024.57
643           5885.32        6024.57
644           5885.32        6024.57
645           5885.32        6024.57
646           5885.32        6024.57
647           5885.32        6024.57
648           5885.32        6024.57
649           5885.32        6024.57
650           5885.32        6024.57
651           5885.32        6024.57
652           5885.32        6024.57
653           5885.32        6024.57
654           5885.32        6024.57
655           5885.32        6024.57
656           5885.32        6024.57
657           5885.32        6024.57
658           5885.32        6024.57
659           5885.32        6024.57
660           5885.32        6024.57
661           5885.32        6024.57
662           5885.32        6024.57
663           5885.32        6024.57
664           5885.32        6024.57
665           5885.32        6024.57
666           5885.32        6024.57
667           5885.32        6024.57
668           5885.32        6024.57
669           5885.32        6024.57
670           5885.32        6024.57
671           5885.32        6024.57
672           5885.32        6024.57
673           5885.32        6024.57
674           5885.32        6024.57
675           5885.32        6024.57
676           5885.32        6024.57
677           5885.32        6024.57
678           5885.32        6024.57
679           5885.32        6024.57
680           5885.32        6024.57
681           5885.32        6024.57
682           5885.32        6024.57
683           5885.32        6024.57
684           5885.32        6024.57
685           5885.32        6024.57
686           5885.32        6024.57
687           5885.32        6024.57
688           5885.32        6024.57
689           5885.32        6024.31
690           5885.32        6024.31
691           5885.32        6024.31
692           5885.32        6024.31
693           5885.32        6024.31
694           5885.32        6024.31
695           5885.32        6024.31
696           5885.32        6024.31
697           5885.32        6024.31
698           5885.32        6024.31
699           5885.32        6024.31
700           5885.32        6024.31
701           5885.32        6024.31
702           5885.32        6023.96
703           5885.32        6023.95
704           5885.32        6023.95
705           5885.32        6023.95
706           5885.32        6023.95
707           5885.32        6023.95
708           5885.32        6023.95
709           5885.32        6023.95
710           5885.32        6023.95
711           5885.32        6023.95
712           5885.32        6023.95
713           5885.32        6023.95
714           5885.32        6023.95
715           5885.32        6023.95
716           5885.32        6023.95
717           5885.32        6023.95
718           5885.32        6023.95
719           5885.32        6023.95
720           5885.32        6023.95
721           5885.32        6023.95
722           5885.32        6023.95
723           5885.32        6023.95
724           5885.32        6023.95
725           5885.32        6023.92
726           5885.32        6023.92
727           5885.32        6023.92
728           5885.32        6023.92
729           5885.32        6023.92
730           5885.32        6023.92
731           5885.32        6023.92
732           5885.32        6023.92
733           5885.32        6023.92
734           5885.32        6023.92
735           5885.32        6023.92
736           5885.32        6023.92
737           5885.32        6023.92
738           5885.32        6023.92
739           5885.32        6023.92
740           5885.32        6023.92
741           5885.32        6023.35
742           5885.32        6023.34
743           5885.32        6023.34
744           5885.32        6023.34
745           5885.32        6023.34
746           5885.32        6023.34
747           5885.32        6023.34
748           5885.32        6023.34
749           5885.32        6023.34
750           5885.32        6023.34
751           5885.32        6022.49
752           5885.32        6022.48
753           5885.32        6022.48
754           5885.32        6022.48
755           5885.32        6022.48
756           5885.32        6022.48
757           5885.32        6022.48
758           5885.32        6022.41
759           5885.32        6022.41
760           5885.32        6022.41
761           5885.32        6022.41
762           5885.32        6022.41
763           5885.32        6022.41
764           5885.32        6022.41
765           5885.32        6022.41
766           5885.32        6022.41
767           5885.32        6022.41
768           5885.32        6022.41
769           5885.32        6022.41
770           5885.32        6022.41
771           5885.32        6022.41
772           5885.32        6022.41
773           5885.32        6022.41
774           5885.32        6022.41
775           5885.32        6022.41
776           5885.32        6022.41
777           5885.32        6022.41
778           5885.32        6022.41
779           5885.32        6022.41
780           5885.32        6022.41
781           5885.32        6022.41
782           5885.32        6022.41
783           5885.32        6022.41
784           5885.32        6022.41
785           5885.32        6022.41
786           5885.32        6022.41
787           5885.32        6022.41
788           5885.32        6022.41
789           5885.32        6022.41
790           5885.32        6022.41
791           5885.32        6022.41
792           5885.32        6022.41
793           5885.32        6022.41
794           5885.32        6022.41
795           5885.32        6022.41
796           5885.32        6022.41
797           5885.32        6022.41
798           5885.32        6022.41
799           5885.32        6022.41
800           5885.32        6022.41
801           5885.32        6022.41
802           5885.32        6022.41
803           5885.32        6022.41
804           5885.32        6022.41
805           5885.32        6022.41
806           5885.32        6022.38
807           5885.32        6022.38
808           5885.32        6022.38
809           5885.32        6022.38
810           5885.32        6022.38
811           5885.32        6022.38
812           5885.32        6022.38
813           5885.32        6022.38
814           5885.32        6022.38
815           5885.32        6022.38
816           5885.32        6022.38
817           5885.32        6022.38
818           5885.32        6022.38
819           5885.32        6022.38
820           5885.32        6022.38
821           5885.32        6022.38
822           5885.32        6022.38
823           5885.32        6022.38
824           5885.32        6022.38
825           5885.32        6022.38
826           5885.32        6022.38
827           5885.32        6022.38
828           5885.32        6022.38
829           5885.32        6022.38
830           5885.32        6022.38
831           5885.32        6022.38
832           5885.32        6022.38
833           5885.32        6022.38
834           5885.32        6022.38
835           5885.32        6022.38
836           5885.32        6022.38
837           5885.32        6022.38
838           5885.32        6022.38
839           5885.32        6022.38
840           5885.32        6022.38
841           5885.32        6022.38
842           5885.32        6022.38
843           5885.32        6022.38
844           5885.32        6022.38
845           5885.32        6022.38
846           5885.32        6022.38
847           5885.32        6022.38
848           5885.32        6022.38
849           5885.32        6022.38
850           5885.32        6022.38
851           5885.32        6022.38
852           5885.32        6022.38
853           5885.32        6022.38
854           5885.32        6022.38
855           5885.32        6022.38
856           5885.32        6022.38
857           5885.32        6022.38
858           5885.32        6022.38
859           5885.32        6022.38
860           5885.32        6022.38
861           5885.32        6022.38
862           5885.32        6022.38
863           5885.32        6022.38
864           5885.32        6022.38
865           5885.32        6022.38
866           5885.32        6022.38
867           5885.32        6022.38
868           5885.32        6022.38
869           5885.32        6022.38
870           5885.32        6022.38
871           5885.32        6022.38
872           5885.32        6022.38
873           5885.32        6022.38
874           5885.32        6022.38
875           5885.32        6022.38
876           5885.32        6022.38
877           5885.32        6022.38
878           5885.32        6022.38
879           5885.32        6022.38
880           5885.32        6022.38
881           5885.32        6022.38
882           5885.32        6022.38
883           5885.32        6022.38
884           5885.32        6022.38
885           5885.32        6022.38
886           5885.32        6022.38
887           5885.32        6022.38
888           5885.32        6022.38
889           5885.32        6022.38
890           5885.32        6022.38
891           5885.32        6022.38
892           5885.32        6022.38
893           5885.32        6022.38
894           5885.32        6022.38
895           5885.32        6022.38
896           5885.32        6022.38
897           5885.32        6022.38
898           5885.32        6022.38
899           5885.32        6022.38
900           5885.32        6022.38
901           5885.32        6022.38
902           5885.32        6022.38
903           5885.32        6022.38
904           5885.32        6022.38
905           5885.32        6022.38
906           5885.32        6022.38
907           5885.32        6022.38
908           5885.32        6022.38
909           5885.32        6022.38
910           5885.32        6022.38
911           5885.32        6022.38
912           5885.32        6022.38
913           5885.32        6022.38
914           5885.32        6022.34
915           5885.32        6022.33
916           5885.32        6022.33
917           5885.32        6022.33
918           5885.32        6022.33
919           5885.32        6022.33
920           5885.32        6022.33
921           5885.32        6022.33
922           5885.32        6022.33
923           5885.32        6022.33
924           5885.32        6022.33
925           5885.32        6022.33
926           5885.32        6022.33
927           5885.32        6022.33
928           5885.32        6022.33
929           5885.32        6022.33
930           5885.32        6022.33
931           5885.32        6022.33
932           5885.32        6022.33
933           5885.32        6022.33
934           5885.32        6022.33
935           5885.32        6022.33
936           5885.32        6022.33
937           5885.32        6022.33
938           5885.32        6022.33
939           5885.32        6022.33
940           5885.32        6022.33
941           5885.32        6022.33
942           5885.32        6022.33
943           5885.32        6022.33
944           5885.32        6022.33
945           5885.32        6022.33
946           5885.32        6022.33
947           5885.32        6022.33
948           5885.32        6022.33
949           5885.32        6022.33
950           5885.32        6022.33
951           5885.32        6022.33
952           5885.32        6022.33
953           5885.32        6022.33
954           5885.32        6022.33
955           5885.32        6022.33
956           5885.32        6022.33
957           5885.32        6022.33
958           5885.32        6022.33
959           5885.32        6022.33
960           5885.32        6022.33
961           5885.32        6022.33
962           5885.32        6022.33
963           5885.32        6022.33
964           5885.32        6022.33
965           5885.32        6022.33
966           5885.32        6022.33
967           5885.32        6022.33
968           5885.32        6022.33
969           5885.32        6022.33
970           5885.32        6022.33
971           5885.32        6022.29
972           5885.32        6022.28
973           5885.32        6022.28
974           5885.32        6022.28
975           5885.32        6022.27
976           5885.32        6022.27
977           5885.32        6022.27
978           5885.32        6022.27
979           5885.32        6022.27
980           5885.32        6022.27
981           5885.32        6022.27
982           5885.32        6022.27
983           5885.32        6022.27
984           5885.32        6022.27
985           5885.32        6022.27
986           5885.32        6022.27
987           5885.32        6022.27
988           5885.32        6022.27
989           5885.32        6022.27
990           5885.32        6022.27
991           5885.32        6022.27
992           5885.32        6022.27
993           5885.32         6022.1
994           5885.32         6022.1
995           5885.32         6022.1
996           5885.32         6022.1
997           5885.32         6022.1
998           5885.32         6022.1
999           5885.32         6022.1
1000           5885.32         6022.1
1001           5885.32         6022.1
1002           5885.32         6022.1
1003           5885.32         6022.1
1004           5885.32         6022.1
1005           5885.32         6022.1
1006           5885.32         6022.1
1007           5885.32         6022.1
1008           5885.32         6022.1
1009           5885.32         6022.1
1010           5885.32         6022.1
1011           5885.32         6022.1
1012           5885.32         6022.1
1013           5885.32         6022.1
1014           5885.32         6022.1
1015           5885.32         6022.1
1016           5885.32         6022.1
1017           5885.32         6022.1
1018           5885.32         6022.1
1019           5885.32         6022.1
1020           5885.32         6022.1
1021           5885.32         6022.1
1022           5885.32         6022.1
1023           5885.32         6022.1
1024           5885.32         6022.1
1025           5885.32         6022.1
1026           5885.32         6022.1
1027           5885.32         6022.1
1028           5885.32         6022.1
1029           5885.32         6022.1
1030           5885.32         6022.1
1031           5885.32         6022.1
1032           5885.32         6022.1
1033           5885.32         6022.1
1034           5885.32         6022.1
1035           5885.32         6022.1
1036           5885.32         6022.1
1037           5885.32         6022.1
1038           5885.32         6022.1
1039           5885.32         6022.1
1040           5885.32         6022.1
1041           5885.32         6022.1
1042           5885.32         6022.1
1043           5885.32         6022.1
1044           5885.32         6022.1
1045           5885.32         6022.1
1046           5885.32         6022.1
1047           5885.32         6022.1
1048           5885.32         6022.1
1049           5885.32         6022.1
1050           5885.32         6022.1
1051           5885.32         6022.1
1052           5885.32         6022.1
1053           5885.32         6022.1
1054           5885.32         6022.1
1055           5885.32         6022.1
1056           5885.32         6022.1
1057           5885.32         6022.1
1058           5885.32         6022.1
1059           5885.32         6022.1
1060           5885.32         6022.1
1061           5885.32         6022.1
1062           5885.32         6022.1
1063           5885.32         6022.1
1064           5885.32         6022.1
1065           5885.32         6022.1
1066           5885.32         6022.1
1067           5885.32         6022.1
1068           5885.32         6022.1
1069           5885.32         6022.1
1070           5885.32         6022.1
1071           5885.32         6022.1
1072           5885.32         6022.1
1073           5885.32         6022.1
1074           5885.32         6022.1
1075           5885.32         6022.1
1076           5885.32         6022.1
1077           5885.32         6022.1
1078           5885.32         6022.1
1079           5885.32         6022.1
1080           5885.32         6022.1
1081           5885.32         6022.1
1082           5885.32         6022.1
1083           5885.32         6022.1
1084           5885.32         6022.1
1085           5885.32         6022.1
1086           5885.32         6022.1
1087           5885.32         6022.1
1088           5885.32         6022.1
1089           5885.32         6022.1
1090           5885.32         6022.1
1091           5885.32         6022.1
1092           5885.32         6022.1
1093           5885.32         6022.1
1094           5885.32         6022.1
1095           5885.32         6022.1
1096           5885.32         6022.1
1097           5885.32         6022.1
1098           5885.32         6022.1
1099           5885.32         6022.1
1100           5885.32         6022.1
1101           5885.32         6022.1
1102           5885.32         6022.1
1103           5885.32         6022.1
1104           5885.32         6022.1
1105           5885.32         6022.1
1106           5885.32         6022.1
1107           5885.32         6022.1
1108           5885.32         6022.1
1109           5885.32         6022.1
1110           5885.32         6022.1
1111           5885.32         6022.1
1112           5885.32         6022.1
1113           5885.32         6022.1
1114           5885.32         6022.1
1115           5885.32         6022.1
1116           5885.32         6022.1
1117           5885.32         6022.1
1118           5885.32         6022.1
1119           5885.32         6022.1
1120           5885.32         6022.1
1121           5885.32         6022.1
1122           5885.32         6022.1
1123           5885.32         6022.1
1124           5885.32         6022.1
1125           5885.32         6022.1
1126           5885.32         6022.1
1127           5885.32         6022.1
1128           5885.32        6022.05
1129           5885.32        6022.05
1130           5885.32        6022.05
1131           5885.32        6022.05
1132           5885.32        6022.05
1133           5885.32        6022.05
1134           5885.32        6022.05
1135           5885.32        6022.05
1136           5885.32        6022.05
1137           5885.32        6022.05
1138           5885.32        6022.05
1139           5885.32        6022.05
1140           5885.32        6022.05
1141           5885.32        6022.05
1142           5885.32        6022.05
1143           5885.32        6022.05
1144           5885.32        6022.05
1145           5885.32        6022.05
1146           5885.32        6022.05
1147           5885.32        6022.05
1148           5885.32        6022.05
1149           5885.32        6022.05
1150           5885.32        6022.05
1151           5885.32        6022.05
1152           5885.32        6022.05
1153           5885.32        6022.05
1154           5885.32        6022.02
1155           5885.32        6022.02
1156           5885.32        6022.02
1157           5885.32        6022.02
1158           5885.32        6022.02
1159           5885.32        6022.02
1160           5885.32        6022.02
1161           5885.32        6022.02
1162           5885.32        6022.02
1163           5885.32        6022.02
1164           5885.32        6022.02
1165           5885.32        6022.02
1166           5885.32        6022.02
1167           5885.32        6022.02
1168           5885.32        6022.02
1169           5885.32        6022.02
1170           5885.32        6022.02
1171           5885.32        6022.02
1172           5885.32        6022.02
1173           5885.32        6022.02
1174           5885.32        6022.02
1175           5885.32        6022.02
1176           5885.32        6022.02
1177           5885.32        6022.02
1178           5885.32        6022.02
1179           5885.32        6022.02
1180           5885.32        6022.02
1181           5885.32        6022.02
1182           5885.32        6022.02
1183           5885.32        6022.02
1184           5885.32        6022.02
1185           5885.32        6022.02
1186           5885.32        6022.02
1187           5885.32        6022.02
1188           5885.32        6022.02
1189           5885.32        6022.02
1190           5885.32        6022.02
1191           5885.32        6022.02
1192           5885.32        6022.02
1193           5885.32        6022.02
1194           5885.32        6022.02
1195           5885.32        6022.02
1196           5885.32        6022.02
1197           5885.32        6022.02
1198           5885.32        6022.02
1199           5885.32        6022.02
1200           5885.32        6022.02
1201           5885.32        6022.02
1202           5885.32        6022.02
1203           5885.32        6022.02
1204           5885.32        6022.02
1205           5885.32        6022.02
1206           5885.32        6022.02
1207           5885.32        6022.02
1208           5885.32        6022.02
1209           5885.32        6022.02
1210           5885.32        6022.02
1211           5885.32        6022.02
1212           5885.32        6022.02
1213           5885.32        6022.02
1214           5885.32        6022.02
1215           5885.32        6022.02
1216           5885.32        6022.02
1217           5885.32        6022.02
1218           5885.32        6022.02
1219           5885.32        6022.02
1220           5885.32        6022.02
1221           5885.32        6022.02
1222           5885.32        6022.02
1223           5885.32        6022.02
1224           5885.32        6022.02
1225           5885.32        6022.02
1226           5885.32        6022.02
1227           5885.32        6022.02
1228           5885.32        6022.02
1229           5885.32        6022.02
1230           5885.32        6022.02
1231           5885.32        6022.02
1232           5885.32        6022.02
1233           5885.32        6022.02
1234           5885.32        6022.02
1235           5885.32        6022.02
1236           5885.32        6022.02
1237           5885.32        6022.02
1238           5885.32        6022.02
1239           5885.32        6022.02
1240           5885.32        6022.02
1241           5885.32        6022.02
1242           5885.32        6022.02
1243           5885.32        6022.02
1244           5885.32        6022.02
1245           5885.32        6022.02
1246           5885.32        6022.02
1247           5885.32        6022.02
1248           5885.32        6022.02
1249           5885.32        6022.02
1250           5885.32        6022.02
1251           5885.32        6022.02
1252           5885.32        6022.02
1253           5885.32        6022.02
1254           5885.32        6022.02
1255           5885.32        6022.02
1256           5885.32        6022.02
1257           5885.32        6022.02
1258           5885.32        6022.02
1259           5885.32        6022.02
1260           5885.32        6022.02
1261           5885.32        6022.02
1262           5885.32        6022.02
1263           5885.32        6019.88
1264           5885.32        6019.84
1265           5885.32        6019.84
1266           5885.32        6019.84
1267           5885.32        6019.84
1268           5885.32        6019.84
1269           5885.32        6019.84
1270           5885.32        6019.84
1271           5885.32        6019.84
1272           5885.32        6019.84
1273           5885.32        6019.84
1274           5885.32        6019.84
1275           5885.32        6019.84
1276           5885.32        6019.84
1277           5885.32        6019.82
1278           5885.32        6019.82
1279           5885.32        6019.82
1280           5885.32        6019.82
1281           5885.32        6019.79
1282           5885.32        6019.79
1283           5885.32        6019.79
1284           5885.32        6019.79
1285           5885.32        6019.79
1286           5885.32        6019.79
1287           5885.32        6019.79
1288           5885.32        6019.79
1289           5885.32        6019.79
1290           5885.32        6019.79
1291           5885.32        6014.72
1292           5885.32        6014.62
1293           5885.32        6014.61
1294           5885.32        6014.61
1295           5885.32        6014.61
1296           5885.32        6014.61
1297           5885.32        6014.61
1298           5885.32        6014.61
1299           5885.32        6014.61
1300           5885.32        6014.61
1301           5885.32        6014.61
1302           5885.32        6014.61
1303           5885.32        6014.61
1304           5885.32        6014.61
1305           5885.32        6014.61
1306           5885.32        6014.61
1307           5885.32        6013.29
1308           5885.32        6013.26
1309           5885.32        6013.26
1310           5885.32        6013.26
1311           5885.32        6013.26
1312           5885.32        6013.26
1313           5885.32        6013.26
1314           5885.32        6013.26
1315           5885.32        6013.26
1316           5885.32        6013.25
1317           5885.32        6013.25
1318           5885.32        6013.25
1319           5885.32        6013.25
1320           5885.32        6013.25
1321           5885.32        6013.25
1322           5885.32        6013.25
1323           5885.32        6013.25
1324           5885.32        6013.25
1325           5885.32        6013.25
1326           5885.32        6013.25
1327           5885.32        6013.25
1328           5885.32        6013.25
1329           5885.32        6013.25
1330           5885.32        6013.25
1331           5885.32        6013.25
1332           5885.32        6013.22
1333           5885.32        6013.22
1334           5885.32        6013.22
1335           5885.32        6013.21
1336           5885.32        6013.21
1337           5885.32        6013.21
1338           5885.32        6012.33
1339           5885.32        6011.33
1340           5885.32        6011.31
1341           5885.32        6011.31
1342           5885.32        6011.31
1343           5885.32        6011.31
1344           5885.32        6011.31
1345           5885.32        6011.31
1346           5885.32        6011.31
1347           5885.32        6011.31
1348           5885.32        6011.31
1349           5885.32        6011.31
1350           5885.32        6011.31
1351           5885.32        6011.31
1352           5885.32        6011.31
1353           5885.32        6011.31
1354           5885.32        6011.31
1355           5885.32         6011.3
1356           5885.32         6011.3
1357           5885.32         6011.3
1358           5885.32         6011.3
1359           5885.32         6011.3
1360           5885.32         6011.3
1361           5885.32         6011.3
1362           5885.32         6011.3
1363           5885.32         6011.3
1364           5885.32         6011.3
1365           5885.32         6011.3
1366           5885.32         6011.3
1367           5885.32         6011.3
1368           5885.32         6011.3
1369           5885.32         6011.3
1370           5885.32         6011.3
1371           5885.32         6011.3
1372           5885.32         6011.3
1373           5885.32         6011.3
1374           5885.32         6011.3
1375           5885.32         6011.3
1376           5885.32         6011.3
1377           5885.32         6011.3
1378           5885.32         6011.3
1379           5885.32         6011.3
1380           5885.32         6011.3
1381           5885.32         6011.3
1382           5885.32        6011.27
1383           5885.32        6011.27
1384           5885.32        6011.27
1385           5885.32        6011.27
1386           5885.32        6011.27
1387           5885.32        6011.23
1388           5885.32        6011.23
1389           5885.32        6011.23
1390           5885.32        6011.23
1391           5885.32        6011.23
1392           5885.32        6011.23
1393           5885.32        6011.23
1394           5885.32        6011.23
1395           5885.32        6011.23
1396           5885.32        6011.23
1397           5885.32        6011.23
1398           5885.32        6011.23
1399           5885.32        6011.23
1400           5885.32        6011.23
1401           5885.32        6011.23
1402           5885.32        6011.23
1403           5885.32        6011.23
1404           5885.32        6011.23
1405           5885.32        6011.23
1406           5885.32        6011.23
1407           5885.32        6011.23
1408           5885.32        6010.68
1409           5885.32        6010.67
1410           5885.32        6010.67
1411           5885.32        6010.67
1412           5885.32        6010.67
1413           5885.32        6010.67
1414           5885.32        6010.67
1415           5885.32        6010.67
1416           5885.32        6010.67
1417           5885.32        6010.67
1418           5885.32        6010.44
1419           5885.32        6010.43
1420           5885.32        6010.43
1421           5885.32        6010.43
1422           5885.32        6010.43
1423           5885.32        6010.43
1424           5885.32        6010.43
1425           5885.32        6010.43
1426           5885.32        6010.43
1427           5885.32        6010.43
1428           5885.32        6010.43
1429           5885.32        6010.43
1430           5885.32        6010.43
1431           5885.32        6010.43
1432           5885.32        6010.43
1433           5885.32        6010.43
1434           5885.32        6010.43
1435           5885.32        6010.13
1436           5885.32        6010.13
1437           5885.32        6010.13
1438           5885.32        6010.13
1439           5885.32        6010.13
1440           5885.32        6010.13
1441           5885.32        6010.13
1442           5885.32        6010.13
1443           5885.32        6010.13
1444           5885.32        6010.13
1445           5885.32        6010.13
1446           5885.32        6010.13
1447           5885.32        6010.13
1448           5885.32        6010.11
1449           5885.32        6010.11
1450           5885.32        6010.11
1451           5885.32        6010.11
1452           5885.32        6010.11
1453           5885.32        6010.11
1454           5885.32        6010.11
1455           5885.32        6010.11
1456           5885.32        6010.11
1457           5885.32        6010.11
1458           5885.32        6010.11
1459           5885.32        6010.11
1460           5885.32        6010.11
1461           5885.32        6010.11
1462           5885.32        6010.11
1463           5885.32        6010.11
1464           5885.32        6010.11
1465           5885.32        6010.11
1466           5885.32        6010.11
1467           5885.32        6010.11
1468           5885.32        6010.11
1469           5885.32        6010.11
1470           5885.32        6010.11
1471           5885.32        6010.11
1472           5885.32        6010.11
1473           5885.32        6010.11
1474           5885.32        6010.11
1475           5885.32        6010.11
1476           5885.32        6010.11
1477           5885.32        6010.11
1478           5885.32        6010.11
1479           5885.32        6010.11
1480           5885.32        6010.11
1481           5885.32        6010.11
1482           5885.32        6010.11
1483           5885.32        6010.11
1484           5885.32        6010.11
1485           5885.32        6010.11
1486           5885.32        6010.11
1487           5885.32        6010.11
1488           5885.32        6010.11
1489           5885.32        6010.11
1490           5885.32        6010.11
1491           5885.32        6010.11
1492           5885.32        6010.06
1493           5885.32        6010.06
1494           5885.32        6010.06
1495           5885.32        6010.06
1496           5885.32        6010.06
1497           5885.32        6010.06
1498           5885.32        6010.06
1499           5885.32        6010.06
1500           5885.32        6010.06
1501           5885.32        6010.06
1502           5885.32        6009.99
1503           5885.32        6009.99
1504           5885.32        6009.99
1505           5885.32        6009.99
1506           5885.32        6009.99
1507           5885.32        6009.99
1508           5885.32        6009.99
1509           5885.32        6009.99
1510           5885.32        6009.99
1511           5885.32        6009.99
1512           5885.32        6009.99
1513           5885.32        6009.99
1514           5885.32        6009.99
1515           5885.32        6009.99
1516           5885.32        6009.99
1517           5885.32        6009.99
1518           5885.32        6009.97
1519           5885.32        6009.97
1520           5885.32        6009.97
1521           5885.32        6009.97
1522           5885.32        6009.97
1523           5885.32        6009.97
1524           5885.32        6009.97
1525           5885.32        6009.97
1526           5885.32        6009.97
1527           5885.32        6009.97
1528           5885.32        6009.97
1529           5885.32        6009.97
1530           5885.32        6009.97
1531           5885.32        6009.97
1532           5885.32        6009.97
1533           5885.32        6009.97
1534           5885.32        6009.97
1535           5885.32        6009.97
1536           5885.32        6009.97
1537           5885.32        6009.97
1538           5885.32        6009.97
1539           5885.32        6009.97
1540           5885.32        6009.97
1541           5885.32        6009.97
1542           5885.32        6009.97
1543           5885.32        6009.97
1544           5885.32        6009.97
1545           5885.32        6009.95
1546           5885.32        6009.95
1547           5885.32        6009.95
1548           5885.32        6009.95
1549           5885.32        6009.95
1550           5885.32        6009.95
1551           5885.32        6009.95
1552           5885.32        6009.95
1553           5885.32        6009.95
1554           5885.32        6009.95
1555           5885.32        6009.95
1556           5885.32        6009.95
1557           5885.32        6009.95
1558           5885.32        6009.95
1559           5885.32        6009.95
1560           5885.32        6009.95
1561           5885.32        6009.95
1562           5885.32        6009.95
1563           5885.32        6009.95
1564           5885.32        6009.95
1565           5885.32        6009.95
1566           5885.32        6009.95
1567           5885.32        6009.94
1568           5885.32        6009.94
1569           5885.32        6009.94
1570           5885.32        6009.94
1571           5885.32        6009.94
1572           5885.32        6009.94
1573           5885.32        6009.94
1574           5885.32        6009.94
1575           5885.32        6009.94
1576           5885.32        6009.94
1577           5885.32        6009.94
1578           5885.32        6009.94
1579           5885.32        6009.94
1580           5885.32        6009.94
1581           5885.32        6009.94
1582           5885.32        6009.94
1583           5885.32        6009.94
1584           5885.32        6009.94
1585           5885.32        6009.94
1586           5885.32        6009.94
1587           5885.32        6009.94
1588           5885.32        6009.94
1589           5885.32        6009.94
1590           5885.32        6009.94
1591           5885.32        6009.94
1592           5885.32        6009.94
1593           5885.32        6009.94
1594           5885.32        6009.94
1595           5885.32        6009.94
1596           5885.32        6009.94
1597           5885.32        6009.94
1598           5885.32        6009.94
1599           5885.32        6009.94
1600           5885.32        6009.94
1601           5885.32        6009.94
1602           5885.32        6009.94
1603           5885.32        6009.94
1604           5885.32        6009.94
1605           5885.32        6009.94
1606           5885.32        6009.94
1607           5885.32        6009.94
1608           5885.32        6009.94
1609           5885.32        6009.94
1610           5885.32        6009.94
1611           5885.32        6009.94
1612           5885.32        6009.94
1613           5885.32        6009.94
1614           5885.32        6009.94
1615           5885.32        6009.94
1616           5885.32        6009.94
1617           5885.32        6009.94
1618           5885.32        6009.94
1619           5885.32        6009.94
1620           5885.32        6009.94
1621           5885.32        6009.94
1622           5885.32        6009.94
1623           5885.32        6009.94
1624           5885.32        6009.94
1625           5885.32        6009.94
1626           5885.32        6009.94
1627           5885.32        6009.94
1628           5885.32        6009.94
1629           5885.32        6009.94
1630           5885.32        6009.94
1631           5885.32        6009.94
1632           5885.32        6009.94
1633           5885.32        6009.94
1634           5885.32        6009.94
1635           5885.32        6009.94
1636           5885.32        6009.94
1637           5885.32        6009.94
1638           5885.32        6009.94
1639           5885.32        6009.94
1640           5885.32        6009.94
1641           5885.32        6009.94
1642           5885.32        6009.94
1643           5885.32        6009.94
1644           5885.32        6009.94
1645           5885.32        6009.94
1646           5885.32        6009.94
1647           5885.32        6009.92
1648           5885.32        6009.92
1649           5885.32        6009.92
1650           5885.32        6009.92
1651           5885.32        6009.92
1652           5885.32        6009.92
1653           5885.32        6009.92
1654           5885.32        6009.92
1655           5885.32        6009.92
1656           5885.32        6009.92
1657           5885.32        6009.92
1658           5885.32        6009.92
1659           5885.32        6009.92
1660           5885.32        6009.92
1661           5885.32        6009.92
1662           5885.32        6009.92
1663           5885.32        6009.92
1664           5885.32        6009.92
1665           5885.32        6009.92
1666           5885.32        6009.92
1667           5885.32        6009.92
1668           5885.32        6009.92
1669           5885.32        6009.91
1670           5885.32        6009.91
1671           5885.32        6009.91
1672           5885.32        6009.91
1673           5885.32        6009.91
1674           5885.32        6009.91
1675           5885.32        6009.91
1676           5885.32        6009.91
1677           5885.32        6009.91
1678           5885.32        6009.91
1679           5885.32        6009.91
1680           5885.32        6009.91
1681           5885.32        6009.91
1682           5885.32        6009.91
1683           5885.32        6009.91
1684           5885.32        6009.91
1685           5885.32        6009.91
1686           5885.32        6009.91
1687           5885.32         6009.9
1688           5885.32         6009.9
1689           5885.32         6009.9
1690           5885.32         6009.9
1691           5885.32         6009.9
1692           5885.32         6009.9
1693           5885.32         6009.9
1694           5885.32         6009.9
1695           5885.32         6009.9
1696           5885.32         6009.9
1697           5885.32         6009.9
1698           5885.32         6009.9
1699           5885.32         6009.9
1700           5885.32         6009.9
1701           5885.32         6009.9
1702           5885.32         6009.9
1703           5885.32         6009.9
1704           5885.32         6009.9
1705           5885.32         6009.9
1706           5885.32         6009.9
1707           5885.32         6009.9
1708           5885.32         6009.9
1709           5885.32         6009.9
1710           5885.32         6009.9
1711           5885.32         6009.9
1712           5885.32         6009.9
1713           5885.32         6009.9
1714           5885.32         6009.9
1715           5885.32         6009.9
1716           5885.32         6009.9
1717           5885.32         6009.9
1718           5885.32         6009.9
1719           5885.32         6009.9
1720           5885.32         6009.9
1721           5885.32         6009.9
1722           5885.32         6009.9
1723           5885.32         6009.9
1724           5885.32         6009.9
1725           5885.32         6009.9
1726           5885.32         6009.9
1727           5885.32         6009.9
1728           5885.32         6009.9
1729           5885.32         6009.9
1730           5885.32         6009.9
1731           5885.32         6009.9
1732           5885.32         6009.9
1733           5885.32         6009.9
1734           5885.32         6009.9
1735           5885.32         6009.9
1736           5885.32         6009.9
1737           5885.32         6009.9
1738           5885.32         6009.9
1739           5885.32         6009.9
1740           5885.32         6009.9
1741           5885.32         6009.9
1742           5885.32         6009.9
1743           5885.32         6009.9
1744           5885.32         6009.9
1745           5885.32         6009.9
1746           5885.32         6009.9
1747           5885.32         6009.9
1748           5885.32         6009.9
1749           5885.32         6009.9
1750           5885.32         6009.9
1751           5885.32         6009.9
1752           5885.32         6009.9
1753           5885.32         6009.9
1754           5885.32         6009.9
1755           5885.32         6009.9
1756           5885.32         6009.9
1757           5885.32         6009.9
1758           5885.32         6009.9
1759           5885.32         6009.9
1760           5885.32         6009.9
1761           5885.32         6009.9
1762           5885.32         6009.9
1763           5885.32         6009.9
1764           5885.32         6009.9
1765           5885.32         6009.9
1766           5885.32         6009.9
1767           5885.32         6009.9
1768           5885.32         6009.9
1769           5885.32         6009.9
1770           5885.32         6009.9
1771           5885.32         6009.9
1772           5885.32         6009.9
1773           5885.32         6009.9
1774           5885.32         6009.9
1775           5885.32         6009.9
1776           5885.32         6009.9
1777           5885.32         6009.9
1778           5885.32         6009.9
1779           5885.32         6009.9
1780           5885.32         6009.9
1781           5885.32         6009.9
1782           5885.32         6009.9
1783           5885.32         6009.9
1784           5885.32         6009.9
1785           5885.32         6009.9
1786           5885.32        6009.89
1787           5885.32        6009.89
1788           5885.32        6009.89
1789           5885.32        6009.89
1790           5885.32        6009.89
1791           5885.32        6009.89
1792           5885.32        6009.89
1793           5885.32        6009.89
1794           5885.32        6009.89
1795           5885.32        6009.89
1796           5885.32        6009.89
1797           5885.32        6009.89
1798           5885.32        6009.89
1799           5885.32        6009.89
1800           5885.32        6009.89
1801           5885.32        6009.89
1802           5885.32        6009.89
1803           5885.32        6009.89
1804           5885.32        6009.89
1805           5885.32        6009.89
1806           5885.32        6009.89
1807           5885.32        6009.89
1808           5885.32        6009.89
1809           5885.32        6009.89
1810           5885.32        6009.89
1811           5885.32        6009.89
1812           5885.32        6009.89
1813           5885.32        6009.89
1814           5885.32        6009.89
1815           5885.32        6009.89
1816           5885.32        6009.89
1817           5885.32        6009.89
1818           5885.32        6009.89
1819           5885.32        6009.89
1820           5885.32        6009.89
1821           5885.32        6009.89
1822           5885.32        6009.89
1823           5885.32        6009.89
1824           5885.32        6009.89
1825           5885.32        6009.89
1826           5885.32        6009.89
1827           5885.32        6009.89
1828           5885.32        6009.89
1829           5885.32        6009.89
1830           5885.32        6009.89
1831           5885.32        6009.89
1832           5885.32        6009.88
1833           5885.32        6009.88
1834           5885.32        6009.88
1835           5885.32        6009.88
1836           5885.32        6009.88
1837           5885.32        6009.88
1838           5885.32        6009.88
1839           5885.32        6009.88
1840           5885.32        6009.88
1841           5885.32        6009.88
1842           5885.32        6009.88
1843           5885.32        6009.88
1844           5885.32        6009.88
1845           5885.32        6009.88
1846           5885.32        6009.88
1847           5885.32        6009.88
1848           5885.32        6009.88
1849           5885.32        6009.88
1850           5885.32        6009.88
1851           5885.32        6009.88
1852           5885.32        6009.88
1853           5885.32        6009.88
1854           5885.32        6009.88
1855           5885.32        6009.88
1856           5885.32        6009.88
1857           5885.32        6009.88
1858           5885.32        6009.88
1859           5885.32        6009.88
1860           5885.32        6009.88
1861           5885.32        6009.88
1862           5885.32        6009.88
1863           5885.32        6009.88
1864           5885.32        6009.88
1865           5885.32        6009.88
1866           5885.32        6009.88
1867           5885.32        6009.88
1868           5885.32        6009.88
1869           5885.32        6009.88
1870           5885.32        6009.88
1871           5885.32        6009.88
1872           5885.32        6009.88
1873           5885.32        6009.88
1874           5885.32        6009.88
1875           5885.32        6009.88
1876           5885.32        6009.88
1877           5885.32        6009.88
1878           5885.32        6009.88
1879           5885.32        6009.88
1880           5885.32        6009.88
1881           5885.32        6009.88
1882           5885.32        6009.88
1883           5885.32        6009.88
1884           5885.32        6009.88
1885           5885.32        6009.88
1886           5885.32        6009.88
1887           5885.32        6009.88
1888           5885.32        6009.88
1889           5885.32        6009.88
1890           5885.32        6009.88
1891           5885.32        6009.88
1892           5885.32        6009.88
1893           5885.32        6009.88
1894           5885.32        6009.88
1895           5885.32        6009.88
1896           5885.32        6009.88
1897           5885.32        6009.88
1898           5885.32        6009.88
1899           5885.32        6009.88
1900           5885.32        6009.88
1901           5885.32        6009.88
1902           5885.32        6009.88
1903           5885.32        6009.88
1904           5885.32        6009.88
1905           5885.32        6009.88
1906           5885.32        6009.88
1907           5885.32        6009.88
1908           5885.32        6009.88
1909           5885.32        6009.88
1910           5885.32        6009.88
1911           5885.32        6009.88
1912           5885.32        6009.88
1913           5885.32        6009.88
1914           5885.32        6009.88
1915           5885.32        6009.88
1916           5885.32         6009.8
1917           5885.32         6009.8
1918           5885.32         6009.8
1919           5885.32         6009.8
1920           5885.32         6009.8
1921           5885.32         6009.8
1922           5885.32         6009.8
1923           5885.32         6009.8
1924           5885.32         6009.8
1925           5885.32         6009.8
1926           5885.32         6009.8
1927           5885.32         6009.8
1928           5885.32         6009.8
1929           5885.32         6009.8
1930           5885.32         6009.8
1931           5885.32         6009.8
1932           5885.32         6009.8
1933           5885.32         6009.8
1934           5885.32         6009.8
1935           5885.32         6009.8
1936           5885.32         6009.8
1937           5885.32         6009.8
1938           5885.32         6009.8
1939           5885.32         6009.8
1940           5885.32         6009.8
1941           5885.32         6009.8
1942           5885.32         6009.8
1943           5885.32         6009.8
1944           5885.32         6009.8
1945           5885.32         6009.8
1946           5885.32         6009.8
1947           5885.32         6009.8
1948           5885.32         6009.8
1949           5885.32         6009.8
1950           5885.32         6009.8
1951           5885.32         6009.8
1952           5885.32         6009.8
1953           5885.32         6009.8
1954           5885.32         6009.8
1955           5885.32         6009.8
1956           5885.32         6009.8
1957           5885.32         6009.8
1958           5885.32         6009.8
1959           5885.32         6009.8
1960           5885.32         6009.8
1961           5885.32         6009.8
1962           5885.32         6009.8
1963           5885.32         6009.8
1964           5885.32         6009.8
1965           5885.32         6009.8
1966           5885.32         6009.8
1967           5885.32         6009.8
1968           5885.32         6009.8
1969           5885.32         6009.8
1970           5885.32         6009.8
1971           5885.32         6009.8
1972           5885.32         6009.8
1973           5885.32         6009.8
1974           5885.32         6009.8
1975           5885.32         6009.8
1976           5885.32         6009.8
1977           5885.32         6009.8
1978           5885.32         6009.8
1979           5885.32         6009.8
1980           5885.32         6009.8
1981           5885.32         6009.8
1982           5885.32         6009.8
1983           5885.32         6009.8
1984           5885.32         6009.8
1985           5885.32         6009.8
1986           5885.32         6009.8
1987           5885.32         6009.8
1988           5885.32         6009.8
1989           5885.32         6009.8
1990           5885.32         6009.8
1991           5885.32         6009.8
1992           5885.32         6009.8
1993           5885.32         6009.8
1994           5885.32         6009.8
1995           5885.32         6009.8
1996           5885.32         6009.8
1997           5885.32         6009.8
1998           5885.32        6009.79
1999           5885.32        6009.79
2000           5885.32        6009.79
2001           5885.32        6009.79
2002           5885.32        6009.79
2003           5885.32        6009.79
2004           5885.32        6009.79
2005           5885.32        6009.79
2006           5885.32        6009.79
2007           5885.32        6009.79
2008           5885.32        6009.79
2009           5885.32        6009.79
2010           5885.32        6009.79
2011           5885.32        6009.79
2012           5885.32        6009.79
2013           5885.32        6009.79
2014           5885.32        6009.79
2015           5885.32        6009.79
2016           5885.32        6009.79
2017           5885.32        6009.79
2018           5885.32        6009.79
2019           5885.32        6009.79
2020           5885.32        6009.79
2021           5885.32        6009.79
2022           5885.32        6009.79
2023           5885.32        6009.79
2024           5885.32        6009.79
2025           5885.32        6009.79
2026           5885.32        6009.79
2027           5885.32        6009.79
2028           5885.32        6009.79
2029           5885.32        6009.79
2030           5885.32        6009.79
2031           5885.32        6009.79
2032           5885.32        6009.79
2033           5885.32        6009.79
2034           5885.32        6009.79
2035           5885.32        6009.79
2036           5885.32        6009.79
2037           5885.32        6009.79
2038           5885.32        6009.79
2039           5885.32        6009.79
2040           5885.32        6009.79
2041           5885.32        6009.79
2042           5885.32        6009.79
2043           5885.32        6009.79
2044           5885.32        6009.79
2045           5885.32        6009.79
2046           5885.32        6009.79
2047           5885.32        6009.79
2048           5885.32        6009.79
2049           5885.32        6009.79
2050           5885.32        6009.79
2051           5885.32        6009.79
2052           5885.32        6009.79
2053           5885.32        6009.79
2054           5885.32        6009.79
2055           5885.32        6009.79
2056           5885.32        6009.79
2057           5885.32        6009.79
2058           5885.32        6009.79
2059           5885.32        6009.79
2060           5885.32        6009.79
2061           5885.32        6009.79
2062           5885.32        6009.79
2063           5885.32        6009.79
2064           5885.32        6009.79
2065           5885.32        6009.79
2066           5885.32        6009.79
2067           5885.32        6009.79
2068           5885.32        6009.79
2069           5885.32        6009.79
2070           5885.32        6009.79
2071           5885.32        6009.79
2072           5885.32        6009.79
2073           5885.32        6009.79
2074           5885.32        6009.79
2075           5885.32        6009.79
2076           5885.32        6009.79
2077           5885.32        6009.79
2078           5885.32        6009.79
2079           5885.32        6009.79
2080           5885.32        6009.79
2081           5885.32        6009.79
2082           5885.32        6009.79
2083           5885.32        6009.79
2084           5885.32        6009.79
2085           5885.32        6009.79
2086           5885.32        6009.79
2087           5885.32        6009.79
2088           5885.32        6009.79
2089           5885.32        6009.79
2090           5885.32        6009.79
2091           5885.32        6009.79
2092           5885.32        6009.79
2093           5885.32        6009.79
2094           5885.32        6009.79
2095           5885.32        6009.79
2096           5885.32        6009.79
2097           5885.32        6009.79
2098           5885.32        6009.79
2099           5885.32        6009.79
2100           5885.32        6009.79
2101           5885.32        6009.79
2102           5885.32        6009.79
2103           5885.32        6009.79
2104           5885.32        6009.79
2105           5885.32        6009.79
2106           5885.32        6009.79
2107           5885.32        6009.79
2108           5885.32        6009.79
2109           5885.32        6009.79
2110           5885.32        6009.79
2111           5885.32        6009.79
2112           5885.32        6009.79
2113           5885.32        6009.79
2114           5885.32        6009.79
2115           5885.32        6009.79
2116           5885.32        6009.79
2117           5885.32        6009.79
2118           5885.32        6009.79
2119           5885.32        6009.79
2120           5885.32        6009.79
2121           5885.32        6009.79
2122           5885.32        6009.79
2123           5885.32        6009.79
2124           5885.32        6009.79
2125           5885.32        6009.79
2126           5885.32        6009.79
2127           5885.32        6009.79
2128           5885.32        6009.79
2129           5885.32        6009.79
2130           5885.32        6009.79
2131           5885.32        6009.79
2132           5885.32        6009.79
2133           5885.32        6009.79
2134           5885.32        6009.79
2135           5885.32        6009.79
2136           5885.32        6009.79
2137           5885.32        6009.79
2138           5885.32        6009.79
2139           5885.32        6009.79
2140           5885.32        6009.79
2141           5885.32        6009.79
2142           5885.32        6009.79
2143           5885.32        6009.79
2144           5885.32        6009.79
2145           5885.32        6009.79
2146           5885.32        6009.79
2147           5885.32        6009.79
2148           5885.32        6009.79
2149           5885.32        6009.79
2150           5885.32        6009.79
2151           5885.32        6009.79
2152           5885.32        6009.78
2153           5885.32        6009.78
2154           5885.32        6009.78
2155           5885.32        6009.78
2156           5885.32        6009.78
2157           5885.32        6009.78
2158           5885.32        6009.78
2159           5885.32        6009.78
2160           5885.32        6009.78
2161           5885.32        6009.78
2162           5885.32        6009.78
2163           5885.32        6009.78
2164           5885.32        6009.78
2165           5885.32        6009.78
2166           5885.32        6009.78
2167           5885.32        6009.78
2168           5885.32        6009.78
2169           5885.32        6009.78
2170           5885.32        6009.78
2171           5885.32        6009.78
2172           5885.32        6009.78
2173           5885.32        6009.78
2174           5885.32        6009.78
2175           5885.32        6009.78
2176           5885.32        6009.78
2177           5885.32        6009.78
2178           5885.32        6009.78
2179           5885.32        6009.78
2180           5885.32        6009.78
2181           5885.32        6009.78
2182           5885.32        6009.78
2183           5885.32        6009.78
2184           5885.32        6009.78
2185           5885.32        6009.78
2186           5885.32        6009.78
2187           5885.32        6009.78
2188           5885.32        6009.78
2189           5885.32        6009.78
2190           5885.32        6009.78
2191           5885.32        6009.78
2192           5885.32        6009.78
2193           5885.32        6009.78
2194           5885.32        6009.78
2195           5885.32        6009.78
2196           5885.32        6009.78
2197           5885.32        6009.78
2198           5885.32        6009.78
2199           5885.32        6009.78
2200           5885.32        6009.78
2201           5885.32        6009.78
2202           5885.32        6009.78
2203           5885.32        6009.78
2204           5885.32        6009.78
2205           5885.32        6009.78
2206           5885.32        6009.78
2207           5885.32        6009.78
2208           5885.32        6009.78
2209           5885.32        6009.78
2210           5885.32        6009.78
2211           5885.32        6009.78
2212           5885.32        6009.78
2213           5885.32        6009.78
2214           5885.32        6009.78
2215           5885.32        6009.78
2216           5885.32        6009.78
2217           5885.32        6009.78
2218           5885.32        6009.78
2219           5885.32        6009.78
2220           5885.32        6009.78
2221           5885.32        6009.78
2222           5885.32        6009.78
2223           5885.32        6009.78
2224           5885.32        6009.78
2225           5885.32        6009.78
2226           5885.32        6009.78
2227           5885.32        6009.78
2228           5885.32        6009.78
2229           5885.32        6009.78
2230           5885.32        6009.78
2231           5885.32        6009.78
2232           5885.32        6009.78
2233           5885.32        6009.78
2234           5885.32        6009.78
2235           5885.32        6009.78
2236           5885.32        6009.78
2237           5885.32        6009.78
2238           5885.32        6009.78
2239           5885.32        6009.78
2240           5885.32        6009.78
2241           5885.32        6009.78
2242           5885.32        6009.78
2243           5885.32        6009.78
2244           5885.32        6009.78
2245           5885.32        6009.78
2246           5885.32        6009.78
2247           5885.32        6009.78
2248           5885.32        6009.78
2249           5885.32        6009.78
2250           5885.32        6009.78
2251           5885.32        6009.78
2252           5885.32        6009.78
2253           5885.32        6009.78
2254           5885.32        6009.78
2255           5885.32        6009.78
2256           5885.32        6009.78
2257           5885.32        6009.78
2258           5885.32        6009.78
2259           5885.32        6009.78
2260           5885.32        6009.78
2261           5885.32        6009.78
2262           5885.32        6009.78
2263           5885.32        6009.78
2264           5885.32        6009.78
2265           5885.32        6009.78
2266           5885.32        6009.78
2267           5885.32        6009.78
2268           5885.32        6009.78
2269           5885.32        6009.78
2270           5885.32        6009.78
2271           5885.32        6009.78
2272           5885.32        6009.78
2273           5885.32        6009.78
2274           5885.32        6009.78
2275           5885.32        6009.78
2276           5885.32        6009.78
2277           5885.32        6009.78
2278           5885.32        6009.78
2279           5885.32        6009.78
2280           5885.32        6009.78
2281           5885.32        6009.78
2282           5885.32        6009.78
2283           5885.32        6009.78
2284           5885.32        6009.78
2285           5885.32        6009.78
2286           5885.32        6009.78
2287           5885.32        6009.78
2288           5885.32        6009.78
2289           5885.32        6009.78
2290           5885.32        6009.78
2291           5885.32        6009.78
2292           5885.32        6009.78
2293           5885.32        6009.78
2294           5885.32        6009.78
2295           5885.32        6009.78
2296           5885.32        6009.78
2297           5885.32        6009.78
2298           5885.32        6009.78
2299           5885.32        6009.78
2300           5885.32        6009.78
2301           5885.32        6009.78
2302           5885.32        6009.78
2303           5885.32        6009.78
2304           5885.32        6009.78
2305           5885.32        6009.78
2306           5885.32        6009.78
2307           5885.32        6009.78
2308           5885.32        6009.78
2309           5885.32        6009.78
2310           5885.32        6009.78
2311           5885.32        6009.78
2312           5885.32        6009.78
2313           5885.32        6009.78
2314           5885.32        6009.78
2315           5885.32        6009.78
2316           5885.32        6009.78
2317           5885.32        6009.78
2318           5885.32        6009.78
2319           5885.32        6009.78
2320           5885.32        6009.78
2321           5885.32        6009.78
2322           5885.32        6009.78
2323           5885.32        6009.78
2324           5885.32        6009.78
2325           5885.32        6009.78
2326           5885.32        6009.78
2327           5885.32        6009.78
2328           5885.32        6009.78
2329           5885.32        6009.78
2330           5885.32        6009.78
2331           5885.32        6009.78
2332           5885.32        6009.78
2333           5885.32        6009.78
2334           5885.32        6009.78
2335           5885.32        6009.78
2336           5885.32        6009.78
2337           5885.32        6009.78
2338           5885.32        6009.78
2339           5885.32        6009.78
2340           5885.32        6009.78
2341           5885.32        6009.78
2342           5885.32        6009.78
2343           5885.32        6009.78
2344           5885.32        6009.78
2345           5885.32        6009.78
2346           5885.32        6009.78
2347           5885.32        6009.78
2348           5885.32        6009.78
2349           5885.32        6009.78
2350           5885.32        6009.78
2351           5885.32        6009.78
2352           5885.32        6009.78
2353           5885.32        6009.78
2354           5885.32        6009.78
2355           5885.32        6009.78
2356           5885.32        6009.78
2357           5885.32        6009.78
2358           5885.32        6009.78
2359           5885.32        6009.78
2360           5885.32        6009.78
2361           5885.32        6009.78
2362           5885.32        6009.78
2363           5885.32        6009.78
2364           5885.32        6009.78
2365           5885.32        6009.78
2366           5885.32        6009.78
2367           5885.32        6009.78
2368           5885.32        6009.78
2369           5885.32        6009.78
2370           5885.32        6009.78
2371           5885.32        6009.78
2372           5885.32        6009.78
2373           5885.32        6009.78
2374           5885.32        6009.78
2375           5885.32        6009.78
2376           5885.32        6009.78
2377           5885.32        6009.78
2378           5885.32        6009.78
2379           5885.32        6009.78
2380           5885.32        6009.78
2381           5885.32        6009.78
2382           5885.32        6009.78
2383           5885.32        6009.78
2384           5885.32        6009.78
2385           5885.32        6009.78
2386           5885.32        6009.78
2387           5885.32        6009.78
2388           5885.32        6009.78
2389           5885.32        6009.78
2390           5885.32        6009.78
2391           5885.32        6009.78
2392           5885.32        6009.78
2393           5885.32        6009.78
2394           5885.32        6009.78
2395           5885.32        6009.78
2396           5885.32        6009.78
2397           5885.32        6009.78
2398           5885.32        6009.78
2399           5885.32        6009.78
2400           5885.32        6009.78
2401           5885.32        6009.78
2402           5885.32        6009.78
2403           5885.32        6009.78
2404           5885.32        6009.78
2405           5885.32        6009.78
2406           5885.32        6009.78
2407           5885.32        6009.78
2408           5885.32        6009.78
2409           5885.32        6009.78
2410           5885.32        6009.78
2411           5885.32        6009.78
2412           5885.32        6009.78
2413           5885.32        6009.78
2414           5885.32        6009.78
2415           5885.32        6009.78
2416           5885.32        6009.78
2417           5885.32        6009.78
2418           5885.32        6009.78
2419           5885.32        6009.78
2420           5885.32        6009.78
2421           5885.32        6009.78
2422           5885.32        6009.78
2423           5885.32        6009.78
2424           5885.32        6009.78
2425           5885.32        6009.78
2426           5885.32        6009.78
2427           5885.32        6009.78
2428           5885.32        6009.78
2429           5885.32        6009.78
2430           5885.32        6009.78
2431           5885.32        6009.77
2432           5885.32        6009.77
2433           5885.32        6009.77
2434           5885.32        6009.77
2435           5885.32        6009.77
2436           5885.32        6009.77
2437           5885.32        6009.77
2438           5885.32        6009.77
2439           5885.32        6009.77
2440           5885.32        6009.77
2441           5885.32        6009.77
2442           5885.32        6009.77
2443           5885.32        6009.77
2444           5885.32        6009.77
2445           5885.32        6009.77
2446           5885.32        6009.77
2447           5885.32        6009.77
2448           5885.32        6009.77
2449           5885.32        6009.77
2450           5885.32        6009.77
2451           5885.32        6009.77
2452           5885.32        6009.77
2453           5885.32        6009.77
2454           5885.32        6009.77
2455           5885.32        6009.77
2456           5885.32        6009.77
2457           5885.32        6009.77
2458           5885.32        6009.77
2459           5885.32        6009.77
2460           5885.32        6009.77
2461           5885.32        6009.77
2462           5885.32        6009.77
2463           5885.32        6009.77
2464           5885.32        6009.77
2465           5885.32        6009.77
2466           5885.32        6009.77
2467           5885.32        6009.77
2468           5885.32        6009.77
2469           5885.32        6009.77
2470           5885.32        6009.77
2471           5885.32        6009.77
2472           5885.32        6009.77
2473           5885.32        6009.77
2474           5885.32        6009.77
2475           5885.32        6009.77
2476           5885.32        6009.77
2477           5885.32        6009.77
2478           5885.32        6009.77
2479           5885.32        6009.77
2480           5885.32        6009.77
2481           5885.32        6009.77
2482           5885.32        6009.77
2483           5885.32        6009.77
2484           5885.32        6009.77
2485           5885.32        6009.77
2486           5885.32        6009.77
2487           5885.32        6009.77
2488           5885.32        6009.77
2489           5885.32        6009.77
2490           5885.32        6009.77
2491           5885.32        6009.77
2492           5885.32        6009.77
2493           5885.32        6009.77
2494           5885.32        6009.77
2495           5885.32        6009.77
2496           5885.32        6009.77
2497           5885.32        6009.77
2498           5885.32        6009.77
2499           5885.32        6009.77
2500           5885.32        6009.77
