#ITER       #BEST_FO       #MEDIA_FO
1                 0    5.02071e+07
2                 0    3.26383e+07
3                 0         702549
4                 0        52370.5
5                 0        34801.1
6                 0        32581.2
7                 0        29633.3
8                 0        26131.7
9                 0          23517
10                 0        21510.3
11                 0          19928
12                 0        19206.7
13                 0        17261.5
14                 0        16210.6
15                 0        15774.8
16                 0        14696.1
17                 0        14357.6
18                 0          13642
19                 0        13111.4
20                 0        13100.8
21                 0        13099.8
22                 0        12824.6
23                 0        12398.7
24                 0          12132
25                 0        12056.7
26                 0        11716.1
27                 0        11562.1
28                 0        11236.1
29                 0        11224.5
30                 0        10848.2
31                 0        10647.9
32                 0        10328.9
33                 0        10123.2
34                 0        10014.1
35                 0        9726.83
36                 0        9721.08
37                 0         9595.1
38                 0        9565.73
39                 0        9538.95
40                 0        9404.19
41                 0        9312.49
42                 0        9117.99
43                 0        8993.24
44                 0        8912.52
45                 0        8903.39
46                 0        8839.36
47                 0        8807.11
48                 0        8791.54
49                 0        8693.54
50                 0        8437.71
51                 0        8366.85
52                 0        8218.01
53                 0        8135.54
54                 0        8133.89
55                 0        8070.26
56                 0         7985.5
57                 0        7970.26
58                 0        7911.74
59                 0        7838.34
60                 0        7833.44
61                 0        7833.34
62                 0        7815.14
63                 0        7719.74
64                 0        7693.98
65                 0        7693.46
66                 0        7657.66
67                 0        7656.94
68                 0        7607.24
69                 0        7564.87
70                 0        7509.54
71                 0        7487.04
72                 0        7422.79
73                 0        7334.56
74                 0        7264.95
75                 0        7263.56
76                 0        7182.24
77                 0        7166.93
78                 0        7112.69
79                 0        7111.61
80                 0        7091.05
81                 0        7090.64
82                 0        7048.66
83                 0        7020.46
84                 0        6970.15
85                 0        6922.19
86                 0        6823.78
87                 0        6748.98
88                 0        6747.49
89                 0        6727.21
90                 0        6722.55
91                 0        6676.25
92                 0        6675.33
93                 0        6666.33
94                 0        6659.82
95                 0        6619.78
96                 0        6609.54
97                 0        6609.33
98                 0        6609.33
99                 0        6607.52
100                 0        6607.48
101                 0        6560.07
102                 0        6533.35
103                 0        6530.26
104                 0        6527.46
105                 0        6518.54
106                 0        6492.48
107                 0        6475.57
108                 0        6475.24
109                 0        6475.23
110                 0        6475.23
111                 0        6468.93
112                 0        6468.81
113                 0        6468.81
114                 0        6468.81
115                 0        6457.92
116                 0        6457.71
117                 0        6452.66
118                 0        6447.26
119                 0        6443.28
120                 0        6441.85
121                 0        6441.82
122                 0        6436.34
123                 0        6436.23
124                 0        6436.23
125                 0        6436.23
126                 0        6411.01
127                 0        6399.47
128                 0        6388.51
129                 0        6387.41
130                 0        6363.75
131                 0        6363.27
132                 0        6363.26
133                 0        6359.12
134                 0        6340.64
135                 0        6340.27
136                 0        6340.27
137                 0        6338.96
138                 0        6326.09
139                 0        6323.63
140                 0        6321.37
141                 0        6317.99
142                 0        6303.77
143                 0         6298.7
144                 0        6279.36
145                 0        6278.97
146                 0        6278.96
147                 0        6268.71
148                 0        6268.51
149                 0        6260.74
150                 0        6257.77
151                 0        6255.86
152                 0        6253.77
153                 0        6253.73
154                 0        6246.41
155                 0        6242.83
156                 0        6229.18
157                 0         6227.9
158                 0        6227.87
159                 0        6227.87
160                 0        6220.14
161                 0        6219.99
162                 0        6219.99
163                 0        6219.99
164                 0        6211.52
165                 0        6211.35
166                 0        6211.34
167                 0        6211.34
168                 0        6211.34
169                 0        6211.34
170                 0        6210.45
171                 0        6196.63
172                 0        6196.35
173                 0        6196.35
174                 0        6191.69
175                 0        6191.03
176                 0        6191.02
177                 0        6165.93
178                 0        6162.89
179                 0        6162.83
180                 0        6160.02
181                 0        6159.96
182                 0        6159.96
183                 0        6159.96
184                 0        6159.96
185                 0        6157.45
186                 0         6157.4
187                 0         6157.4
188                 0         6157.4
189                 0        6148.84
190                 0        6148.67
191                 0        6148.67
192                 0        6148.67
193                 0        6146.08
194                 0        6146.02
195                 0        6146.02
196                 0        6146.02
197                 0        6135.46
198                 0        6135.25
199                 0        6135.24
200                 0        6130.56
201                 0        6130.46
202                 0        6129.66
203                 0        6129.64
204                 0        6123.84
205                 0        6123.72
206                 0        6123.72
207                 0        6118.06
208                 0        6117.64
209                 0        6117.63
210                 0        6117.63
211                 0        6117.63
212                 0        6117.63
213                 0        6117.63
214                 0        6117.63
215                 0        6117.63
216                 0        6117.63
217                 0        6111.87
218                 0        6110.36
219                 0        6110.33
220                 0        6103.37
221                 0        6103.23
222                 0        6100.54
223                 0        6100.49
224                 0        6100.48
225                 0        6100.31
226                 0        6100.31
227                 0        6100.31
228                 0        6100.31
229                 0        6100.31
230                 0        6100.31
231                 0        6100.31
232                 0        6100.31
233                 0        6097.94
234                 0         6097.9
235                 0         6097.9
236                 0         6097.9
237                 0         6097.9
238                 0        6096.22
239                 0        6095.87
240                 0        6095.87
241                 0        6095.87
242                 0        6095.87
243                 0         6088.2
244                 0        6076.94
245                 0        6071.13
246                 0        6069.44
247                 0        6069.41
248                 0        6065.69
249                 0        6065.61
250                 0        6065.61
251                 0        6065.61
252                 0        6065.61
253                 0        6065.61
254                 0        6065.61
255                 0        6065.61
256                 0        6065.61
257                 0        6065.61
258                 0        6065.61
259                 0        6065.61
260                 0        6065.61
261                 0        6065.61
262                 0        6065.61
263                 0        6065.47
264                 0        6065.46
265                 0        6059.61
266                 0        6059.49
267                 0        6059.49
268                 0        6059.49
269                 0        6059.49
270                 0        6059.49
271                 0        6059.49
272                 0        6059.49
273                 0        6059.49
274                 0        6059.49
275                 0        6058.01
276                 0        6057.98
277                 0        6057.98
278                 0        6057.98
279                 0        6057.98
280                 0        6057.98
281                 0        6055.54
282                 0        6055.49
283                 0        6055.49
284                 0        6055.49
285                 0        6055.32
286                 0         6052.6
287                 0        6052.55
288                 0        6052.55
289                 0        6052.55
290                 0        6052.55
291                 0        6050.55
292                 0        6050.51
293                 0        6050.51
294                 0        6050.51
295                 0        6050.51
296                 0        6050.51
297                 0        6050.51
298                 0        6050.51
299                 0        6050.42
300                 0        6050.42
301                 0        6050.42
302                 0        6050.42
303                 0        6050.42
304                 0        6050.39
305                 0        6050.39
306                 0        6050.39
307                 0        6050.39
308                 0        6050.39
309                 0        6050.39
310                 0        6050.39
311                 0        6050.39
312                 0        6050.39
313                 0        6050.39
314                 0        6050.39
315                 0        6050.39
316                 0        6050.39
317                 0        6050.39
318                 0        6050.39
319                 0        6050.39
320                 0        6048.27
321                 0        6048.22
322                 0        6048.22
323                 0        6048.22
324                 0        6048.22
325                 0         6043.4
326                 0        6043.31
327                 0        6041.68
328                 0        6041.65
329                 0        6041.65
330                 0         6040.6
331                 0        6040.58
332                 0        6038.75
333                 0        6038.71
334                 0        6038.71
335                 0        6038.71
336                 0        6038.71
337                 0        6038.71
338                 0        6038.71
339                 0        6038.71
340                 0        6038.71
341                 0        6038.71
342                 0        6038.35
343                 0        6035.86
344                 0        6035.81
345                 0        6035.72
346                 0        6033.53
347                 0        6025.81
348                 0        6024.31
349                 0        6024.28
350                 0        6024.28
351                 0        6024.28
352                 0        6024.28
353                 0        6024.28
354                 0        6024.28
355                 0        6024.28
356                 0        6024.28
357                 0        6024.28
358                 0        6023.88
359                 0        6023.87
360                 0        6023.18
361                 0        6021.69
362                 0        6021.66
363                 0        6021.66
364                 0        6021.66
365                 0        6021.66
366                 0        6021.66
367                 0        6021.66
368                 0         6020.7
369                 0        6020.68
370                 0        6019.41
371                 0        6019.38
372                 0        6019.38
373                 0        6019.38
374                 0        6019.38
375                 0        6019.38
376                 0        6015.24
377                 0        6015.16
378                 0        6015.16
379                 0        6015.16
380                 0        6015.16
381                 0        6015.16
382                 0        6015.16
383                 0        6015.07
384                 0        6015.07
385                 0        6013.75
386                 0        6013.72
387                 0        6013.72
388                 0        6013.72
389                 0        6013.72
390                 0        6013.72
391                 0        6013.72
392                 0        6012.23
393                 0         6012.2
394                 0         6012.2
395                 0        6012.18
396                 0        6012.18
397                 0        6012.18
398                 0        6012.18
399                 0        6011.32
400                 0        6010.12
401                 0        6010.09
402                 0         6008.1
403                 0        6008.06
404                 0        6008.06
405                 0        6008.06
406                 0        6008.06
407                 0        6007.95
408                 0        6007.95
409                 0        6007.95
410                 0        6007.95
411                 0        6007.95
412                 0        6007.01
413                 0        6006.99
414                 0        6004.67
415                 0        6004.62
416                 0        6004.62
417                 0        6004.62
418                 0        6004.62
419                 0        6003.91
420                 0        6003.89
421                 0        6003.89
422                 0        6002.97
423                 0        6002.95
424                 0        6002.95
425                 0        6000.56
426                 0        6000.51
427                 0        6000.51
428                 0        6000.51
429                 0        6000.51
430                 0        6000.51
431                 0        6000.51
432                 0        6000.51
433                 0        6000.51
434                 0        6000.51
435                 0        6000.51
436                 0        5997.95
437                 0         5997.9
438                 0         5997.9
439                 0         5997.9
440                 0         5997.9
441                 0         5997.9
442                 0         5997.9
443                 0         5997.9
444                 0        5995.87
445                 0        5995.83
446                 0        5995.83
447                 0        5995.83
448                 0        5995.07
449                 0        5995.05
450                 0        5995.05
451                 0        5995.05
452                 0           5995
453                 0           5995
454                 0           5995
455                 0        5993.43
456                 0         5993.4
457                 0         5993.4
458                 0         5993.4
459                 0         5993.4
460                 0         5993.4
461                 0         5993.4
462                 0         5993.4
463                 0         5993.4
464                 0         5993.4
465                 0         5993.4
466                 0         5993.4
467                 0         5993.4
468                 0         5993.4
469                 0         5993.4
470                 0         5993.4
471                 0         5993.4
472                 0         5993.4
473                 0         5993.4
474                 0        5993.24
475                 0        5993.24
476                 0        5993.24
477                 0        5993.24
478                 0        5993.24
479                 0        5993.24
480                 0        5993.24
481                 0        5993.24
482                 0        5987.06
483                 0        5986.94
484                 0        5986.93
485                 0        5986.93
486                 0        5986.93
487                 0        5986.93
488                 0        5985.08
489                 0        5985.04
490                 0        5985.04
491                 0        5985.04
492                 0        5985.04
493                 0        5985.04
494                 0        5985.04
495                 0        5985.04
496                 0        5985.04
497                 0        5985.04
498                 0        5985.04
499                 0        5985.04
500                 0        5985.04
501                 0        5985.04
502                 0        5985.04
503                 0        5985.04
504                 0        5984.95
505                 0        5982.91
506                 0        5982.87
507                 0        5982.87
508                 0        5982.87
509                 0           5982
510                 0        5981.98
511                 0        5981.98
512                 0        5981.98
513                 0        5981.57
514                 0        5981.56
515                 0        5981.56
516                 0        5981.56
517                 0        5981.56
518                 0        5981.35
519                 0        5981.35
520                 0        5981.18
521                 0        5980.11
522                 0        5980.09
523                 0        5980.09
524                 0        5980.09
525                 0        5980.09
526                 0        5979.35
527                 0        5979.33
528                 0        5979.33
529                 0        5979.33
530                 0        5978.64
531                 0        5978.63
532                 0        5978.63
533                 0        5977.42
534                 0        5977.39
535                 0        5977.39
536                 0        5977.39
537                 0        5977.39
538                 0        5977.39
539                 0        5977.39
540                 0        5976.56
541                 0        5976.54
542                 0        5976.54
543                 0        5976.54
544                 0        5976.54
545                 0        5975.91
546                 0         5975.9
547                 0         5975.9
548                 0         5975.9
549                 0         5975.9
550                 0         5975.9
551                 0         5975.9
552                 0         5975.9
553                 0         5975.9
554                 0         5975.9
555                 0         5975.9
556                 0        5973.23
557                 0        5973.17
558                 0        5973.17
559                 0        5973.17
560                 0        5973.17
561                 0        5973.17
562                 0        5973.17
563                 0        5973.17
564                 0        5973.17
565                 0        5973.17
566                 0        5972.04
567                 0        5972.02
568                 0        5971.96
569                 0        5971.96
570                 0        5971.16
571                 0        5971.15
572                 0        5971.15
573                 0        5967.52
574                 0        5967.45
575                 0        5967.45
576                 0        5967.16
577                 0        5967.15
578                 0        5967.15
579                 0        5967.15
580                 0        5967.15
581                 0        5967.15
582                 0        5966.83
583                 0        5966.83
584                 0        5965.96
585                 0        5965.94
586                 0        5965.94
587                 0        5965.94
588                 0        5965.94
589                 0        5965.94
590                 0        5965.94
591                 0        5963.24
592                 0        5963.19
593                 0        5963.19
594                 0        5960.47
595                 0        5960.42
596                 0        5960.41
597                 0        5960.41
598                 0        5960.41
599                 0        5960.41
600                 0        5960.41
601                 0        5960.41
602                 0        5960.41
603                 0        5960.41
604                 0        5960.31
605                 0        5960.31
606                 0        5960.31
607                 0        5960.31
608                 0        5960.31
609                 0        5960.31
610                 0        5960.31
611                 0        5959.31
612                 0        5959.29
613                 0        5959.29
614                 0        5957.78
615                 0        5957.75
616                 0        5957.75
617                 0        5957.75
618                 0        5957.75
619                 0        5955.25
620                 0         5955.2
621                 0         5955.2
622                 0         5955.2
623                 0         5955.2
624                 0         5955.2
625                 0        5953.76
626                 0        5953.73
627                 0        5953.73
628                 0        5953.73
629                 0        5953.13
630                 0        5953.12
631                 0        5953.12
632                 0        5953.12
633                 0        5953.12
634                 0        5953.12
635                 0        5953.12
636                 0        5953.12
637                 0        5953.12
638                 0        5953.12
639                 0        5952.48
640                 0        5952.47
641                 0        5952.47
642                 0        5952.47
643                 0        5952.47
644                 0        5952.47
645                 0        5952.47
646                 0        5952.47
647                 0        5952.47
648                 0        5952.47
649                 0        5952.47
650                 0        5952.47
651                 0        5949.67
652                 0        5949.61
653                 0        5949.61
654                 0        5949.13
655                 0        5949.12
656                 0        5949.12
657                 0        5949.12
658                 0        5949.12
659                 0        5949.12
660                 0        5949.12
661                 0        5948.59
662                 0        5948.58
663                 0        5948.58
664                 0        5948.58
665                 0        5948.58
666                 0        5948.58
667                 0        5948.58
668                 0        5948.58
669                 0        5948.58
670                 0        5948.58
671                 0        5948.58
672                 0        5948.58
673                 0        5948.58
674                 0        5948.58
675                 0        5948.58
676                 0        5948.56
677                 0        5948.56
678                 0        5948.56
679                 0        5948.56
680                 0        5948.56
681                 0        5948.56
682                 0        5948.56
683                 0        5948.56
684                 0        5948.34
685                 0        5948.34
686                 0        5948.34
687                 0        5948.34
688                 0        5948.34
689                 0        5948.34
690                 0        5948.34
691                 0        5948.34
692                 0        5948.34
693                 0        5947.26
694                 0        5947.24
695                 0        5947.24
696                 0        5947.24
697                 0        5947.24
698                 0        5947.24
699                 0        5946.43
700                 0        5946.42
701                 0        5946.42
702                 0        5946.42
703                 0        5946.42
704                 0        5946.42
705                 0        5945.65
706                 0        5945.64
707                 0        5945.64
708                 0        5945.64
709                 0        5945.64
710                 0        5945.06
711                 0        5945.05
712                 0        5945.05
713                 0        5945.05
714                 0        5945.05
715                 0        5945.05
716                 0        5945.05
717                 0        5945.05
718                 0        5945.05
719                 0        5945.05
720                 0        5945.05
721                 0        5944.57
722                 0        5944.57
723                 0        5944.56
724                 0        5944.56
725                 0        5944.56
726                 0        5944.56
727                 0        5944.56
728                 0        5944.56
729                 0        5944.56
730                 0        5944.56
731                 0        5944.56
732                 0        5944.56
733                 0        5944.56
734                 0        5944.56
735                 0        5944.56
736                 0        5944.56
737                 0        5944.56
738                 0        5944.56
739                 0        5944.56
740                 0         5943.5
741                 0        5943.47
742                 0        5941.81
743                 0         5941.6
744                 0         5941.6
745                 0         5941.6
746                 0         5941.6
747                 0         5941.6
748                 0         5941.6
749                 0         5941.6
750                 0         5941.6
751                 0         5941.6
752                 0         5941.6
753                 0        5941.31
754                 0        5940.39
755                 0        5940.37
756                 0        5940.37
757                 0        5940.37
758                 0        5940.37
759                 0        5940.37
760                 0        5940.37
761                 0        5940.37
762                 0        5938.33
763                 0        5938.29
764                 0        5938.29
765                 0        5938.29
766                 0        5938.29
767                 0        5938.29
768                 0        5938.29
769                 0        5937.72
770                 0        5937.71
771                 0        5937.71
772                 0        5937.71
773                 0        5937.71
774                 0        5937.71
775                 0        5937.71
776                 0        5937.71
777                 0         5937.1
778                 0        5937.09
779                 0        5937.09
780                 0        5936.57
781                 0        5936.56
782                 0        5936.56
783                 0        5936.56
784                 0        5936.56
785                 0        5936.56
786                 0        5936.56
787                 0        5936.56
788                 0        5936.11
789                 0         5936.1
790                 0         5936.1
791                 0         5936.1
792                 0         5936.1
793                 0         5936.1
794                 0         5936.1
795                 0         5936.1
796                 0        5934.92
797                 0         5934.9
798                 0         5934.9
799                 0         5934.9
800                 0         5934.9
801                 0         5934.9
802                 0         5934.9
803                 0         5934.9
804                 0         5934.9
805                 0         5934.9
806                 0         5934.9
807                 0         5934.9
808                 0         5934.9
809                 0         5934.9
810                 0         5934.9
811                 0        5933.37
812                 0        5933.34
813                 0        5933.34
814                 0        5933.34
815                 0        5933.34
816                 0        5933.34
817                 0        5933.34
818                 0        5933.34
819                 0        5933.34
820                 0        5933.34
821                 0        5933.34
822                 0        5933.34
823                 0        5933.34
824                 0        5933.34
825                 0        5933.34
826                 0        5933.34
827                 0        5933.34
828                 0        5933.34
829                 0        5933.34
830                 0        5933.34
831                 0        5933.34
832                 0        5933.34
833                 0        5931.71
834                 0        5931.67
835                 0        5930.29
836                 0        5930.26
837                 0        5930.26
838                 0        5930.26
839                 0        5930.26
840                 0        5930.26
841                 0        5930.26
842                 0        5930.26
843                 0        5930.26
844                 0        5930.26
845                 0        5930.26
846                 0        5930.26
847                 0        5930.26
848                 0        5930.26
849                 0        5930.26
850                 0        5930.26
851                 0        5930.26
852                 0        5930.26
853                 0        5930.26
854                 0        5930.26
855                 0        5930.26
856                 0        5930.26
857                 0        5929.66
858                 0        5929.65
859                 0        5929.65
860                 0        5929.44
861                 0        5929.43
862                 0        5929.43
863                 0        5929.43
864                 0        5929.43
865                 0        5929.43
866                 0        5929.43
867                 0        5929.11
868                 0         5929.1
869                 0         5929.1
870                 0         5929.1
871                 0         5929.1
872                 0         5929.1
873                 0         5929.1
874                 0         5929.1
875                 0        5927.97
876                 0        5927.95
877                 0        5927.95
878                 0        5927.95
879                 0        5927.95
880                 0        5927.95
881                 0        5927.95
882                 0        5927.95
883                 0        5927.95
884                 0        5927.95
885                 0        5927.95
886                 0        5927.95
887                 0        5927.95
888                 0        5927.95
889                 0        5927.95
890                 0        5927.95
891                 0        5927.95
892                 0        5927.95
893                 0        5927.95
894                 0        5927.95
895                 0        5927.49
896                 0        5927.48
897                 0        5927.48
898                 0        5927.48
899                 0        5927.48
900                 0        5927.48
901                 0        5927.48
902                 0        5927.48
903                 0        5927.48
904                 0        5927.48
905                 0        5925.32
906                 0        5925.28
907                 0        5925.28
908                 0        5925.28
909                 0        5925.28
910                 0        5925.28
911                 0        5925.28
912                 0        5924.03
913                 0           5924
914                 0        5923.26
915                 0        5923.24
916                 0        5923.24
917                 0        5923.24
918                 0        5923.24
919                 0        5923.24
920                 0        5923.24
921                 0        5923.24
922                 0        5923.24
923                 0        5923.24
924                 0        5923.24
925                 0        5923.24
926                 0        5923.24
927                 0        5923.24
928                 0        5923.24
929                 0        5923.24
930                 0        5923.24
931                 0        5923.24
932                 0        5923.24
933                 0        5923.24
934                 0        5922.31
935                 0        5922.29
936                 0         5921.9
937                 0        5921.89
938                 0        5921.89
939                 0        5921.89
940                 0        5921.89
941                 0        5921.89
942                 0        5921.89
943                 0        5921.89
944                 0        5920.54
945                 0        5920.51
946                 0        5920.51
947                 0        5920.51
948                 0        5920.51
949                 0        5920.51
950                 0        5920.51
951                 0        5920.51
952                 0        5920.51
953                 0        5920.51
954                 0        5920.51
955                 0        5920.51
956                 0        5919.82
957                 0        5919.81
958                 0        5919.81
959                 0        5919.81
960                 0        5919.81
961                 0        5919.81
962                 0        5919.81
963                 0        5919.81
964                 0        5919.81
965                 0        5919.81
966                 0        5919.81
967                 0        5919.81
968                 0        5919.81
969                 0        5919.81
970                 0        5919.81
971                 0        5919.81
972                 0        5919.81
973                 0        5919.81
974                 0        5919.81
975                 0        5919.81
976                 0        5918.38
977                 0        5918.35
978                 0        5918.35
979                 0        5918.35
980                 0        5918.35
981                 0        5918.35
982                 0        5918.35
983                 0        5918.35
984                 0        5918.35
985                 0        5918.35
986                 0        5918.35
987                 0        5918.35
988                 0        5918.35
989                 0        5918.35
990                 0        5918.35
991                 0        5918.35
992                 0        5918.35
993                 0        5918.35
994                 0        5918.35
995                 0        5918.35
996                 0        5918.35
997                 0        5918.35
998                 0        5918.35
999                 0        5918.35
1000                 0        5918.35
1001                 0        5918.35
1002                 0        5918.35
1003                 0        5918.35
1004                 0        5918.35
1005                 0        5918.35
1006                 0        5918.35
1007                 0        5918.35
1008                 0        5918.35
1009                 0        5918.35
1010                 0        5918.35
1011                 0        5918.35
1012                 0        5918.35
1013                 0        5918.35
1014                 0        5918.35
1015                 0        5918.35
1016                 0        5918.35
1017                 0        5918.35
1018                 0        5918.35
1019                 0        5918.35
1020                 0        5918.35
1021                 0        5917.51
1022                 0         5917.5
1023                 0        5917.49
1024                 0        5917.49
1025                 0        5917.49
1026                 0        5917.49
1027                 0        5917.49
1028                 0        5917.49
1029                 0        5917.49
1030                 0        5917.49
1031                 0        5917.49
1032                 0        5917.49
1033                 0        5917.49
1034                 0        5917.49
1035                 0        5917.37
1036                 0        5917.37
1037                 0        5917.37
1038                 0        5917.37
1039                 0        5917.37
1040                 0        5917.37
1041                 0        5917.37
1042                 0        5917.37
1043                 0        5917.37
1044                 0        5917.37
1045                 0        5917.37
1046                 0        5917.37
1047                 0        5916.58
1048                 0        5916.57
1049                 0        5916.57
1050                 0        5916.57
1051                 0        5916.57
1052                 0        5916.57
1053                 0        5916.57
1054                 0        5916.57
1055                 0        5916.57
1056                 0        5916.57
1057                 0        5916.57
1058                 0        5916.57
1059                 0        5916.57
1060                 0        5916.57
1061                 0        5916.57
1062                 0         5915.3
1063                 0        5915.28
1064                 0        5915.28
1065                 0        5915.28
1066                 0        5915.28
1067                 0        5915.28
1068                 0        5915.28
1069                 0        5915.28
1070                 0        5915.28
1071                 0        5915.28
1072                 0        5915.28
1073                 0        5915.28
1074                 0        5915.28
1075                 0        5914.89
1076                 0        5914.88
1077                 0        5914.88
1078                 0        5914.88
1079                 0        5914.88
1080                 0        5914.88
1081                 0         5914.7
1082                 0        5914.69
1083                 0        5914.69
1084                 0        5914.69
1085                 0        5914.69
1086                 0        5914.69
1087                 0        5914.69
1088                 0        5914.69
1089                 0        5914.69
1090                 0        5914.69
1091                 0        5914.69
1092                 0        5914.69
1093                 0        5914.69
1094                 0        5914.69
1095                 0        5913.57
1096                 0        5913.55
1097                 0        5913.55
1098                 0        5913.55
1099                 0        5913.55
1100                 0        5912.13
1101                 0         5912.1
1102                 0        5911.49
1103                 0        5911.48
1104                 0        5911.48
1105                 0        5911.48
1106                 0        5911.48
1107                 0        5911.48
1108                 0        5911.48
1109                 0        5911.48
1110                 0        5911.48
1111                 0        5911.48
1112                 0        5910.53
1113                 0        5910.51
1114                 0        5910.51
1115                 0        5910.51
1116                 0        5910.51
1117                 0        5910.51
1118                 0        5910.51
1119                 0        5910.51
1120                 0        5910.51
1121                 0        5910.51
1122                 0        5910.51
1123                 0        5910.51
1124                 0        5910.51
1125                 0        5910.29
1126                 0        5910.28
1127                 0        5910.28
1128                 0        5910.28
1129                 0        5910.28
1130                 0        5910.28
1131                 0        5910.28
1132                 0        5910.28
1133                 0        5910.28
1134                 0        5910.28
1135                 0        5910.28
1136                 0        5910.28
1137                 0        5909.78
1138                 0        5909.77
1139                 0        5909.77
1140                 0        5909.77
1141                 0        5909.77
1142                 0        5909.77
1143                 0        5909.77
1144                 0        5909.39
1145                 0        5909.38
1146                 0        5909.38
1147                 0        5909.38
1148                 0        5909.38
1149                 0        5909.38
1150                 0        5909.38
1151                 0        5909.38
1152                 0        5909.38
1153                 0        5909.38
1154                 0        5909.38
1155                 0        5909.38
1156                 0        5909.38
1157                 0        5909.38
1158                 0        5909.38
1159                 0        5909.38
1160                 0        5909.38
1161                 0        5909.38
1162                 0        5909.38
1163                 0        5909.38
1164                 0        5909.38
1165                 0        5907.96
1166                 0        5907.93
1167                 0        5907.93
1168                 0        5907.93
1169                 0        5907.93
1170                 0        5907.93
1171                 0        5907.93
1172                 0        5907.93
1173                 0        5907.93
1174                 0        5907.93
1175                 0        5907.93
1176                 0        5907.93
1177                 0        5907.93
1178                 0        5907.93
1179                 0        5907.93
1180                 0        5907.93
1181                 0        5907.93
1182                 0        5907.93
1183                 0        5907.93
1184                 0        5907.93
1185                 0        5907.93
1186                 0        5907.93
1187                 0        5907.93
1188                 0        5907.93
1189                 0        5907.93
1190                 0        5907.93
1191                 0        5907.93
1192                 0        5907.93
1193                 0        5907.93
1194                 0        5907.93
1195                 0        5907.93
1196                 0        5907.93
1197                 0        5907.93
1198                 0        5907.93
1199                 0        5907.93
1200                 0        5907.93
1201                 0        5907.93
1202                 0        5907.93
1203                 0        5907.93
1204                 0        5907.93
1205                 0        5907.93
1206                 0        5907.69
1207                 0        5907.69
1208                 0        5907.69
1209                 0        5907.69
1210                 0        5907.69
1211                 0        5907.69
1212                 0        5907.69
1213                 0        5907.69
1214                 0        5907.69
1215                 0        5907.69
1216                 0        5907.69
1217                 0        5907.69
1218                 0        5907.69
1219                 0        5907.69
1220                 0        5907.69
1221                 0        5907.69
1222                 0        5907.69
1223                 0        5907.69
1224                 0        5907.69
1225                 0        5907.69
1226                 0        5907.69
1227                 0        5907.69
1228                 0        5907.69
1229                 0        5907.69
1230                 0        5907.69
1231                 0        5907.69
1232                 0        5907.69
1233                 0        5906.79
1234                 0        5906.78
1235                 0        5906.78
1236                 0        5906.78
1237                 0        5906.78
1238                 0        5906.78
1239                 0        5906.78
1240                 0        5906.78
1241                 0        5906.78
1242                 0        5906.78
1243                 0        5906.78
1244                 0        5906.78
1245                 0        5906.78
1246                 0        5906.78
1247                 0        5906.78
1248                 0        5906.78
1249                 0        5906.78
1250                 0        5906.78
1251                 0        5906.78
1252                 0        5906.78
1253                 0        5906.78
1254                 0        5906.78
1255                 0        5906.78
1256                 0        5906.78
1257                 0        5906.78
1258                 0        5906.78
1259                 0        5906.78
1260                 0        5906.78
1261                 0        5906.78
1262                 0        5906.78
1263                 0        5906.78
1264                 0        5906.78
1265                 0        5906.78
1266                 0        5906.78
1267                 0        5906.78
1268                 0        5906.78
1269                 0        5906.78
1270                 0        5906.78
1271                 0        5906.78
1272                 0        5906.78
1273                 0        5906.78
1274                 0        5905.78
1275                 0        5905.76
1276                 0        5905.76
1277                 0        5905.76
1278                 0        5905.76
1279                 0        5905.76
1280                 0        5905.76
1281                 0        5905.76
1282                 0        5905.76
1283                 0        5905.76
1284                 0        5905.76
1285                 0        5905.76
1286                 0        5905.76
1287                 0        5905.76
1288                 0        5905.76
1289                 0        5905.76
1290                 0        5905.76
1291                 0        5905.76
1292                 0        5905.76
1293                 0        5905.76
1294                 0        5905.46
1295                 0        5905.46
1296                 0        5905.46
1297                 0        5905.46
1298                 0        5905.46
1299                 0        5905.41
1300                 0        5905.41
1301                 0        5905.41
1302                 0        5905.41
1303                 0        5905.41
1304                 0        5905.41
1305                 0        5905.41
1306                 0        5905.41
1307                 0        5905.41
1308                 0        5905.41
1309                 0        5905.41
1310                 0        5905.41
1311                 0        5905.41
1312                 0        5905.41
1313                 0        5905.41
1314                 0        5905.41
1315                 0        5905.41
1316                 0        5905.41
1317                 0        5905.41
1318                 0        5905.41
1319                 0        5905.41
1320                 0        5905.41
1321                 0        5905.41
1322                 0        5905.38
1323                 0        5905.38
1324                 0        5905.38
1325                 0        5905.38
1326                 0        5905.38
1327                 0        5904.93
1328                 0        5904.92
1329                 0        5904.92
1330                 0        5904.92
1331                 0        5904.92
1332                 0        5904.92
1333                 0        5904.59
1334                 0        5904.58
1335                 0        5904.58
1336                 0        5904.58
1337                 0        5904.58
1338                 0        5904.58
1339                 0        5904.58
1340                 0        5904.58
1341                 0        5904.58
1342                 0        5904.58
1343                 0        5904.58
1344                 0        5904.58
1345                 0        5904.58
1346                 0        5904.58
1347                 0        5904.58
1348                 0        5904.58
1349                 0        5904.58
1350                 0        5904.58
1351                 0        5904.58
1352                 0        5904.58
1353                 0        5904.58
1354                 0        5904.58
1355                 0        5904.58
1356                 0        5904.58
1357                 0        5904.58
1358                 0        5904.58
1359                 0        5904.58
1360                 0        5904.11
1361                 0        5904.02
1362                 0        5904.02
1363                 0        5904.02
1364                 0        5904.02
1365                 0        5904.02
1366                 0        5904.02
1367                 0        5904.02
1368                 0        5903.97
1369                 0        5903.97
1370                 0        5903.97
1371                 0        5903.97
1372                 0        5903.97
1373                 0        5903.97
1374                 0        5903.97
1375                 0        5903.97
1376                 0        5903.97
1377                 0        5903.97
1378                 0        5903.97
1379                 0        5903.97
1380                 0        5903.97
1381                 0        5903.97
1382                 0        5903.97
1383                 0        5903.04
1384                 0        5903.02
1385                 0        5903.02
1386                 0        5903.02
1387                 0        5903.02
1388                 0        5903.02
1389                 0        5903.02
1390                 0        5903.02
1391                 0        5903.02
1392                 0        5903.02
1393                 0        5903.02
1394                 0        5903.02
1395                 0        5903.02
1396                 0        5903.02
1397                 0        5903.02
1398                 0        5903.02
1399                 0        5903.02
1400                 0        5903.02
1401                 0        5903.02
1402                 0        5903.02
1403                 0        5903.02
1404                 0        5903.02
1405                 0        5903.02
1406                 0        5903.02
1407                 0        5903.02
1408                 0        5903.02
1409                 0        5903.02
1410                 0        5903.02
1411                 0        5903.02
1412                 0        5903.02
1413                 0        5903.02
1414                 0        5903.02
1415                 0        5903.02
1416                 0        5903.02
1417                 0        5902.89
1418                 0        5902.89
1419                 0        5902.89
1420                 0        5902.89
1421                 0        5902.89
1422                 0        5902.89
1423                 0        5902.89
1424                 0        5902.89
1425                 0        5902.89
1426                 0        5902.89
1427                 0        5902.89
1428                 0        5902.89
1429                 0        5902.89
1430                 0        5902.89
1431                 0        5902.89
1432                 0        5902.89
1433                 0        5902.89
1434                 0        5902.89
1435                 0        5902.89
1436                 0        5902.89
1437                 0        5902.89
1438                 0        5902.89
1439                 0        5902.89
1440                 0        5902.89
1441                 0        5902.89
1442                 0        5902.89
1443                 0        5902.89
1444                 0        5902.89
1445                 0        5902.89
1446                 0        5902.89
1447                 0        5902.89
1448                 0        5902.89
1449                 0        5902.89
1450                 0        5902.89
1451                 0        5902.89
1452                 0        5902.89
1453                 0        5902.89
1454                 0        5902.89
1455                 0        5902.89
1456                 0        5902.89
1457                 0        5902.89
1458                 0        5902.89
1459                 0        5902.06
1460                 0        5902.04
1461                 0        5902.04
1462                 0        5902.04
1463                 0        5902.04
1464                 0        5902.04
1465                 0        5902.04
1466                 0        5902.04
1467                 0        5902.04
1468                 0        5902.04
1469                 0        5902.04
1470                 0        5902.04
1471                 0        5902.04
1472                 0        5902.04
1473                 0        5901.94
1474                 0        5901.94
1475                 0        5901.94
1476                 0        5901.94
1477                 0        5901.94
1478                 0        5901.94
1479                 0        5901.94
1480                 0        5901.94
1481                 0        5901.94
1482                 0        5901.94
1483                 0        5901.94
1484                 0        5901.94
1485                 0        5901.94
1486                 0        5901.94
1487                 0        5901.94
1488                 0        5901.94
1489                 0        5901.94
1490                 0        5901.94
1491                 0        5901.67
1492                 0        5901.66
1493                 0        5901.66
1494                 0        5901.66
1495                 0        5901.66
1496                 0        5901.66
1497                 0        5901.66
1498                 0        5901.66
1499                 0        5901.66
1500                 0        5901.66
1501                 0        5901.66
1502                 0        5901.66
1503                 0        5901.66
1504                 0        5901.66
1505                 0        5901.66
1506                 0        5901.66
1507                 0        5901.66
1508                 0        5901.66
1509                 0        5901.66
1510                 0        5901.66
1511                 0        5901.66
1512                 0        5901.66
1513                 0        5901.66
1514                 0        5901.66
1515                 0        5901.66
1516                 0        5901.66
1517                 0        5901.66
1518                 0        5901.66
1519                 0        5901.66
1520                 0        5901.66
1521                 0        5901.66
1522                 0        5901.66
1523                 0        5901.66
1524                 0        5901.66
1525                 0        5901.66
1526                 0        5901.66
1527                 0        5901.66
1528                 0        5901.66
1529                 0        5900.49
1530                 0        5900.46
1531                 0        5900.46
1532                 0        5900.46
1533                 0        5900.46
1534                 0        5900.46
1535                 0        5900.46
1536                 0        5900.46
1537                 0        5900.46
1538                 0        5900.46
1539                 0        5899.77
1540                 0        5899.76
1541                 0        5899.76
1542                 0        5899.76
1543                 0        5899.76
1544                 0        5899.76
1545                 0        5899.76
1546                 0        5899.76
1547                 0        5899.76
1548                 0        5899.76
1549                 0        5899.76
1550                 0        5899.76
1551                 0        5899.76
1552                 0        5899.76
1553                 0        5899.76
1554                 0        5899.76
1555                 0        5899.76
1556                 0        5899.76
1557                 0        5899.76
1558                 0        5899.76
1559                 0        5899.76
1560                 0        5899.76
1561                 0        5899.76
1562                 0        5899.76
1563                 0        5898.79
1564                 0        5898.77
1565                 0        5898.77
1566                 0        5898.77
1567                 0         5898.7
1568                 0         5898.7
1569                 0         5898.7
1570                 0         5898.7
1571                 0         5898.7
1572                 0         5898.7
1573                 0         5898.7
1574                 0         5898.7
1575                 0         5898.7
1576                 0         5898.7
1577                 0         5898.7
1578                 0         5898.7
1579                 0        5898.48
1580                 0        5898.12
1581                 0        5898.11
1582                 0        5898.11
1583                 0        5898.11
1584                 0        5898.11
1585                 0        5898.11
1586                 0        5898.11
1587                 0        5898.11
1588                 0        5898.11
1589                 0        5898.11
1590                 0        5897.19
1591                 0        5897.17
1592                 0        5897.17
1593                 0        5897.17
1594                 0        5896.91
1595                 0        5896.12
1596                 0        5896.11
1597                 0        5896.11
1598                 0        5896.11
1599                 0        5896.11
1600                 0        5896.11
1601                 0        5896.11
1602                 0        5896.11
1603                 0        5896.11
1604                 0        5896.11
1605                 0        5896.11
1606                 0        5896.11
1607                 0        5896.11
1608                 0        5896.11
1609                 0        5896.11
1610                 0        5896.11
1611                 0         5895.4
1612                 0        5895.39
1613                 0        5895.39
1614                 0        5895.39
1615                 0        5895.39
1616                 0        5895.39
1617                 0        5895.39
1618                 0        5895.39
1619                 0        5895.39
1620                 0        5895.39
1621                 0        5895.39
1622                 0        5895.39
1623                 0        5895.39
1624                 0        5895.39
1625                 0        5895.39
1626                 0        5895.39
1627                 0        5895.39
1628                 0        5895.39
1629                 0        5895.39
1630                 0        5895.39
1631                 0        5895.39
1632                 0        5895.39
1633                 0        5895.39
1634                 0        5895.39
1635                 0        5895.39
1636                 0        5895.39
1637                 0        5895.39
1638                 0        5895.39
1639                 0        5895.39
1640                 0        5895.39
1641                 0        5895.32
1642                 0        5895.32
1643                 0        5895.32
1644                 0        5895.32
1645                 0        5895.32
1646                 0        5895.32
1647                 0        5895.32
1648                 0        5895.32
1649                 0        5895.32
1650                 0        5895.32
1651                 0        5895.32
1652                 0        5895.32
1653                 0        5895.32
1654                 0        5895.32
1655                 0        5895.32
1656                 0        5895.32
1657                 0        5895.32
1658                 0        5895.32
1659                 0        5895.32
1660                 0        5895.32
1661                 0        5895.32
1662                 0        5895.32
1663                 0        5895.32
1664                 0        5895.32
1665                 0        5895.32
1666                 0        5895.32
1667                 0        5895.32
1668                 0        5895.31
1669                 0        5895.31
1670                 0        5895.31
1671                 0        5895.31
1672                 0        5895.31
1673                 0        5895.31
1674                 0        5895.31
1675                 0        5895.31
1676                 0         5894.7
1677                 0        5894.69
1678                 0        5894.69
1679                 0        5894.69
1680                 0        5894.69
1681                 0        5894.69
1682                 0        5894.69
1683                 0        5894.69
1684                 0        5893.94
1685                 0        5893.92
1686                 0        5893.92
1687                 0        5893.92
1688                 0        5893.92
1689                 0        5893.92
1690                 0        5893.92
1691                 0        5893.92
1692                 0        5893.92
1693                 0        5893.92
1694                 0        5893.92
1695                 0        5893.92
1696                 0        5893.92
1697                 0        5893.92
1698                 0        5893.92
1699                 0        5893.92
1700                 0        5893.92
1701                 0        5893.92
1702                 0        5893.92
1703                 0        5893.92
1704                 0        5893.92
1705                 0        5893.92
1706                 0        5893.92
1707                 0        5893.83
1708                 0        5893.83
1709                 0        5893.83
1710                 0        5893.83
1711                 0        5893.83
1712                 0        5893.83
1713                 0        5893.83
1714                 0        5893.83
1715                 0        5893.83
1716                 0        5893.83
1717                 0        5893.83
1718                 0        5893.83
1719                 0        5893.83
1720                 0        5893.83
1721                 0        5893.83
1722                 0        5893.83
1723                 0        5893.83
1724                 0        5893.83
1725                 0        5893.83
1726                 0        5893.83
1727                 0        5893.83
1728                 0        5893.83
1729                 0        5893.83
1730                 0        5893.38
1731                 0        5893.37
1732                 0        5893.37
1733                 0        5893.37
1734                 0        5893.37
1735                 0        5893.37
1736                 0        5893.37
1737                 0        5893.37
1738                 0        5893.37
1739                 0        5893.37
1740                 0        5893.37
1741                 0        5893.37
1742                 0        5893.37
1743                 0        5893.37
1744                 0        5893.37
1745                 0        5893.37
1746                 0        5893.37
1747                 0        5893.37
1748                 0        5893.37
1749                 0        5893.37
1750                 0        5893.37
1751                 0        5893.37
1752                 0        5893.37
1753                 0        5893.37
1754                 0        5893.37
1755                 0        5893.37
1756                 0        5893.37
1757                 0        5893.37
1758                 0        5893.37
1759                 0        5893.37
1760                 0        5893.37
1761                 0        5893.37
1762                 0        5893.37
1763                 0        5893.37
1764                 0        5893.21
1765                 0         5893.2
1766                 0         5893.2
1767                 0         5893.2
1768                 0        5892.92
1769                 0        5892.91
1770                 0        5892.91
1771                 0        5892.91
1772                 0        5892.91
1773                 0        5892.91
1774                 0        5892.91
1775                 0        5892.91
1776                 0        5892.91
1777                 0        5892.91
1778                 0        5892.91
1779                 0        5892.91
1780                 0        5892.91
1781                 0        5892.91
1782                 0        5892.91
1783                 0        5892.91
1784                 0        5892.91
1785                 0        5892.91
1786                 0        5892.91
1787                 0        5892.52
1788                 0        5892.51
1789                 0        5892.51
1790                 0        5892.51
1791                 0        5892.51
1792                 0        5892.51
1793                 0        5892.51
1794                 0        5892.51
1795                 0        5892.51
1796                 0        5892.51
1797                 0        5892.51
1798                 0        5892.51
1799                 0        5891.64
1800                 0        5891.62
1801                 0        5891.62
1802                 0        5890.93
1803                 0        5890.92
1804                 0        5890.92
1805                 0        5890.92
1806                 0        5890.92
1807                 0        5890.92
1808                 0        5890.92
1809                 0        5890.92
1810                 0        5890.92
1811                 0        5890.92
1812                 0        5890.92
1813                 0        5890.92
1814                 0        5890.92
1815                 0        5890.92
1816                 0        5890.92
1817                 0        5890.92
1818                 0        5890.92
1819                 0        5890.92
1820                 0        5890.92
1821                 0        5890.92
1822                 0        5890.92
1823                 0        5890.92
1824                 0        5890.92
1825                 0        5890.92
1826                 0        5890.92
1827                 0        5890.92
1828                 0        5890.92
1829                 0        5890.92
1830                 0        5890.92
1831                 0        5890.92
1832                 0        5890.92
1833                 0        5890.92
1834                 0        5890.92
1835                 0        5890.92
1836                 0        5890.92
1837                 0        5890.92
1838                 0        5890.92
1839                 0        5890.92
1840                 0        5890.92
1841                 0        5890.92
1842                 0        5890.92
1843                 0        5890.92
1844                 0        5890.92
1845                 0        5890.92
1846                 0        5890.92
1847                 0        5890.14
1848                 0        5890.12
1849                 0        5890.12
1850                 0        5890.12
1851                 0        5890.12
1852                 0        5890.12
1853                 0        5890.12
1854                 0        5890.12
1855                 0        5890.12
1856                 0        5890.12
1857                 0        5890.12
1858                 0        5890.12
1859                 0        5890.12
1860                 0        5890.12
1861                 0        5890.12
1862                 0        5890.12
1863                 0        5890.12
1864                 0        5890.12
1865                 0        5890.12
1866                 0        5890.12
1867                 0        5890.12
1868                 0        5890.12
1869                 0        5890.12
1870                 0        5890.12
1871                 0        5890.12
1872                 0        5890.12
1873                 0        5890.12
1874                 0        5890.12
1875                 0        5889.61
1876                 0         5889.6
1877                 0         5889.6
1878                 0         5889.6
1879                 0         5889.6
1880                 0         5889.6
1881                 0         5889.6
1882                 0         5889.6
1883                 0         5889.6
1884                 0         5889.6
1885                 0         5889.6
1886                 0         5889.6
1887                 0         5889.6
1888                 0         5889.6
1889                 0         5889.6
1890                 0         5889.6
1891                 0         5889.6
1892                 0         5889.6
1893                 0         5889.6
1894                 0         5889.6
1895                 0        5888.45
1896                 0        5888.43
1897                 0        5888.43
1898                 0        5888.43
1899                 0        5888.43
1900                 0        5888.43
1901                 0        5888.43
1902                 0        5888.43
1903                 0        5888.43
1904                 0        5888.43
1905                 0        5888.43
1906                 0        5888.11
1907                 0         5888.1
1908                 0         5888.1
1909                 0         5888.1
1910                 0         5888.1
1911                 0         5888.1
1912                 0         5888.1
1913                 0         5888.1
1914                 0         5888.1
1915                 0         5888.1
1916                 0         5888.1
1917                 0         5888.1
1918                 0        5887.89
1919                 0        5887.89
1920                 0        5887.89
1921                 0        5887.89
1922                 0        5887.89
1923                 0        5887.89
1924                 0        5887.89
1925                 0        5887.89
1926                 0        5887.89
1927                 0        5887.89
1928                 0        5887.89
1929                 0        5887.03
1930                 0        5887.01
1931                 0        5887.01
1932                 0        5887.01
1933                 0        5887.01
1934                 0        5887.01
1935                 0        5887.01
1936                 0        5887.01
1937                 0        5887.01
1938                 0        5887.01
1939                 0        5887.01
1940                 0        5887.01
1941                 0        5887.01
1942                 0        5887.01
1943                 0        5887.01
1944                 0        5887.01
1945                 0        5887.01
1946                 0        5887.01
1947                 0        5887.01
1948                 0        5887.01
1949                 0        5886.95
1950                 0        5886.95
1951                 0        5886.95
1952                 0        5886.95
1953                 0        5886.95
1954                 0        5886.95
1955                 0        5886.95
1956                 0        5886.95
1957                 0        5886.95
1958                 0        5886.95
1959                 0        5886.95
1960                 0        5886.95
1961                 0        5886.95
1962                 0        5886.95
1963                 0        5886.95
1964                 0        5886.95
1965                 0        5886.95
1966                 0        5886.95
1967                 0        5886.95
1968                 0        5886.95
1969                 0        5886.25
1970                 0        5886.23
1971                 0        5886.23
1972                 0        5885.14
1973                 0        5885.11
1974                 0        5885.11
1975                 0        5885.11
1976                 0        5885.11
1977                 0        5885.11
1978                 0        5885.11
1979                 0        5885.11
1980                 0        5885.11
1981                 0        5885.11
1982                 0        5885.11
1983                 0        5885.11
1984                 0        5885.11
1985                 0        5885.11
1986                 0        5885.11
1987                 0        5885.11
1988                 0        5885.11
1989                 0        5885.11
1990                 0        5885.11
1991                 0        5885.11
1992                 0        5885.11
1993                 0        5885.11
1994                 0        5885.11
1995                 0        5885.11
1996                 0        5885.11
1997                 0        5885.11
1998                 0        5885.11
1999                 0        5885.11
2000                 0        5885.11
2001                 0        5885.11
2002                 0        5885.11
2003                 0        5885.11
2004                 0        5885.11
2005                 0        5885.11
2006                 0        5885.11
2007                 0        5885.11
2008                 0        5885.11
2009                 0        5885.11
2010                 0        5885.11
2011                 0         5884.4
2012                 0        5883.89
2013                 0        5883.88
2014                 0        5883.88
2015                 0        5883.88
2016                 0        5883.88
2017                 0        5883.88
2018                 0        5883.88
2019                 0        5883.88
2020                 0        5883.88
2021                 0        5883.88
2022                 0        5883.88
2023                 0        5883.88
2024                 0        5883.88
2025                 0        5883.88
2026                 0        5883.88
2027                 0        5883.88
2028                 0        5883.88
2029                 0        5883.88
2030                 0        5883.88
2031                 0        5883.88
2032                 0        5883.88
2033                 0        5883.88
2034                 0        5883.26
2035                 0        5883.24
2036                 0        5883.24
2037                 0        5883.24
2038                 0        5883.24
2039                 0        5883.24
2040                 0        5883.24
2041                 0        5883.24
2042                 0        5883.24
2043                 0        5883.24
2044                 0        5883.24
2045                 0        5883.24
2046                 0        5883.24
2047                 0        5883.01
2048                 0           5883
2049                 0           5883
2050                 0           5883
2051                 0           5883
2052                 0           5883
2053                 0           5883
2054                 0           5883
2055                 0           5883
2056                 0           5883
2057                 0           5883
2058                 0           5883
2059                 0           5883
2060                 0           5883
2061                 0           5883
2062                 0           5883
2063                 0           5883
2064                 0           5883
2065                 0           5883
2066                 0           5883
2067                 0           5883
2068                 0           5883
2069                 0           5883
2070                 0           5883
2071                 0           5883
2072                 0           5883
2073                 0           5883
2074                 0           5883
2075                 0           5883
2076                 0           5883
2077                 0           5883
2078                 0           5883
2079                 0           5883
2080                 0           5883
2081                 0           5883
2082                 0           5883
2083                 0           5883
2084                 0           5883
2085                 0           5883
2086                 0           5883
2087                 0           5883
2088                 0           5883
2089                 0           5883
2090                 0           5883
2091                 0           5883
2092                 0        5882.94
2093                 0        5882.94
2094                 0        5882.94
2095                 0        5881.63
2096                 0         5881.6
2097                 0         5881.6
2098                 0         5881.6
2099                 0         5881.6
2100                 0         5881.6
2101                 0         5881.6
2102                 0         5881.6
2103                 0         5881.6
2104                 0         5881.6
2105                 0         5881.6
2106                 0         5881.6
2107                 0         5881.6
2108                 0         5881.6
2109                 0         5881.6
2110                 0        5880.52
2111                 0         5880.5
2112                 0         5880.5
2113                 0         5880.5
2114                 0         5880.5
2115                 0         5880.5
2116                 0         5880.5
2117                 0         5880.5
2118                 0         5880.5
2119                 0         5880.5
2120                 0         5880.5
2121                 0         5880.5
2122                 0         5880.5
2123                 0         5880.5
2124                 0         5880.5
2125                 0         5880.5
2126                 0         5880.5
2127                 0         5880.5
2128                 0         5880.5
2129                 0         5880.5
2130                 0         5880.5
2131                 0        5880.19
2132                 0        5880.19
2133                 0        5880.19
2134                 0        5880.19
2135                 0        5880.19
2136                 0        5880.19
2137                 0        5880.19
2138                 0        5880.19
2139                 0        5880.19
2140                 0        5880.19
2141                 0        5880.19
2142                 0        5880.19
2143                 0        5880.19
2144                 0           5880
2145                 0           5880
2146                 0           5880
2147                 0           5880
2148                 0           5880
2149                 0           5880
2150                 0           5880
2151                 0           5880
2152                 0           5880
2153                 0           5880
2154                 0           5880
2155                 0           5880
2156                 0           5880
2157                 0           5880
2158                 0           5880
2159                 0        5879.28
2160                 0        5879.27
2161                 0        5879.27
2162                 0        5879.27
2163                 0        5879.27
2164                 0        5879.27
2165                 0        5879.27
2166                 0        5879.27
2167                 0        5879.27
2168                 0        5879.27
2169                 0        5879.27
2170                 0        5879.27
2171                 0        5879.27
2172                 0        5879.27
2173                 0        5879.27
2174                 0        5879.27
2175                 0        5879.27
2176                 0        5879.27
2177                 0        5879.27
2178                 0        5879.27
2179                 0        5879.27
2180                 0        5879.27
2181                 0        5878.92
2182                 0        5878.91
2183                 0        5878.91
2184                 0        5878.29
2185                 0        5878.28
2186                 0        5878.28
2187                 0        5878.28
2188                 0        5878.28
2189                 0        5878.28
2190                 0        5878.28
2191                 0        5878.28
2192                 0        5878.28
2193                 0        5878.28
2194                 0        5878.28
2195                 0        5878.28
2196                 0        5878.28
2197                 0        5878.28
2198                 0        5878.28
2199                 0        5878.28
2200                 0        5878.28
2201                 0        5878.28
2202                 0        5878.28
2203                 0        5878.28
2204                 0        5878.28
2205                 0        5878.28
2206                 0        5878.24
2207                 0        5878.24
2208                 0        5878.24
2209                 0        5878.24
2210                 0        5878.24
2211                 0        5877.92
2212                 0        5877.92
2213                 0        5877.92
2214                 0        5877.92
2215                 0        5877.92
2216                 0        5877.92
2217                 0         5877.8
2218                 0        5877.79
2219                 0        5877.79
2220                 0        5877.79
2221                 0        5877.79
2222                 0        5877.79
2223                 0        5877.79
2224                 0        5877.79
2225                 0        5877.79
2226                 0        5877.79
2227                 0        5877.79
2228                 0        5877.79
2229                 0        5877.79
2230                 0        5877.79
2231                 0        5877.79
2232                 0        5877.79
2233                 0        5877.79
2234                 0        5877.79
2235                 0        5877.79
2236                 0        5877.79
2237                 0        5877.79
2238                 0        5877.79
2239                 0        5877.79
2240                 0        5877.79
2241                 0        5877.79
2242                 0        5877.79
2243                 0        5877.79
2244                 0        5877.79
2245                 0        5877.79
2246                 0        5877.79
2247                 0        5877.79
2248                 0        5877.12
2249                 0         5877.1
2250                 0         5877.1
2251                 0         5877.1
2252                 0         5877.1
2253                 0         5877.1
2254                 0         5877.1
2255                 0         5877.1
2256                 0         5877.1
2257                 0         5877.1
2258                 0        5876.63
2259                 0        5876.62
2260                 0        5876.62
2261                 0        5876.62
2262                 0        5876.62
2263                 0        5876.62
2264                 0        5876.62
2265                 0        5876.62
2266                 0        5876.62
2267                 0        5876.62
2268                 0        5876.62
2269                 0        5876.62
2270                 0        5876.62
2271                 0        5876.62
2272                 0        5876.62
2273                 0        5876.62
2274                 0        5876.62
2275                 0        5876.62
2276                 0        5876.62
2277                 0        5876.62
2278                 0        5876.62
2279                 0        5876.62
2280                 0        5876.62
2281                 0        5876.62
2282                 0        5876.62
2283                 0        5875.48
2284                 0        5875.46
2285                 0        5875.46
2286                 0        5875.46
2287                 0        5875.46
2288                 0        5875.46
2289                 0        5875.46
2290                 0        5875.46
2291                 0        5875.46
2292                 0        5875.46
2293                 0        5875.46
2294                 0        5875.46
2295                 0        5875.46
2296                 0        5875.46
2297                 0        5875.46
2298                 0        5875.46
2299                 0        5875.46
2300                 0        5875.46
2301                 0        5875.46
2302                 0        5875.46
2303                 0        5875.46
2304                 0        5875.46
2305                 0        5875.46
2306                 0        5875.46
2307                 0        5875.46
2308                 0        5875.46
2309                 0        5875.46
2310                 0        5875.46
2311                 0        5875.46
2312                 0        5875.46
2313                 0        5875.46
2314                 0        5875.46
2315                 0        5875.46
2316                 0        5875.46
2317                 0        5875.37
2318                 0        5875.37
2319                 0        5875.37
2320                 0        5875.37
2321                 0        5875.37
2322                 0        5875.37
2323                 0        5875.37
2324                 0        5875.37
2325                 0        5875.37
2326                 0        5875.37
2327                 0        5875.37
2328                 0        5875.37
2329                 0        5875.37
2330                 0        5875.37
2331                 0        5875.37
2332                 0        5875.37
2333                 0        5875.15
2334                 0        5875.15
2335                 0        5875.15
2336                 0        5875.15
2337                 0        5875.15
2338                 0        5875.15
2339                 0        5875.15
2340                 0        5875.15
2341                 0        5875.15
2342                 0        5875.15
2343                 0        5875.15
2344                 0        5875.15
2345                 0        5875.15
2346                 0        5875.15
2347                 0        5875.15
2348                 0        5875.15
2349                 0        5875.15
2350                 0        5875.15
2351                 0        5875.15
2352                 0        5875.15
2353                 0        5875.15
2354                 0        5875.15
2355                 0        5875.15
2356                 0        5874.28
2357                 0        5874.26
2358                 0        5874.26
2359                 0        5874.26
2360                 0        5874.26
2361                 0        5874.26
2362                 0        5874.26
2363                 0        5874.26
2364                 0        5874.26
2365                 0        5874.26
2366                 0        5874.26
2367                 0        5874.26
2368                 0        5874.26
2369                 0        5874.26
2370                 0        5874.26
2371                 0        5874.18
2372                 0        5874.18
2373                 0        5874.18
2374                 0        5874.18
2375                 0        5874.18
2376                 0        5874.18
2377                 0         5873.9
2378                 0        5873.89
2379                 0        5873.89
2380                 0        5873.89
2381                 0        5873.89
2382                 0        5873.89
2383                 0        5873.89
2384                 0        5873.59
2385                 0        5873.59
2386                 0        5873.59
2387                 0        5873.59
2388                 0        5873.59
2389                 0        5873.59
2390                 0        5873.59
2391                 0        5873.59
2392                 0        5873.15
2393                 0        5873.14
2394                 0        5873.14
2395                 0        5873.14
2396                 0        5873.14
2397                 0        5873.14
2398                 0        5873.14
2399                 0        5873.14
2400                 0        5873.14
2401                 0        5873.14
2402                 0        5872.29
2403                 0        5872.27
2404                 0        5872.27
2405                 0        5872.27
2406                 0        5872.27
2407                 0        5872.27
2408                 0        5872.27
2409                 0        5872.27
2410                 0        5872.27
2411                 0        5872.27
2412                 0        5872.27
2413                 0        5872.27
2414                 0        5872.27
2415                 0        5872.27
2416                 0        5872.27
2417                 0        5872.27
2418                 0        5872.27
2419                 0        5872.27
2420                 0        5872.27
2421                 0        5872.27
2422                 0        5872.27
2423                 0        5872.27
2424                 0        5872.27
2425                 0        5872.27
2426                 0        5872.27
2427                 0        5872.03
2428                 0        5872.02
2429                 0        5872.02
2430                 0        5872.02
2431                 0        5872.02
2432                 0        5872.02
2433                 0        5872.02
2434                 0        5872.02
2435                 0        5872.02
2436                 0        5872.02
2437                 0        5872.02
2438                 0        5872.02
2439                 0        5872.02
2440                 0        5872.02
2441                 0        5872.02
2442                 0        5871.84
2443                 0        5871.83
2444                 0        5871.83
2445                 0        5871.83
2446                 0        5871.83
2447                 0        5871.83
2448                 0        5871.83
2449                 0        5871.83
2450                 0        5871.83
2451                 0        5871.83
2452                 0        5871.83
2453                 0        5871.83
2454                 0        5871.83
2455                 0        5871.83
2456                 0        5871.83
2457                 0        5871.83
2458                 0        5871.83
2459                 0        5871.83
2460                 0        5871.83
2461                 0        5871.83
2462                 0        5871.83
2463                 0        5871.83
2464                 0        5871.83
2465                 0        5871.83
2466                 0        5871.83
2467                 0        5871.83
2468                 0        5871.83
2469                 0        5871.83
2470                 0        5871.83
2471                 0        5871.83
2472                 0        5871.83
2473                 0        5871.83
2474                 0        5871.83
2475                 0        5871.83
2476                 0        5871.83
2477                 0        5871.83
2478                 0        5871.83
2479                 0        5871.83
2480                 0        5871.83
2481                 0        5871.83
2482                 0        5871.83
2483                 0        5871.83
2484                 0        5871.83
2485                 0        5871.83
2486                 0        5871.83
2487                 0        5871.83
2488                 0        5871.83
2489                 0        5871.83
2490                 0        5871.77
2491                 0        5871.77
2492                 0        5871.77
2493                 0        5871.77
2494                 0        5871.77
2495                 0        5871.77
2496                 0        5871.14
2497                 0        5871.12
2498                 0        5871.12
2499                 0        5871.12
2500                 0        5871.12
