#ITER       #BEST_FO       #MEDIA_FO
1           6968.26          33680
2           6860.03        9739.14
3            6393.1        8223.74
4           5423.76        7131.51
5              5202        6589.44
6              5202        6043.67
7           5106.51        5717.27
8           5015.13        5530.19
9           4889.44        5340.82
10              4861        5235.55
11           4856.73        5179.43
12           4856.73        5126.86
13           4845.85        5090.58
14           4779.88        5058.98
15           4759.74        5028.67
16           4759.74        4993.66
17           4732.03        4973.44
18           4732.03        4961.78
19           4732.03        4942.35
20           4727.74        4930.55
21           4727.74        4921.72
22           4719.64           4915
23           4709.56        4908.09
24           4709.56        4903.44
25           4698.55        4898.44
26           4698.55        4893.46
27           4698.55        4890.74
28           4694.13        4887.35
29           4694.13           4883
30           4694.13        4880.69
31           4694.13        4877.44
32           4694.13        4875.37
33           4694.13        4872.62
34           4694.13        4870.43
35           4694.13        4868.85
36           4693.22        4866.46
37           4693.22        4864.13
38           4693.22        4862.84
39           4691.19        4861.47
40           4691.19        4860.99
41           4687.85        4859.93
42           4687.85        4858.84
43           4685.66        4858.14
44           4683.74        4856.76
45           4682.72        4856.14
46           4682.72        4854.92
47           4682.25        4854.43
48           4682.25        4853.87
49           4682.25        4853.38
50           4682.25        4852.74
51           4682.25        4851.14
52           4682.25        4851.07
53           4682.25        4850.28
54           4682.25        4849.12
55           4682.25        4848.68
56           4680.49         4847.8
57           4680.49        4847.41
58           4680.49        4846.66
59           4680.49         4846.4
60           4680.49        4846.12
61           4680.49        4845.96
62           4680.49        4845.35
63           4680.49        4844.86
64           4680.49        4844.59
65           4680.49        4844.35
66           4680.49        4844.15
67           4680.49        4843.95
68           4680.37        4843.84
69           4680.37        4843.66
70           4680.37        4843.66
71           4680.37        4843.56
72           4680.37        4843.51
73           4680.37        4843.51
74           4680.37        4843.47
75           4680.37        4843.42
76           4680.37         4843.4
77           4679.98        4843.36
78           4679.98         4843.3
79           4679.98        4843.04
80           4679.98        4843.01
81           4679.98        4842.94
82           4679.98        4842.88
83           4679.22        4842.74
84           4679.22        4842.68
85           4679.22        4842.65
86            4679.2        4842.62
87            4679.2        4842.61
88            4679.2         4842.6
89           4679.09        4842.57
90           4679.09        4842.47
91           4679.09        4842.32
92           4679.09        4842.26
93           4679.09        4842.19
94           4679.09        4842.14
95           4679.09        4842.07
96           4679.09        4841.97
97           4679.09        4841.93
98           4679.09        4841.86
99           4679.09        4841.81
100           4678.86        4841.77
101           4678.86        4841.68
102           4678.86        4841.65
103           4678.86        4841.62
104           4678.86        4841.56
105           4678.86        4841.51
106           4678.86        4841.43
107           4678.86        4841.38
108           4678.86        4841.34
109           4678.86        4841.33
110           4678.86         4841.3
111           4678.86        4841.21
112           4678.86        4841.19
113           4678.86        4841.16
114           4678.86        4841.04
115           4678.86        4841.03
116           4678.86        4840.98
117           4678.86        4840.98
118           4678.84        4840.97
119           4678.67        4840.94
120           4678.67        4840.85
121           4678.67        4840.83
122           4678.67        4840.79
123           4678.67        4840.78
124           4678.67        4840.75
125           4678.65        4840.72
126           4678.65         4840.7
127            4678.6        4840.66
128           4678.57        4840.62
129           4678.57        4840.61
130           4678.57         4840.6
131           4678.57        4840.59
132           4678.57        4840.55
133           4678.57        4840.54
134           4678.57         4840.5
135           4678.57         4840.5
136           4678.57        4840.49
137           4678.57        4840.49
138           4678.57        4840.48
139           4678.57        4840.44
140           4678.57        4840.39
141           4678.57        4840.34
142           4678.57        4840.31
143           4678.57        4840.31
144           4678.57         4840.3
145           4678.57        4840.28
146           4678.56        4840.26
147           4678.46        4840.25
148           4678.32        4840.24
149           4678.32        4840.23
150           4678.28        4840.22
151           4678.28        4840.22
152           4678.28        4840.22
153           4678.28        4840.22
154           4678.28        4840.22
155           4678.28        4840.21
156           4678.28        4840.19
157           4678.28        4840.18
158           4678.28        4840.17
159           4678.28        4840.15
160           4678.28        4840.15
161           4678.28        4840.13
162           4678.28        4840.11
163           4678.22        4840.11
164           4678.22        4840.11
165           4678.22         4840.1
166           4678.22         4840.1
167           4678.22        4840.08
168           4678.22        4840.06
169           4678.22        4840.04
170           4678.22        4840.03
171           4678.22        4840.03
172           4678.22        4840.02
173           4678.16           4840
174           4678.16           4840
175           4678.16        4839.96
176           4678.16        4839.96
177           4678.16        4839.94
178           4678.16        4839.93
179           4678.16        4839.91
180           4678.16        4839.91
181           4678.16        4839.91
182            4678.1         4839.9
183            4678.1         4839.9
184           4678.01        4839.89
185           4678.01        4839.86
186           4678.01        4839.86
187           4678.01        4839.86
188           4678.01        4839.85
189           4677.99        4839.82
190           4677.99        4839.81
191           4677.99         4839.8
192           4677.99         4839.8
193           4677.99         4839.8
194           4677.99        4839.79
195           4677.81        4839.76
196           4677.81        4839.75
197           4677.81        4839.72
198           4677.81        4839.72
199           4677.81        4839.72
200           4677.81         4839.7
201           4677.81         4839.7
202           4677.81         4839.7
203           4677.81         4839.7
204           4677.68        4839.67
205           4677.68        4839.66
206           4677.68        4839.63
207           4677.68        4839.61
208           4677.68        4839.61
209           4677.64        4839.56
210           4677.64        4839.55
211           4677.64        4839.55
212           4677.64        4839.55
213           4677.64        4839.55
214           4677.55        4839.53
215           4677.55        4839.49
216           4677.55        4839.46
217           4677.55        4839.46
218           4677.41        4839.44
219           4677.41        4839.44
220           4677.41        4839.44
221           4677.41        4839.42
222           4677.41        4839.41
223           4677.41        4839.39
224           4677.41        4839.38
225           4677.41        4839.38
226           4677.41        4839.38
227           4677.33        4839.37
228           4677.33        4839.37
229           4677.33        4839.37
230           4677.33        4839.36
231           4677.33        4839.36
232           4677.33        4839.36
233           4677.33        4839.36
234           4677.33        4839.36
235           4677.33        4839.36
236           4677.33        4839.36
237           4677.33        4839.36
238           4677.33        4839.32
239           4677.33        4839.32
240           4677.33        4839.32
241           4677.33        4839.32
242           4677.33        4839.31
243           4677.33        4839.31
244           4677.33         4839.3
245           4677.33         4839.3
246           4677.33         4839.3
247           4677.33         4839.3
248           4677.33         4839.3
249           4677.33        4839.29
250           4677.33        4839.29
251           4677.33        4839.28
252           4677.33        4839.28
253           4677.33        4839.28
254           4677.33        4839.28
255           4677.33        4839.28
256           4677.33        4839.28
257           4677.33        4839.27
258           4677.33        4839.27
259           4677.33        4839.26
260           4677.33        4839.26
261           4677.33        4839.26
262           4677.33        4839.26
263           4677.33        4839.26
264           4677.33        4839.26
265           4677.33        4839.25
266           4677.33        4839.25
267            4677.3        4839.24
268            4677.3        4839.24
269            4677.3        4839.24
270            4677.3        4839.24
271            4677.3        4839.24
272            4677.3        4839.24
273            4677.3        4839.24
274            4677.3        4839.24
275            4677.3        4839.24
276            4677.3        4839.24
277            4677.3        4839.24
278            4677.3        4839.24
279            4677.3        4839.23
280            4677.3        4839.23
281            4677.3        4839.23
282            4677.3        4839.23
283            4677.3        4839.22
284            4677.3        4839.22
285            4677.3        4839.21
286            4677.3        4839.21
287            4677.3         4839.2
288            4677.3         4839.2
289            4677.3         4839.2
290            4677.3        4839.17
291            4677.3        4839.16
292            4677.3        4839.15
293            4677.3        4839.15
294            4677.3        4839.14
295            4677.3        4839.11
296            4677.3        4839.11
297            4677.3        4839.11
298            4677.3        4839.11
299            4677.3        4839.11
300            4677.3        4839.11
301            4677.3         4839.1
302            4677.3         4839.1
303            4677.3         4839.1
304            4677.3         4839.1
305            4677.3         4839.1
306            4677.3         4839.1
307            4677.3         4839.1
308           4677.24         4839.1
309           4677.24         4839.1
310           4677.24         4839.1
311           4677.24         4839.1
312           4677.24         4839.1
313           4677.24        4839.09
314           4677.24        4839.09
315           4677.24        4839.09
316           4677.24        4839.09
317           4677.24        4839.09
318           4677.24        4839.09
319           4677.24        4839.09
320           4677.24        4839.07
321           4677.24        4839.07
322           4677.24        4839.07
323           4677.24        4839.07
324           4677.24        4839.07
325           4677.24        4839.07
326           4677.24        4839.07
327           4677.24        4839.07
328           4677.24        4839.07
329           4677.24        4839.07
330           4677.24        4839.07
331           4677.24        4839.07
332           4677.24        4839.07
333           4677.24        4839.07
334           4677.22        4839.07
335           4677.22        4839.07
336           4677.22        4839.06
337           4677.22        4839.06
338           4677.22        4839.04
339           4677.22        4839.04
340           4677.22        4839.04
341           4677.22        4839.04
342           4677.22        4839.03
343           4677.22        4839.03
344           4677.22        4839.03
345           4677.22        4839.03
346           4677.22        4839.03
347           4677.22        4839.03
348           4677.22        4839.03
349           4677.22        4839.03
350           4677.22        4839.01
351           4677.22        4839.01
352           4677.22        4839.01
353           4677.22        4839.01
354           4677.22        4839.01
355           4677.22        4839.01
356           4677.22        4839.01
357           4677.22        4839.01
358           4677.22        4839.01
359           4677.22        4839.01
360           4677.22        4839.01
361           4677.22        4839.01
362           4677.22        4839.01
363           4677.22        4839.01
364           4677.22        4839.01
365           4677.22           4839
366           4677.22           4839
367           4677.22           4839
368           4677.22        4838.97
369           4677.22        4838.96
370           4677.22        4838.96
371           4677.22        4838.96
372           4677.22        4838.93
373           4677.22        4838.93
374           4677.22        4838.93
375           4677.22        4838.93
376           4677.22        4838.93
377           4677.22        4838.93
378           4677.22        4838.93
379           4677.22        4838.93
380           4677.22        4838.93
381           4677.22        4838.93
382           4677.22        4838.93
383           4677.22        4838.93
384           4677.22        4838.93
385           4677.22        4838.93
386           4677.22        4838.92
387           4677.22        4838.92
388           4677.22        4838.92
389           4677.22        4838.92
390           4677.22        4838.92
391           4677.22        4838.91
392           4677.22        4838.91
393           4677.22         4838.9
394           4677.22         4838.9
395           4677.22         4838.9
396           4677.22         4838.9
397           4677.22         4838.9
398           4677.22        4838.89
399           4677.22        4838.88
400           4677.22        4838.88
401           4677.22        4838.88
402           4677.22        4838.88
403           4677.22        4838.88
404           4677.22        4838.88
405           4677.22        4838.88
406           4677.22        4838.88
407           4677.22        4838.88
408           4677.22        4838.87
409           4677.22        4838.87
410           4677.22        4838.87
411           4677.22        4838.87
412           4677.22        4838.87
413           4677.22        4838.87
414           4677.22        4838.87
415           4677.22        4838.86
416           4677.22        4838.85
417           4677.22        4838.85
418           4677.22        4838.84
419           4677.22        4838.84
420           4677.22        4838.84
421           4677.22        4838.84
422           4677.22        4838.84
423           4677.22        4838.84
424           4677.22        4838.84
425           4677.22        4838.84
426           4677.22        4838.83
427           4677.22        4838.83
428           4677.22        4838.83
429           4677.22        4838.83
430           4677.22        4838.83
431           4677.22        4838.82
432           4677.22        4838.82
433           4677.22        4838.82
434           4677.22        4838.82
435           4677.22        4838.82
436           4677.22        4838.82
437           4677.22        4838.81
438           4677.22        4838.81
439           4677.22        4838.81
440           4677.22         4838.8
441           4677.22         4838.8
442           4677.22         4838.8
443            4677.2         4838.8
444            4677.2         4838.8
445            4677.2        4838.79
446            4677.2        4838.79
447            4677.2        4838.79
448            4677.2        4838.78
449            4677.2        4838.78
450            4677.2        4838.78
451            4677.2        4838.77
452            4677.2        4838.76
453            4677.2        4838.76
454            4677.2        4838.76
455            4677.2        4838.76
456            4677.2        4838.76
457            4677.2        4838.76
458            4677.2        4838.75
459            4677.2        4838.75
460            4677.2        4838.75
461            4677.2        4838.75
462            4677.2        4838.75
463            4677.2        4838.75
464            4677.2        4838.75
465            4677.2        4838.74
466            4677.2        4838.74
467            4677.2        4838.74
468            4677.2        4838.74
469            4677.2        4838.74
470            4677.2        4838.74
471            4677.2        4838.74
472            4677.2        4838.74
473           4677.18        4838.74
474           4677.18        4838.74
475           4677.18        4838.73
476           4677.18        4838.73
477           4677.18        4838.73
478           4677.18        4838.72
479           4677.18        4838.71
480           4677.18        4838.69
481           4677.18        4838.68
482           4677.18        4838.68
483           4677.18        4838.68
484           4677.18        4838.68
485           4677.18        4838.68
486           4677.18        4838.68
487           4677.18        4838.68
488           4677.18        4838.68
489           4677.18        4838.67
490           4677.18        4838.67
491           4677.18        4838.67
492           4677.18        4838.66
493           4677.18        4838.66
494           4677.18        4838.66
495           4677.18        4838.66
496           4677.18        4838.66
497           4677.18        4838.66
498           4677.18        4838.66
499           4677.18        4838.66
500           4677.18        4838.66
501           4677.18        4838.66
502           4677.18        4838.66
503           4677.18        4838.66
504           4677.18        4838.65
505           4677.18        4838.65
506           4677.17        4838.65
507           4677.17        4838.65
508           4677.17        4838.65
509           4677.17        4838.65
510           4677.17        4838.65
511           4677.17        4838.65
512           4677.17        4838.65
513           4677.17        4838.64
514           4677.17        4838.64
515           4677.17        4838.63
516           4677.17        4838.63
517           4677.15        4838.63
518           4677.15        4838.63
519           4677.15        4838.63
520           4677.15        4838.63
521           4677.15        4838.63
522           4677.15        4838.63
523           4677.15        4838.62
524           4677.15        4838.62
525           4677.15        4838.61
526           4677.15        4838.61
527           4677.14         4838.6
528           4677.14         4838.6
529           4677.14         4838.6
530           4677.14         4838.6
531           4677.14         4838.6
532           4677.14         4838.6
533           4677.14         4838.6
534           4677.14         4838.6
535           4677.14         4838.6
536           4677.14         4838.6
537           4677.14         4838.6
538           4677.14         4838.6
539           4677.14         4838.6
540           4677.14         4838.6
541           4677.14         4838.6
542           4677.14         4838.6
543           4677.14         4838.6
544           4677.14         4838.6
545           4677.14         4838.6
546           4677.14         4838.6
547           4677.14         4838.6
548           4677.14         4838.6
549           4677.14         4838.6
550           4677.14         4838.6
551           4677.14         4838.6
552           4677.14         4838.6
553           4677.14         4838.6
554           4677.14         4838.6
555           4677.14         4838.6
556           4677.14         4838.6
557           4677.14         4838.6
558           4677.14         4838.6
559           4677.14         4838.6
560           4677.14         4838.6
561           4677.14         4838.6
562           4677.14         4838.6
563           4677.14         4838.6
564           4677.14         4838.6
565           4677.14         4838.6
566           4677.14         4838.6
567           4677.14         4838.6
568           4677.14         4838.6
569           4677.14         4838.6
570           4677.14         4838.6
571           4677.14         4838.6
572           4677.14         4838.6
573           4677.14         4838.6
574           4677.14         4838.6
575           4677.14         4838.6
576           4677.14         4838.6
577           4677.14         4838.6
578           4677.14        4838.59
579           4677.14        4838.59
580           4677.14        4838.59
581           4677.14        4838.59
582           4677.14        4838.59
583           4677.14        4838.59
584           4677.14        4838.59
585           4677.14        4838.59
586           4677.14        4838.59
587           4677.14        4838.59
588           4677.14        4838.59
589           4677.14        4838.59
590           4677.14        4838.59
591           4677.14        4838.59
592           4677.14        4838.59
593           4677.14        4838.59
594           4677.14        4838.59
595           4677.14        4838.58
596           4677.14        4838.58
597           4677.14        4838.58
598           4677.14        4838.58
599           4677.14        4838.58
600           4677.14        4838.58
601           4677.14        4838.58
602           4677.14        4838.58
603           4677.14        4838.58
604           4677.14        4838.58
605           4677.14        4838.58
606           4677.14        4838.58
607           4677.14        4838.58
608           4677.14        4838.58
609           4677.14        4838.58
610           4677.14        4838.58
611           4677.14        4838.58
612           4677.14        4838.58
613           4677.14        4838.58
614           4677.14        4838.58
615           4677.14        4838.58
616           4677.14        4838.58
617           4677.14        4838.58
618           4677.14        4838.58
619           4677.12        4838.58
620           4677.12        4838.58
621           4677.12        4838.58
622           4677.12        4838.58
623           4677.12        4838.58
624           4677.12        4838.58
625           4677.12        4838.58
626           4677.12        4838.58
627           4677.12        4838.58
628           4677.12        4838.58
629           4677.12        4838.58
630           4677.12        4838.58
631           4677.12        4838.58
632           4677.12        4838.58
633           4677.12        4838.58
634           4677.12        4838.58
635           4677.12        4838.58
636           4677.12        4838.58
637           4677.12        4838.58
638           4677.12        4838.58
639           4677.12        4838.58
640           4677.12        4838.58
641           4677.12        4838.58
642           4677.12        4838.58
643           4677.12        4838.58
644           4677.12        4838.58
645           4677.12        4838.58
646           4677.12        4838.58
647           4677.12        4838.58
648           4677.12        4838.58
649           4677.12        4838.58
650           4677.12        4838.58
651           4677.12        4838.58
652           4677.12        4838.58
653           4677.12        4838.58
654           4677.12        4838.58
655           4677.12        4838.58
656           4677.12        4838.58
657           4677.12        4838.58
658           4677.12        4838.58
659           4677.12        4838.58
660           4677.12        4838.58
661           4677.12        4838.58
662           4677.12        4838.58
663           4677.12        4838.58
664           4677.12        4838.58
665           4677.12        4838.58
666           4677.12        4838.58
667           4677.12        4838.57
668           4677.12        4838.57
669           4677.12        4838.57
670           4677.12        4838.57
671           4677.12        4838.57
672           4677.12        4838.57
673           4677.12        4838.57
674           4677.12        4838.57
675           4677.12        4838.57
676           4677.12        4838.57
677           4677.12        4838.57
678           4677.12        4838.57
679           4677.12        4838.57
680           4677.12        4838.57
681           4677.12        4838.57
682           4677.12        4838.57
683           4677.12        4838.57
684           4677.12        4838.57
685           4677.12        4838.57
686           4677.12        4838.57
687           4677.12        4838.57
688           4677.11        4838.57
689           4677.11        4838.57
690           4677.11        4838.57
691           4677.11        4838.57
692           4677.11        4838.57
693           4677.11        4838.57
694           4677.11        4838.57
695           4677.11        4838.57
696           4677.11        4838.57
697           4677.11        4838.57
698           4677.11        4838.57
699           4677.11        4838.57
700           4677.11        4838.57
701           4677.11        4838.57
702           4677.11        4838.57
703           4677.11        4838.57
704           4677.11        4838.57
705           4677.11        4838.57
706           4677.11        4838.55
707           4677.11        4838.55
708           4677.11        4838.55
709           4677.11        4838.55
710           4677.11        4838.55
711           4677.11        4838.55
712           4677.11        4838.55
713           4677.11        4838.55
714           4677.11        4838.54
715           4677.11        4838.54
716           4677.11        4838.54
717           4677.11        4838.54
718           4677.11        4838.54
719           4677.11        4838.54
720           4677.11        4838.54
721           4677.11        4838.54
722           4677.11        4838.54
723           4677.11        4838.54
724           4677.11        4838.53
725           4677.11        4838.53
726           4677.11        4838.53
727           4677.11        4838.53
728           4677.11        4838.53
729           4677.11        4838.53
730           4677.11        4838.53
731           4677.11        4838.53
732           4677.11        4838.53
733           4677.11        4838.53
734           4677.11        4838.53
735           4677.11        4838.53
736           4677.11        4838.53
737           4677.11        4838.53
738           4677.11        4838.53
739           4677.11        4838.53
740           4677.11        4838.53
741           4677.11        4838.53
742           4677.11        4838.53
743           4677.11        4838.53
744           4677.11        4838.53
745           4677.11        4838.53
746           4677.11        4838.53
747           4677.11        4838.53
748           4677.11        4838.53
749           4677.11        4838.53
750           4677.11        4838.53
751           4677.11        4838.53
752           4677.11        4838.53
753           4677.11        4838.53
754           4677.11        4838.53
755           4677.11        4838.53
756           4677.11        4838.53
757           4677.11        4838.53
758           4677.11        4838.53
759           4677.11        4838.53
760           4677.11        4838.53
761           4677.11        4838.53
762           4677.11        4838.53
763           4677.11        4838.53
764           4677.11        4838.53
765           4677.11        4838.53
766           4677.11        4838.53
767           4677.11        4838.53
768           4677.11        4838.53
769           4677.11        4838.53
770           4677.11        4838.52
771           4677.11        4838.52
772           4677.11        4838.52
773           4677.11        4838.52
774           4677.11        4838.52
775           4677.11        4838.52
776           4677.11        4838.52
777           4677.11        4838.52
778           4677.11        4838.52
779           4677.11        4838.52
780           4677.11        4838.52
781           4677.11        4838.52
782           4677.11        4838.52
783           4677.11        4838.52
784           4677.11        4838.52
785           4677.11        4838.52
786           4677.11        4838.52
787           4677.11        4838.52
788           4677.11        4838.52
789           4677.11        4838.52
790           4677.11        4838.52
791           4677.11        4838.52
792           4677.11        4838.52
793           4677.11        4838.52
794           4677.11        4838.52
795           4677.11        4838.52
796           4677.11        4838.52
797           4677.11        4838.52
798           4677.11        4838.52
799            4677.1        4838.52
800            4677.1        4838.51
801            4677.1        4838.51
802            4677.1        4838.51
803            4677.1        4838.51
804            4677.1        4838.51
805            4677.1        4838.51
806            4677.1        4838.51
807            4677.1        4838.51
808            4677.1        4838.51
809            4677.1        4838.51
810            4677.1        4838.51
811            4677.1        4838.51
812            4677.1        4838.51
813            4677.1        4838.51
814            4677.1        4838.51
815            4677.1        4838.51
816            4677.1        4838.51
817            4677.1        4838.51
818            4677.1        4838.51
819            4677.1        4838.51
820            4677.1        4838.51
821            4677.1        4838.51
822            4677.1         4838.5
823            4677.1         4838.5
824            4677.1         4838.5
825            4677.1         4838.5
826            4677.1         4838.5
827            4677.1         4838.5
828            4677.1         4838.5
829            4677.1         4838.5
830            4677.1         4838.5
831            4677.1         4838.5
832            4677.1         4838.5
833            4677.1         4838.5
834            4677.1         4838.5
835            4677.1         4838.5
836            4677.1         4838.5
837            4677.1         4838.5
838            4677.1         4838.5
839           4677.07         4838.5
840           4677.07         4838.5
841           4677.07         4838.5
842           4677.07         4838.5
843           4677.07         4838.5
844           4677.07         4838.5
845           4677.07        4838.49
846           4677.07        4838.49
847           4677.07        4838.49
848           4677.07        4838.49
849           4677.07        4838.49
850           4677.07        4838.49
851           4677.07        4838.49
852           4677.07        4838.49
853           4677.07        4838.49
854           4677.07        4838.49
855           4677.07        4838.49
856           4677.07        4838.49
857           4677.07        4838.49
858           4677.07        4838.49
859           4677.07        4838.49
860           4677.07        4838.49
861           4677.07        4838.49
862           4677.07        4838.49
863           4677.07        4838.49
864           4677.07        4838.49
865           4677.07        4838.49
866           4677.07        4838.49
867           4677.07        4838.49
868           4677.07        4838.49
869           4677.07        4838.49
870           4677.07        4838.49
871           4677.07        4838.49
872           4677.07        4838.49
873           4677.07        4838.49
874           4677.07        4838.49
875           4677.07        4838.49
876           4677.07        4838.48
877           4677.07        4838.48
878           4677.07        4838.48
879           4677.07        4838.48
880           4677.07        4838.48
881           4677.07        4838.48
882           4677.07        4838.48
883           4677.07        4838.48
884           4677.07        4838.48
885           4677.07        4838.48
886           4677.07        4838.48
887           4677.07        4838.48
888           4677.07        4838.48
889           4677.07        4838.48
890           4677.07        4838.48
891           4677.07        4838.48
892           4677.07        4838.48
893           4677.07        4838.48
894           4677.07        4838.48
895           4677.07        4838.48
896           4677.07        4838.48
897           4677.07        4838.48
898           4677.07        4838.48
899           4677.07        4838.48
900           4677.07        4838.48
901           4677.07        4838.48
902           4677.07        4838.48
903           4677.07        4838.48
904           4677.07        4838.48
905           4677.07        4838.48
906           4677.07        4838.48
907           4677.07        4838.48
908           4677.07        4838.48
909           4677.07        4838.48
910           4677.07        4838.48
911           4677.07        4838.48
912           4677.07        4838.47
913           4677.07        4838.47
914           4677.07        4838.47
915           4677.07        4838.47
916           4677.07        4838.47
917           4677.07        4838.47
918           4677.07        4838.47
919           4677.07        4838.47
920           4677.07        4838.47
921           4677.07        4838.47
922           4677.07        4838.47
923           4677.07        4838.47
924           4677.07        4838.47
925           4677.07        4838.47
926           4677.07        4838.47
927           4677.07        4838.47
928           4677.07        4838.47
929           4677.07        4838.47
930           4677.07        4838.47
931           4677.07        4838.47
932           4677.07        4838.47
933           4677.07        4838.47
934           4677.07        4838.47
935           4677.07        4838.47
936           4677.07        4838.46
937           4677.07        4838.46
938           4677.07        4838.46
939           4677.07        4838.46
940           4677.07        4838.46
941           4677.07        4838.46
942           4677.07        4838.46
943           4677.07        4838.46
944           4677.07        4838.46
945           4677.07        4838.46
946           4677.07        4838.46
947           4677.07        4838.46
948           4677.07        4838.46
949           4677.07        4838.46
950           4677.06        4838.46
951           4677.06        4838.46
952           4677.06        4838.46
953           4677.06        4838.46
954           4677.06        4838.46
955           4677.06        4838.46
956           4677.06        4838.46
957           4677.06        4838.46
958           4677.06        4838.46
959           4677.06        4838.46
960           4677.06        4838.46
961           4677.06        4838.46
962           4677.06        4838.46
963           4677.06        4838.46
964           4677.03        4838.46
965           4677.03        4838.46
966           4677.03        4838.46
967           4677.03        4838.46
968           4677.03        4838.46
969           4677.03        4838.46
970           4677.03        4838.46
971           4677.03        4838.46
972           4677.03        4838.46
973           4677.03        4838.46
974           4677.03        4838.46
975           4677.03        4838.46
976           4677.03        4838.46
977           4677.03        4838.46
978           4677.03        4838.46
979           4677.03        4838.46
980           4677.03        4838.45
981           4677.03        4838.45
982           4677.03        4838.45
983           4677.03        4838.45
984           4677.03        4838.45
985           4677.03        4838.45
986           4677.03        4838.45
987           4677.03        4838.45
988           4677.03        4838.45
989           4677.03        4838.45
990           4677.03        4838.45
991           4677.03        4838.45
992           4677.03        4838.45
993           4677.03        4838.45
994           4677.03        4838.45
995           4677.03        4838.45
996           4677.03        4838.45
997           4677.03        4838.45
998           4677.03        4838.45
999           4677.03        4838.45
1000           4677.03        4838.45
1001           4677.03        4838.45
1002           4677.03        4838.45
1003           4677.03        4838.45
1004           4677.03        4838.45
1005           4677.03        4838.45
1006           4677.03        4838.45
1007           4677.03        4838.45
1008           4677.03        4838.45
1009           4677.03        4838.45
1010           4677.03        4838.45
1011           4677.03        4838.45
1012           4677.03        4838.45
1013           4677.02        4838.45
1014           4677.02        4838.45
1015           4677.02        4838.44
1016           4677.02        4838.44
1017           4677.02        4838.44
1018           4677.02        4838.44
1019           4677.02        4838.44
1020           4677.02        4838.44
1021           4677.02        4838.44
1022           4677.02        4838.44
1023           4677.02        4838.44
1024           4677.02        4838.44
1025           4677.02        4838.44
1026           4677.02        4838.44
1027           4677.02        4838.44
1028           4677.02        4838.44
1029           4677.02        4838.44
1030           4677.02        4838.44
1031           4677.02        4838.44
1032           4677.02        4838.44
1033           4677.02        4838.44
1034           4677.02        4838.44
1035           4677.02        4838.44
1036           4677.02        4838.44
1037           4677.02        4838.44
1038              4677        4838.44
1039              4677        4838.44
1040              4677        4838.44
1041              4677        4838.44
1042              4677        4838.44
1043              4677        4838.44
1044              4677        4838.43
1045              4677        4838.43
1046              4677        4838.43
1047              4677        4838.43
1048              4677        4838.43
1049              4677        4838.43
1050              4677        4838.43
1051              4677        4838.43
1052              4677        4838.43
1053              4677        4838.43
1054              4677        4838.43
1055              4677        4838.43
1056              4677        4838.43
1057              4677        4838.43
1058              4677        4838.43
1059              4677        4838.43
1060              4677        4838.43
1061              4677        4838.43
1062              4677        4838.43
1063              4677        4838.43
1064              4677        4838.43
1065              4677        4838.43
1066              4677        4838.43
1067              4677        4838.43
1068              4677        4838.43
1069              4677        4838.43
1070              4677        4838.43
1071              4677        4838.43
1072              4677        4838.43
1073              4677        4838.43
1074              4677        4838.43
1075              4677        4838.43
1076              4677        4838.43
1077              4677        4838.43
1078              4677        4838.43
1079              4677        4838.43
1080              4677        4838.43
1081              4677        4838.43
1082              4677        4838.43
1083              4677        4838.43
1084              4677        4838.43
1085              4677        4838.43
1086              4677        4838.43
1087              4677        4838.43
1088              4677        4838.43
1089              4677        4838.43
1090              4677        4838.43
1091              4677        4838.43
1092              4677        4838.43
1093              4677        4838.43
1094              4677        4838.43
1095              4677        4838.43
1096              4677        4838.42
1097              4677        4838.42
1098              4677        4838.42
1099              4677        4838.42
1100              4677        4838.42
1101              4677        4838.42
1102              4677        4838.42
1103              4677        4838.42
1104              4677        4838.42
1105              4677        4838.42
1106              4677        4838.42
1107              4677        4838.42
1108              4677        4838.42
1109              4677        4838.42
1110              4677        4838.42
1111              4677        4838.42
1112              4677        4838.42
1113              4677        4838.42
1114              4677        4838.42
1115              4677        4838.42
1116              4677        4838.41
1117              4677        4838.41
1118              4677        4838.41
1119              4677        4838.41
1120              4677        4838.41
1121              4677        4838.41
1122              4677        4838.41
1123              4677        4838.41
1124              4677        4838.41
1125              4677        4838.41
1126              4677        4838.41
1127              4677        4838.41
1128              4677        4838.41
1129              4677        4838.41
1130              4677        4838.41
1131              4677        4838.41
1132              4677        4838.41
1133              4677        4838.41
1134              4677        4838.41
1135              4677        4838.41
1136              4677        4838.41
1137              4677        4838.41
1138              4677        4838.41
1139              4677        4838.41
1140              4677        4838.41
1141              4677        4838.41
1142              4677        4838.41
1143              4677        4838.41
1144              4677        4838.41
1145              4677        4838.41
1146              4677        4838.41
1147              4677        4838.41
1148              4677        4838.41
1149              4677        4838.41
1150              4677        4838.41
1151              4677        4838.41
1152              4677        4838.41
1153              4677        4838.41
1154              4677        4838.41
1155              4677        4838.41
1156              4677        4838.41
1157              4677        4838.41
1158              4677        4838.41
1159              4677        4838.41
1160              4677        4838.41
1161              4677        4838.41
1162              4677        4838.41
1163              4677        4838.41
1164              4677        4838.41
1165              4677        4838.41
1166              4677        4838.41
1167              4677        4838.41
1168              4677        4838.41
1169              4677        4838.41
1170              4677        4838.41
1171              4677        4838.41
1172              4677        4838.41
1173              4677        4838.41
1174              4677        4838.41
1175              4677        4838.41
1176              4677        4838.41
1177              4677        4838.41
1178              4677        4838.41
1179              4677        4838.41
1180              4677        4838.41
1181              4677        4838.41
1182              4677        4838.41
1183              4677        4838.41
1184              4677        4838.41
1185              4677        4838.41
1186              4677        4838.41
1187              4677        4838.41
1188              4677        4838.41
1189              4677        4838.41
1190              4677        4838.41
1191              4677        4838.41
1192              4677        4838.41
1193              4677        4838.41
1194              4677        4838.41
1195              4677        4838.41
1196              4677        4838.41
1197              4677        4838.41
1198              4677        4838.41
1199              4677        4838.41
1200              4677        4838.41
1201              4677        4838.41
1202              4677        4838.41
1203              4677        4838.41
1204              4677        4838.41
1205              4677        4838.41
1206              4677        4838.41
1207              4677         4838.4
1208              4677         4838.4
1209              4677         4838.4
1210              4677         4838.4
1211              4677         4838.4
1212              4677         4838.4
1213              4677         4838.4
1214              4677         4838.4
1215              4677         4838.4
1216              4677         4838.4
1217              4677         4838.4
1218              4677         4838.4
1219              4677         4838.4
1220              4677         4838.4
1221              4677         4838.4
1222              4677         4838.4
1223              4677         4838.4
1224              4677         4838.4
1225              4677         4838.4
1226              4677         4838.4
1227              4677         4838.4
1228              4677         4838.4
1229              4677         4838.4
1230              4677         4838.4
1231              4677         4838.4
1232              4677         4838.4
1233              4677         4838.4
1234              4677         4838.4
1235              4677         4838.4
1236              4677         4838.4
1237              4677         4838.4
1238              4677        4838.39
1239              4677        4838.39
1240              4677        4838.39
1241              4677        4838.39
1242              4677        4838.39
1243              4677        4838.39
1244              4677        4838.39
1245              4677        4838.39
1246              4677        4838.39
1247              4677        4838.39
1248              4677        4838.39
1249              4677        4838.39
1250              4677        4838.39
1251              4677        4838.39
1252              4677        4838.39
1253              4677        4838.39
1254              4677        4838.39
1255              4677        4838.39
1256           4676.97        4838.39
1257           4676.97        4838.39
1258           4676.97        4838.39
1259           4676.97        4838.39
1260           4676.97        4838.39
1261           4676.97        4838.39
1262           4676.97        4838.39
1263           4676.97        4838.39
1264           4676.97        4838.39
1265           4676.97        4838.39
1266           4676.97        4838.39
1267           4676.97        4838.39
1268           4676.97        4838.38
1269           4676.97        4838.38
1270           4676.97        4838.38
1271           4676.97        4838.38
1272           4676.97        4838.38
1273           4676.97        4838.38
1274           4676.97        4838.38
1275           4676.97        4838.38
1276           4676.97        4838.38
1277           4676.97        4838.38
1278           4676.97        4838.38
1279           4676.97        4838.38
1280           4676.97        4838.38
1281           4676.97        4838.38
1282           4676.97        4838.38
1283           4676.97        4838.38
1284           4676.97        4838.38
1285           4676.97        4838.38
1286           4676.97        4838.38
1287           4676.97        4838.38
1288           4676.97        4838.38
1289           4676.97        4838.38
1290           4676.97        4838.38
1291           4676.97        4838.38
1292           4676.97        4838.38
1293           4676.97        4838.38
1294           4676.97        4838.38
1295           4676.97        4838.38
1296           4676.97        4838.38
1297           4676.97        4838.38
1298           4676.97        4838.38
1299           4676.97        4838.38
1300           4676.97        4838.38
1301           4676.97        4838.38
1302           4676.97        4838.38
1303           4676.97        4838.38
1304           4676.97        4838.38
1305           4676.97        4838.38
1306           4676.97        4838.38
1307           4676.97        4838.38
1308           4676.97        4838.38
1309           4676.97        4838.38
1310           4676.97        4838.38
1311           4676.97        4838.38
1312           4676.97        4838.38
1313           4676.97        4838.38
1314           4676.97        4838.38
1315           4676.97        4838.38
1316           4676.97        4838.38
1317           4676.97        4838.38
1318           4676.97        4838.38
1319           4676.97        4838.38
1320           4676.97        4838.38
1321           4676.97        4838.38
1322           4676.97        4838.37
1323           4676.97        4838.37
1324           4676.97        4838.37
1325           4676.97        4838.37
1326           4676.97        4838.37
1327           4676.97        4838.37
1328           4676.97        4838.37
1329           4676.97        4838.37
1330           4676.97        4838.37
1331           4676.97        4838.37
1332           4676.97        4838.37
1333           4676.97        4838.37
1334           4676.97        4838.37
1335           4676.97        4838.37
1336           4676.97        4838.37
1337           4676.97        4838.37
1338           4676.97        4838.37
1339           4676.97        4838.37
1340           4676.97        4838.37
1341           4676.97        4838.37
1342           4676.97        4838.37
1343           4676.97        4838.37
1344           4676.97        4838.37
1345           4676.97        4838.37
1346           4676.97        4838.37
1347           4676.97        4838.37
1348           4676.97        4838.37
1349           4676.97        4838.37
1350           4676.97        4838.37
1351           4676.97        4838.37
1352           4676.97        4838.37
1353           4676.97        4838.37
1354           4676.97        4838.37
1355           4676.97        4838.37
1356           4676.97        4838.37
1357           4676.97        4838.37
1358           4676.97        4838.37
1359           4676.97        4838.37
1360           4676.97        4838.37
1361           4676.97        4838.36
1362           4676.97        4838.36
1363           4676.97        4838.36
1364           4676.97        4838.36
1365           4676.97        4838.36
1366           4676.97        4838.36
1367           4676.97        4838.36
1368           4676.97        4838.36
1369           4676.97        4838.36
1370           4676.97        4838.36
1371           4676.97        4838.36
1372           4676.97        4838.36
1373           4676.97        4838.36
1374           4676.97        4838.36
1375           4676.97        4838.36
1376           4676.97        4838.36
1377           4676.97        4838.36
1378           4676.97        4838.36
1379           4676.97        4838.36
1380           4676.97        4838.36
1381           4676.97        4838.36
1382           4676.97        4838.36
1383           4676.97        4838.36
1384           4676.97        4838.36
1385           4676.97        4838.36
1386           4676.97        4838.36
1387           4676.97        4838.36
1388           4676.97        4838.36
1389           4676.97        4838.36
1390           4676.97        4838.36
1391           4676.97        4838.36
1392           4676.97        4838.36
1393           4676.97        4838.36
1394           4676.97        4838.36
1395           4676.97        4838.36
1396           4676.97        4838.36
1397           4676.97        4838.36
1398           4676.97        4838.36
1399           4676.97        4838.36
1400           4676.97        4838.36
1401           4676.97        4838.36
1402           4676.97        4838.36
1403           4676.97        4838.36
1404           4676.97        4838.36
1405           4676.97        4838.36
1406           4676.97        4838.35
1407           4676.97        4838.35
1408           4676.97        4838.35
1409           4676.97        4838.35
1410           4676.97        4838.35
1411           4676.97        4838.35
1412           4676.97        4838.35
1413           4676.97        4838.35
1414           4676.97        4838.35
1415           4676.97        4838.35
1416           4676.97        4838.35
1417           4676.97        4838.35
1418           4676.97        4838.35
1419           4676.97        4838.35
1420           4676.97        4838.35
1421           4676.97        4838.35
1422           4676.97        4838.35
1423           4676.97        4838.35
1424           4676.97        4838.35
1425           4676.97        4838.35
1426           4676.97        4838.35
1427           4676.97        4838.35
1428           4676.97        4838.34
1429           4676.97        4838.34
1430           4676.97        4838.34
1431           4676.97        4838.34
1432           4676.97        4838.34
1433           4676.97        4838.34
1434           4676.97        4838.34
1435           4676.97        4838.34
1436           4676.97        4838.34
1437           4676.97        4838.34
1438           4676.97        4838.34
1439           4676.97        4838.34
1440           4676.97        4838.34
1441           4676.97        4838.34
1442           4676.97        4838.34
1443           4676.97        4838.34
1444           4676.97        4838.34
1445           4676.97        4838.34
1446           4676.97        4838.34
1447           4676.97        4838.34
1448           4676.97        4838.34
1449           4676.97        4838.34
1450           4676.97        4838.34
1451           4676.97        4838.34
1452           4676.97        4838.34
1453           4676.97        4838.34
1454           4676.97        4838.34
1455           4676.97        4838.34
1456           4676.97        4838.34
1457           4676.97        4838.34
1458           4676.97        4838.34
1459           4676.97        4838.34
1460           4676.97        4838.34
1461           4676.97        4838.34
1462           4676.97        4838.34
1463           4676.97        4838.34
1464           4676.97        4838.34
1465           4676.97        4838.34
1466           4676.97        4838.34
1467           4676.97        4838.34
1468           4676.97        4838.34
1469           4676.97        4838.34
1470           4676.97        4838.34
1471           4676.97        4838.34
1472           4676.97        4838.34
1473           4676.97        4838.34
1474           4676.97        4838.34
1475           4676.97        4838.34
1476           4676.97        4838.34
1477           4676.97        4838.34
1478           4676.97        4838.33
1479           4676.97        4838.33
1480           4676.97        4838.33
1481           4676.97        4838.33
1482           4676.97        4838.33
1483           4676.97        4838.33
1484           4676.96        4838.33
1485           4676.96        4838.33
1486           4676.96        4838.33
1487           4676.96        4838.33
1488           4676.96        4838.33
1489           4676.96        4838.33
1490           4676.96        4838.33
1491           4676.96        4838.33
1492           4676.96        4838.33
1493           4676.96        4838.33
1494           4676.96        4838.33
1495           4676.96        4838.32
1496           4676.96        4838.32
1497           4676.96        4838.32
1498           4676.96        4838.32
1499           4676.96        4838.32
1500           4676.96        4838.32
1501           4676.96        4838.32
1502           4676.96        4838.32
1503           4676.96        4838.32
1504           4676.96        4838.32
1505           4676.96        4838.32
1506           4676.96        4838.32
1507           4676.96        4838.32
1508           4676.96        4838.32
1509           4676.96        4838.32
1510           4676.96        4838.32
1511           4676.96        4838.32
1512           4676.96        4838.32
1513           4676.96        4838.32
1514           4676.96        4838.32
1515           4676.96        4838.32
1516           4676.96        4838.32
1517           4676.96        4838.32
1518           4676.96        4838.32
1519           4676.96        4838.32
1520           4676.96        4838.32
1521           4676.96        4838.32
1522           4676.96        4838.32
1523           4676.96        4838.32
1524           4676.96        4838.32
1525           4676.96        4838.32
1526           4676.96        4838.32
1527           4676.96        4838.32
1528           4676.96        4838.32
1529           4676.96        4838.32
1530           4676.96        4838.32
1531           4676.96        4838.32
1532           4676.96        4838.32
1533           4676.96        4838.32
1534           4676.96        4838.32
1535           4676.96        4838.32
1536           4676.96        4838.32
1537           4676.96        4838.32
1538           4676.96        4838.32
1539           4676.96        4838.32
1540           4676.96        4838.32
1541           4676.96        4838.32
1542           4676.96        4838.32
1543           4676.96        4838.32
1544           4676.96        4838.32
1545           4676.96        4838.32
1546           4676.96        4838.32
1547           4676.96        4838.32
1548           4676.96        4838.32
1549           4676.96        4838.32
1550           4676.96        4838.32
1551           4676.96        4838.32
1552           4676.96        4838.32
1553           4676.96        4838.32
1554           4676.96        4838.32
1555           4676.96        4838.32
1556           4676.96        4838.32
1557           4676.96        4838.32
1558           4676.96        4838.32
1559           4676.96        4838.32
1560           4676.96        4838.31
1561           4676.96        4838.31
1562           4676.96        4838.31
1563           4676.96        4838.31
1564           4676.96        4838.31
1565           4676.96        4838.31
1566           4676.96        4838.31
1567           4676.96        4838.31
1568           4676.96        4838.31
1569           4676.96        4838.31
1570           4676.96        4838.31
1571           4676.96        4838.31
1572           4676.96        4838.31
1573           4676.96        4838.31
1574           4676.96        4838.31
1575           4676.96        4838.31
1576           4676.96        4838.31
1577           4676.96        4838.31
1578           4676.96        4838.31
1579           4676.96        4838.31
1580           4676.96        4838.31
1581           4676.96        4838.31
1582           4676.96        4838.31
1583           4676.96        4838.31
1584           4676.96        4838.31
1585           4676.96        4838.31
1586           4676.96        4838.31
1587           4676.96        4838.31
1588           4676.96        4838.31
1589           4676.96        4838.31
1590           4676.96        4838.31
1591           4676.96         4838.3
1592           4676.96         4838.3
1593           4676.96         4838.3
1594           4676.96         4838.3
1595           4676.96         4838.3
1596           4676.96         4838.3
1597           4676.96         4838.3
1598           4676.96         4838.3
1599           4676.96         4838.3
1600           4676.96         4838.3
1601           4676.96         4838.3
1602           4676.96         4838.3
1603           4676.96         4838.3
1604           4676.96         4838.3
1605           4676.96         4838.3
1606           4676.96         4838.3
1607           4676.96         4838.3
1608           4676.96         4838.3
1609           4676.96         4838.3
1610           4676.96         4838.3
1611           4676.96         4838.3
1612           4676.96         4838.3
1613           4676.96         4838.3
1614           4676.96         4838.3
1615           4676.96         4838.3
1616           4676.96         4838.3
1617           4676.96         4838.3
1618           4676.96         4838.3
1619           4676.96         4838.3
1620           4676.96         4838.3
1621           4676.96         4838.3
1622           4676.96         4838.3
1623           4676.96         4838.3
1624           4676.96         4838.3
1625           4676.96         4838.3
1626           4676.96         4838.3
1627           4676.96         4838.3
1628           4676.96         4838.3
1629           4676.96         4838.3
1630           4676.96         4838.3
1631           4676.96         4838.3
1632           4676.96         4838.3
1633           4676.96         4838.3
1634           4676.96         4838.3
1635           4676.96         4838.3
1636           4676.96         4838.3
1637           4676.96         4838.3
1638           4676.96         4838.3
1639           4676.96         4838.3
1640           4676.96         4838.3
1641           4676.96         4838.3
1642           4676.96         4838.3
1643           4676.96        4838.29
1644           4676.96        4838.29
1645           4676.96        4838.29
1646           4676.96        4838.29
1647           4676.96        4838.29
1648           4676.96        4838.29
1649           4676.96        4838.29
1650           4676.96        4838.29
1651           4676.96        4838.29
1652           4676.96        4838.29
1653           4676.96        4838.29
1654           4676.96        4838.29
1655           4676.96        4838.29
1656           4676.96        4838.29
1657           4676.96        4838.29
1658           4676.96        4838.29
1659           4676.96        4838.29
1660           4676.96        4838.29
1661           4676.96        4838.29
1662           4676.96        4838.29
1663           4676.96        4838.29
1664           4676.96        4838.29
1665           4676.96        4838.29
1666           4676.96        4838.29
1667           4676.96        4838.29
1668           4676.96        4838.29
1669           4676.96        4838.29
1670           4676.96        4838.29
1671           4676.96        4838.29
1672           4676.96        4838.29
1673           4676.96        4838.29
1674           4676.96        4838.29
1675           4676.96        4838.29
1676           4676.96        4838.29
1677           4676.96        4838.29
1678           4676.96        4838.29
1679           4676.96        4838.29
1680           4676.96        4838.29
1681           4676.96        4838.29
1682           4676.96        4838.29
1683           4676.96        4838.29
1684           4676.96        4838.29
1685           4676.96        4838.29
1686           4676.96        4838.29
1687           4676.96        4838.29
1688           4676.96        4838.29
1689           4676.96        4838.29
1690           4676.96        4838.29
1691           4676.96        4838.29
1692           4676.96        4838.29
1693           4676.96        4838.29
1694           4676.96        4838.29
1695           4676.96        4838.29
1696           4676.96        4838.29
1697           4676.96        4838.29
1698           4676.96        4838.29
1699           4676.96        4838.29
1700           4676.96        4838.29
1701           4676.96        4838.29
1702           4676.96        4838.29
1703           4676.96        4838.29
1704           4676.96        4838.29
1705           4676.96        4838.29
1706           4676.96        4838.29
1707           4676.96        4838.29
1708           4676.96        4838.29
1709           4676.96        4838.29
1710           4676.96        4838.29
1711           4676.96        4838.29
1712           4676.96        4838.29
1713           4676.96        4838.29
1714           4676.96        4838.29
1715           4676.96        4838.29
1716           4676.96        4838.29
1717           4676.96        4838.29
1718           4676.96        4838.29
1719           4676.96        4838.29
1720           4676.96        4838.29
1721           4676.96        4838.29
1722           4676.96        4838.29
1723           4676.96        4838.29
1724           4676.96        4838.29
1725           4676.96        4838.29
1726           4676.96        4838.29
1727           4676.96        4838.29
1728           4676.96        4838.29
1729           4676.96        4838.29
1730           4676.96        4838.29
1731           4676.96        4838.29
1732           4676.96        4838.29
1733           4676.96        4838.29
1734           4676.96        4838.29
1735           4676.96        4838.29
1736           4676.96        4838.29
1737           4676.96        4838.29
1738           4676.96        4838.29
1739           4676.96        4838.29
1740           4676.96        4838.29
1741           4676.96        4838.29
1742           4676.96        4838.29
1743           4676.96        4838.29
1744           4676.96        4838.29
1745           4676.96        4838.29
1746           4676.96        4838.29
1747           4676.96        4838.29
1748           4676.96        4838.29
1749           4676.96        4838.29
1750           4676.96        4838.29
1751           4676.96        4838.29
1752           4676.96        4838.29
1753           4676.96        4838.29
1754           4676.96        4838.29
1755           4676.96        4838.29
1756           4676.96        4838.29
1757           4676.96        4838.29
1758           4676.96        4838.29
1759           4676.96        4838.29
1760           4676.96        4838.29
1761           4676.96        4838.29
1762           4676.96        4838.29
1763           4676.96        4838.29
1764           4676.96        4838.29
1765           4676.96        4838.29
1766           4676.96        4838.29
1767           4676.96        4838.29
1768           4676.96        4838.29
1769           4676.96        4838.29
1770           4676.96        4838.29
1771           4676.96        4838.29
1772           4676.96        4838.29
1773           4676.96        4838.29
1774           4676.96        4838.28
1775           4676.96        4838.28
1776           4676.96        4838.28
1777           4676.96        4838.28
1778           4676.96        4838.28
1779           4676.96        4838.28
1780           4676.96        4838.28
1781           4676.96        4838.28
1782           4676.96        4838.28
1783           4676.96        4838.28
1784           4676.96        4838.28
1785           4676.96        4838.28
1786           4676.96        4838.28
1787           4676.96        4838.28
1788           4676.96        4838.28
1789           4676.96        4838.28
1790           4676.96        4838.28
1791           4676.96        4838.28
1792           4676.96        4838.28
1793           4676.96        4838.28
1794           4676.96        4838.28
1795           4676.96        4838.28
1796           4676.96        4838.28
1797           4676.96        4838.28
1798           4676.96        4838.28
1799           4676.96        4838.28
1800           4676.96        4838.28
1801           4676.96        4838.28
1802           4676.96        4838.28
1803           4676.96        4838.28
1804           4676.96        4838.28
1805           4676.96        4838.28
1806           4676.96        4838.28
1807           4676.96        4838.28
1808           4676.96        4838.28
1809           4676.96        4838.28
1810           4676.96        4838.28
1811           4676.96        4838.28
1812           4676.96        4838.28
1813           4676.96        4838.28
1814           4676.96        4838.28
1815           4676.96        4838.28
1816           4676.96        4838.28
1817           4676.96        4838.28
1818           4676.96        4838.28
1819           4676.96        4838.28
1820           4676.96        4838.28
1821           4676.96        4838.28
1822           4676.96        4838.28
1823           4676.96        4838.28
1824           4676.96        4838.28
1825           4676.96        4838.28
1826           4676.96        4838.28
1827           4676.96        4838.28
1828           4676.96        4838.28
1829           4676.96        4838.28
1830           4676.96        4838.28
1831           4676.96        4838.28
1832           4676.96        4838.28
1833           4676.96        4838.28
1834           4676.96        4838.28
1835           4676.96        4838.28
1836           4676.96        4838.28
1837           4676.96        4838.28
1838           4676.96        4838.28
1839           4676.96        4838.28
1840           4676.96        4838.28
1841           4676.96        4838.28
1842           4676.96        4838.28
1843           4676.96        4838.28
1844           4676.96        4838.28
1845           4676.96        4838.28
1846           4676.96        4838.28
1847           4676.96        4838.28
1848           4676.96        4838.28
1849           4676.96        4838.28
1850           4676.96        4838.28
1851           4676.96        4838.28
1852           4676.96        4838.28
1853           4676.96        4838.28
1854           4676.96        4838.28
1855           4676.96        4838.28
1856           4676.96        4838.28
1857           4676.96        4838.28
1858           4676.96        4838.28
1859           4676.96        4838.28
1860           4676.96        4838.28
1861           4676.96        4838.28
1862           4676.96        4838.27
1863           4676.96        4838.27
1864           4676.96        4838.27
1865           4676.96        4838.27
1866           4676.96        4838.27
1867           4676.96        4838.27
1868           4676.96        4838.27
1869           4676.96        4838.27
1870           4676.96        4838.27
1871           4676.96        4838.27
1872           4676.96        4838.27
1873           4676.96        4838.27
1874           4676.96        4838.27
1875           4676.96        4838.27
1876           4676.96        4838.27
1877           4676.96        4838.27
1878           4676.96        4838.27
1879           4676.96        4838.27
1880           4676.96        4838.27
1881           4676.96        4838.27
1882           4676.96        4838.27
1883           4676.96        4838.27
1884           4676.96        4838.27
1885           4676.96        4838.27
1886           4676.96        4838.27
1887           4676.96        4838.27
1888           4676.96        4838.27
1889           4676.96        4838.27
1890           4676.96        4838.27
1891           4676.96        4838.27
1892           4676.96        4838.27
1893           4676.96        4838.27
1894           4676.96        4838.27
1895           4676.96        4838.27
1896           4676.96        4838.27
1897           4676.96        4838.27
1898           4676.96        4838.27
1899           4676.96        4838.27
1900           4676.96        4838.27
1901           4676.96        4838.27
1902           4676.96        4838.27
1903           4676.96        4838.27
1904           4676.96        4838.27
1905           4676.96        4838.27
1906           4676.96        4838.27
1907           4676.96        4838.27
1908           4676.96        4838.27
1909           4676.96        4838.27
1910           4676.96        4838.27
1911           4676.96        4838.27
1912           4676.96        4838.27
1913           4676.96        4838.27
1914           4676.96        4838.27
1915           4676.96        4838.27
1916           4676.96        4838.27
1917           4676.96        4838.27
1918           4676.96        4838.27
1919           4676.96        4838.27
1920           4676.96        4838.27
1921           4676.96        4838.27
1922           4676.96        4838.27
1923           4676.96        4838.27
1924           4676.96        4838.27
1925           4676.96        4838.27
1926           4676.96        4838.27
1927           4676.96        4838.27
1928           4676.96        4838.27
1929           4676.96        4838.27
1930           4676.96        4838.27
1931           4676.96        4838.27
1932           4676.96        4838.27
1933           4676.96        4838.27
1934           4676.96        4838.27
1935           4676.96        4838.27
1936           4676.96        4838.27
1937           4676.96        4838.27
1938           4676.96        4838.27
1939           4676.96        4838.27
1940           4676.96        4838.27
1941           4676.96        4838.27
1942           4676.96        4838.27
1943           4676.96        4838.27
1944           4676.96        4838.27
1945           4676.96        4838.27
1946           4676.96        4838.27
1947           4676.96        4838.27
1948           4676.96        4838.27
1949           4676.96        4838.27
1950           4676.96        4838.27
1951           4676.96        4838.27
1952           4676.96        4838.27
1953           4676.96        4838.27
1954           4676.96        4838.27
1955           4676.96        4838.27
1956           4676.96        4838.27
1957           4676.96        4838.27
1958           4676.96        4838.27
1959           4676.96        4838.27
1960           4676.96        4838.27
1961           4676.96        4838.27
1962           4676.96        4838.27
1963           4676.96        4838.27
1964           4676.96        4838.27
1965           4676.96        4838.27
1966           4676.96        4838.27
1967           4676.96        4838.27
1968           4676.96        4838.27
1969           4676.96        4838.27
1970           4676.96        4838.27
1971           4676.96        4838.27
1972           4676.96        4838.27
1973           4676.96        4838.27
1974           4676.96        4838.27
1975           4676.96        4838.27
1976           4676.96        4838.27
1977           4676.96        4838.27
1978           4676.96        4838.27
1979           4676.96        4838.27
1980           4676.96        4838.27
1981           4676.96        4838.27
1982           4676.96        4838.27
1983           4676.96        4838.27
1984           4676.96        4838.27
1985           4676.96        4838.27
1986           4676.96        4838.27
1987           4676.96        4838.27
1988           4676.96        4838.27
1989           4676.96        4838.27
1990           4676.96        4838.27
1991           4676.96        4838.27
1992           4676.96        4838.27
1993           4676.96        4838.26
1994           4676.96        4838.26
1995           4676.96        4838.26
1996           4676.96        4838.26
1997           4676.96        4838.26
1998           4676.96        4838.26
1999           4676.96        4838.26
2000           4676.96        4838.26
2001           4676.96        4838.26
2002           4676.96        4838.26
2003           4676.96        4838.26
2004           4676.96        4838.26
2005           4676.96        4838.26
2006           4676.96        4838.26
2007           4676.96        4838.26
2008           4676.96        4838.26
2009           4676.96        4838.26
2010           4676.96        4838.26
2011           4676.96        4838.26
2012           4676.96        4838.26
2013           4676.96        4838.26
2014           4676.96        4838.26
2015           4676.96        4838.26
2016           4676.96        4838.26
2017           4676.96        4838.26
2018           4676.96        4838.26
2019           4676.96        4838.26
2020           4676.96        4838.26
2021           4676.96        4838.26
2022           4676.96        4838.26
2023           4676.96        4838.26
2024           4676.96        4838.26
2025           4676.96        4838.26
2026           4676.96        4838.26
2027           4676.96        4838.26
2028           4676.96        4838.26
2029           4676.96        4838.26
2030           4676.96        4838.26
2031           4676.96        4838.26
2032           4676.96        4838.26
2033           4676.96        4838.26
2034           4676.96        4838.26
2035           4676.96        4838.26
2036           4676.96        4838.26
2037           4676.96        4838.26
2038           4676.96        4838.26
2039           4676.96        4838.26
2040           4676.96        4838.26
2041           4676.96        4838.26
2042           4676.96        4838.26
2043           4676.96        4838.26
2044           4676.96        4838.26
2045           4676.96        4838.26
2046           4676.96        4838.26
2047           4676.96        4838.26
2048           4676.96        4838.26
2049           4676.96        4838.26
2050           4676.96        4838.26
2051           4676.96        4838.26
2052           4676.96        4838.26
2053           4676.96        4838.26
2054           4676.96        4838.26
2055           4676.96        4838.26
2056           4676.96        4838.26
2057           4676.96        4838.26
2058           4676.96        4838.26
2059           4676.96        4838.26
2060           4676.96        4838.26
2061           4676.96        4838.26
2062           4676.96        4838.26
2063           4676.96        4838.26
2064           4676.96        4838.26
2065           4676.96        4838.26
2066           4676.96        4838.26
2067           4676.96        4838.26
2068           4676.96        4838.26
2069           4676.96        4838.26
2070           4676.96        4838.26
2071           4676.96        4838.26
2072           4676.96        4838.26
2073           4676.96        4838.26
2074           4676.96        4838.26
2075           4676.96        4838.26
2076           4676.96        4838.26
2077           4676.96        4838.26
2078           4676.96        4838.26
2079           4676.96        4838.26
2080           4676.96        4838.26
2081           4676.96        4838.26
2082           4676.96        4838.26
2083           4676.96        4838.26
2084           4676.96        4838.26
2085           4676.96        4838.26
2086           4676.96        4838.26
2087           4676.96        4838.26
2088           4676.96        4838.26
2089           4676.96        4838.26
2090           4676.96        4838.26
2091           4676.96        4838.26
2092           4676.96        4838.26
2093           4676.96        4838.26
2094           4676.96        4838.26
2095           4676.96        4838.26
2096           4676.96        4838.26
2097           4676.96        4838.26
2098           4676.96        4838.26
2099           4676.96        4838.26
2100           4676.96        4838.26
2101           4676.96        4838.26
2102           4676.96        4838.26
2103           4676.96        4838.26
2104           4676.96        4838.26
2105           4676.96        4838.26
2106           4676.96        4838.26
2107           4676.96        4838.26
2108           4676.96        4838.26
2109           4676.96        4838.26
2110           4676.96        4838.26
2111           4676.96        4838.26
2112           4676.96        4838.26
2113           4676.96        4838.26
2114           4676.96        4838.26
2115           4676.96        4838.26
2116           4676.96        4838.26
2117           4676.96        4838.26
2118           4676.96        4838.26
2119           4676.96        4838.26
2120           4676.96        4838.26
2121           4676.96        4838.26
2122           4676.96        4838.26
2123           4676.96        4838.26
2124           4676.96        4838.26
2125           4676.96        4838.26
2126           4676.96        4838.26
2127           4676.96        4838.26
2128           4676.96        4838.26
2129           4676.96        4838.26
2130           4676.96        4838.26
2131           4676.96        4838.26
2132           4676.96        4838.25
2133           4676.96        4838.25
2134           4676.96        4838.25
2135           4676.96        4838.25
2136           4676.96        4838.25
2137           4676.96        4838.25
2138           4676.96        4838.25
2139           4676.96        4838.25
2140           4676.96        4838.25
2141           4676.96        4838.25
2142           4676.96        4838.25
2143           4676.96        4838.25
2144           4676.96        4838.25
2145           4676.96        4838.25
2146           4676.96        4838.25
2147           4676.96        4838.25
2148           4676.96        4838.25
2149           4676.96        4838.25
2150           4676.96        4838.25
2151           4676.96        4838.25
2152           4676.96        4838.25
2153           4676.96        4838.25
2154           4676.96        4838.25
2155           4676.96        4838.25
2156           4676.96        4838.25
2157           4676.96        4838.25
2158           4676.96        4838.25
2159           4676.96        4838.25
2160           4676.96        4838.25
2161           4676.96        4838.25
2162           4676.96        4838.25
2163           4676.96        4838.25
2164           4676.96        4838.25
2165           4676.96        4838.25
2166           4676.96        4838.25
2167           4676.96        4838.25
2168           4676.96        4838.25
2169           4676.96        4838.25
2170           4676.96        4838.25
2171           4676.96        4838.25
2172           4676.96        4838.25
2173           4676.96        4838.25
2174           4676.96        4838.25
2175           4676.96        4838.25
2176           4676.96        4838.25
2177           4676.96        4838.25
2178           4676.96        4838.25
2179           4676.96        4838.25
2180           4676.96        4838.25
2181           4676.96        4838.25
2182           4676.96        4838.25
2183           4676.96        4838.25
2184           4676.96        4838.25
2185           4676.96        4838.25
2186           4676.96        4838.25
2187           4676.96        4838.25
2188           4676.96        4838.25
2189           4676.96        4838.25
2190           4676.96        4838.25
2191           4676.96        4838.25
2192           4676.96        4838.25
2193           4676.96        4838.25
2194           4676.96        4838.25
2195           4676.96        4838.25
2196           4676.96        4838.25
2197           4676.96        4838.25
2198           4676.96        4838.25
2199           4676.96        4838.25
2200           4676.96        4838.25
2201           4676.96        4838.25
2202           4676.96        4838.25
2203           4676.96        4838.25
2204           4676.96        4838.25
2205           4676.96        4838.25
2206           4676.96        4838.25
2207           4676.96        4838.25
2208           4676.96        4838.25
2209           4676.96        4838.25
2210           4676.96        4838.25
2211           4676.96        4838.25
2212           4676.96        4838.25
2213           4676.96        4838.25
2214           4676.96        4838.25
2215           4676.96        4838.25
2216           4676.96        4838.25
2217           4676.96        4838.25
2218           4676.96        4838.25
2219           4676.96        4838.25
2220           4676.96        4838.25
2221           4676.96        4838.25
2222           4676.96        4838.25
2223           4676.96        4838.25
2224           4676.96        4838.25
2225           4676.96        4838.25
2226           4676.96        4838.25
2227           4676.96        4838.25
2228           4676.96        4838.25
2229           4676.96        4838.25
2230           4676.96        4838.25
2231           4676.96        4838.25
2232           4676.96        4838.25
2233           4676.96        4838.25
2234           4676.96        4838.25
2235           4676.96        4838.25
2236           4676.96        4838.25
2237           4676.96        4838.25
2238           4676.96        4838.25
2239           4676.96        4838.25
2240           4676.96        4838.25
2241           4676.96        4838.25
2242           4676.96        4838.25
2243           4676.96        4838.25
2244           4676.96        4838.25
2245           4676.96        4838.25
2246           4676.96        4838.25
2247           4676.96        4838.25
2248           4676.96        4838.25
2249           4676.96        4838.25
2250           4676.96        4838.25
2251           4676.96        4838.25
2252           4676.96        4838.25
2253           4676.96        4838.25
2254           4676.96        4838.25
2255           4676.96        4838.25
2256           4676.96        4838.25
2257           4676.96        4838.25
2258           4676.96        4838.25
2259           4676.96        4838.25
2260           4676.96        4838.25
2261           4676.96        4838.25
2262           4676.96        4838.25
2263           4676.96        4838.25
2264           4676.96        4838.25
2265           4676.96        4838.25
2266           4676.96        4838.25
2267           4676.96        4838.25
2268           4676.96        4838.25
2269           4676.96        4838.25
2270           4676.96        4838.25
2271           4676.96        4838.25
2272           4676.96        4838.25
2273           4676.96        4838.25
2274           4676.96        4838.25
2275           4676.96        4838.25
2276           4676.96        4838.25
2277           4676.96        4838.25
2278           4676.96        4838.25
2279           4676.96        4838.25
2280           4676.96        4838.25
2281           4676.96        4838.25
2282           4676.96        4838.25
2283           4676.96        4838.25
2284           4676.96        4838.25
2285           4676.96        4838.25
2286           4676.96        4838.25
2287           4676.96        4838.25
2288           4676.96        4838.25
2289           4676.96        4838.25
2290           4676.96        4838.25
2291           4676.96        4838.25
2292           4676.96        4838.25
2293           4676.96        4838.25
2294           4676.96        4838.25
2295           4676.96        4838.25
2296           4676.96        4838.25
2297           4676.96        4838.25
2298           4676.96        4838.25
2299           4676.96        4838.25
2300           4676.96        4838.25
2301           4676.96        4838.25
2302           4676.96        4838.25
2303           4676.96        4838.25
2304           4676.96        4838.25
2305           4676.96        4838.25
2306           4676.96        4838.25
2307           4676.96        4838.25
2308           4676.96        4838.25
2309           4676.96        4838.25
2310           4676.96        4838.25
2311           4676.96        4838.25
2312           4676.96        4838.25
2313           4676.96        4838.25
2314           4676.96        4838.25
2315           4676.96        4838.25
2316           4676.96        4838.25
2317           4676.96        4838.25
2318           4676.96        4838.25
2319           4676.96        4838.25
2320           4676.96        4838.25
2321           4676.96        4838.25
2322           4676.96        4838.25
2323           4676.96        4838.25
2324           4676.96        4838.25
2325           4676.96        4838.25
2326           4676.96        4838.25
2327           4676.96        4838.25
2328           4676.96        4838.25
2329           4676.96        4838.25
2330           4676.96        4838.25
2331           4676.96        4838.25
2332           4676.96        4838.25
2333           4676.96        4838.25
2334           4676.96        4838.25
2335           4676.96        4838.25
2336           4676.96        4838.25
2337           4676.96        4838.25
2338           4676.96        4838.25
2339           4676.96        4838.25
2340           4676.96        4838.25
2341           4676.96        4838.25
2342           4676.96        4838.25
2343           4676.96        4838.25
2344           4676.96        4838.25
2345           4676.96        4838.25
2346           4676.96        4838.25
2347           4676.96        4838.25
2348           4676.96        4838.25
2349           4676.96        4838.25
2350           4676.96        4838.25
2351           4676.96        4838.25
2352           4676.96        4838.25
2353           4676.96        4838.25
2354           4676.96        4838.25
2355           4676.96        4838.25
2356           4676.96        4838.25
2357           4676.96        4838.25
2358           4676.96        4838.25
2359           4676.96        4838.25
2360           4676.96        4838.25
2361           4676.96        4838.25
2362           4676.96        4838.25
2363           4676.96        4838.25
2364           4676.96        4838.25
2365           4676.96        4838.25
2366           4676.96        4838.25
2367           4676.96        4838.25
2368           4676.96        4838.25
2369           4676.96        4838.25
2370           4676.96        4838.25
2371           4676.96        4838.25
2372           4676.96        4838.25
2373           4676.96        4838.25
2374           4676.96        4838.25
2375           4676.96        4838.25
2376           4676.96        4838.25
2377           4676.96        4838.25
2378           4676.96        4838.25
2379           4676.96        4838.25
2380           4676.96        4838.25
2381           4676.96        4838.25
2382           4676.96        4838.25
2383           4676.96        4838.25
2384           4676.96        4838.25
2385           4676.96        4838.25
2386           4676.96        4838.25
2387           4676.96        4838.25
2388           4676.96        4838.25
2389           4676.96        4838.25
2390           4676.96        4838.25
2391           4676.96        4838.25
2392           4676.96        4838.25
2393           4676.96        4838.25
2394           4676.96        4838.25
2395           4676.96        4838.25
2396           4676.96        4838.25
2397           4676.96        4838.25
2398           4676.96        4838.25
2399           4676.96        4838.25
2400           4676.96        4838.25
2401           4676.96        4838.25
2402           4676.96        4838.25
2403           4676.96        4838.25
2404           4676.96        4838.25
2405           4676.96        4838.25
2406           4676.96        4838.25
2407           4676.96        4838.25
2408           4676.96        4838.25
2409           4676.96        4838.25
2410           4676.96        4838.25
2411           4676.96        4838.25
2412           4676.96        4838.25
2413           4676.96        4838.25
2414           4676.96        4838.25
2415           4676.96        4838.25
2416           4676.96        4838.25
2417           4676.96        4838.25
2418           4676.96        4838.25
2419           4676.96        4838.25
2420           4676.96        4838.25
2421           4676.96        4838.25
2422           4676.96        4838.25
2423           4676.96        4838.25
2424           4676.96        4838.25
2425           4676.96        4838.25
2426           4676.96        4838.25
2427           4676.96        4838.25
2428           4676.96        4838.25
2429           4676.96        4838.25
2430           4676.96        4838.25
2431           4676.96        4838.25
2432           4676.96        4838.25
2433           4676.96        4838.25
2434           4676.96        4838.25
2435           4676.96        4838.25
2436           4676.96        4838.25
2437           4676.96        4838.25
2438           4676.96        4838.25
2439           4676.96        4838.25
2440           4676.96        4838.25
2441           4676.96        4838.25
2442           4676.96        4838.25
2443           4676.96        4838.25
2444           4676.96        4838.25
2445           4676.96        4838.25
2446           4676.96        4838.25
2447           4676.96        4838.25
2448           4676.96        4838.25
2449           4676.96        4838.25
2450           4676.96        4838.25
2451           4676.96        4838.25
2452           4676.96        4838.25
2453           4676.96        4838.25
2454           4676.96        4838.25
2455           4676.96        4838.25
2456           4676.96        4838.25
2457           4676.96        4838.25
2458           4676.96        4838.25
2459           4676.96        4838.25
2460           4676.96        4838.25
2461           4676.96        4838.25
2462           4676.96        4838.25
2463           4676.96        4838.25
2464           4676.96        4838.25
2465           4676.96        4838.25
2466           4676.96        4838.25
2467           4676.96        4838.25
2468           4676.96        4838.25
2469           4676.96        4838.25
2470           4676.96        4838.25
2471           4676.96        4838.25
2472           4676.96        4838.25
2473           4676.96        4838.25
2474           4676.96        4838.25
2475           4676.96        4838.25
2476           4676.96        4838.25
2477           4676.96        4838.25
2478           4676.96        4838.25
2479           4676.96        4838.25
2480           4676.96        4838.25
2481           4676.96        4838.25
2482           4676.96        4838.25
2483           4676.96        4838.25
2484           4676.96        4838.25
2485           4676.96        4838.25
2486           4676.96        4838.25
2487           4676.96        4838.25
2488           4676.96        4838.25
2489           4676.96        4838.25
2490           4676.96        4838.25
2491           4676.96        4838.25
2492           4676.96        4838.25
2493           4676.96        4838.25
2494           4676.96        4838.25
2495           4676.96        4838.25
2496           4676.96        4838.25
2497           4676.96        4838.25
2498           4676.96        4838.25
2499           4676.96        4838.25
2500           4676.96        4838.25
