#ITER     #MEDIA_BFO        #MEDIA_M
1           6795.05        23602.5
2           6385.65        10674.7
3           6082.47        7303.21
4           5681.19        6662.22
5           5508.62         6307.2
6           5323.92         6028.4
7           5172.13        5817.99
8           5078.89         5633.3
9           4980.11        5488.34
10           4946.27        5368.51
11           4880.53        5269.91
12           4845.03        5195.64
13           4825.45        5137.95
14           4796.99        5090.63
15           4791.36        5057.25
16           4783.92        5031.35
17           4779.39        5007.09
18           4774.48        4993.36
19           4765.69        4980.94
20            4755.6        4968.86
21           4747.73         4958.8
22           4738.36        4946.87
23           4735.05        4934.23
24           4728.47        4926.31
25           4724.31        4916.06
26           4717.41        4909.27
27            4713.8        4902.14
28           4711.36        4897.51
29           4709.56        4893.02
30              4707        4889.57
31           4704.85        4886.85
32           4704.39        4883.77
33           4703.18        4880.23
34            4702.1        4877.59
35           4701.15        4875.56
36           4698.28        4873.48
37           4697.39        4871.79
38           4696.85        4870.21
39           4696.22         4868.3
40           4695.26        4867.01
41           4693.98        4865.83
42           4692.76        4864.61
43           4692.27        4863.34
44           4691.09        4861.78
45           4690.66        4860.83
46           4690.49        4859.96
47           4690.48        4859.01
48           4689.94        4858.14
49           4689.35        4857.37
50           4688.48        4856.75
51           4688.18        4856.33
52           4688.05         4855.7
53           4687.42        4854.95
54            4686.8        4854.28
55           4686.63        4853.69
56           4685.95        4853.24
57           4685.87        4852.67
58           4685.56        4852.27
59           4685.04        4851.78
60           4684.93        4851.37
61           4684.67        4851.04
62           4684.37        4850.65
63           4684.28        4850.34
64           4684.12        4849.98
65           4683.99        4849.71
66           4683.91        4849.47
67           4683.86        4849.29
68           4683.61           4849
69            4683.3        4848.86
70           4683.05         4848.7
71           4682.98        4848.52
72           4682.86        4848.32
73            4682.8        4848.11
74           4682.79        4847.81
75           4682.78        4847.58
76           4682.66        4847.33
77           4682.65        4847.16
78           4682.63        4847.04
79           4682.53        4846.88
80           4682.46        4846.73
81           4682.45        4846.56
82           4682.38         4846.4
83           4682.26        4846.29
84           4682.22        4846.17
85           4682.13        4846.08
86            4682.1        4845.99
87           4681.97         4845.9
88           4681.97        4845.81
89           4681.85        4845.68
90           4681.78        4845.55
91           4681.75        4845.42
92           4681.73        4845.28
93           4681.66        4845.22
94           4681.61         4845.1
95           4681.56        4845.02
96           4681.44        4844.94
97           4681.34        4844.82
98           4681.21        4844.76
99           4681.21        4844.72
100           4681.19        4844.66
101           4681.17        4844.61
102           4681.14        4844.53
103           4681.12        4844.45
104           4681.12        4844.38
105           4681.04        4844.31
106           4680.98        4844.26
107           4680.98        4844.22
108           4680.96        4844.18
109           4680.96        4844.13
110           4680.95        4844.09
111           4680.95        4844.03
112           4680.87        4843.97
113           4680.86        4843.91
114           4680.86        4843.86
115           4680.86        4843.82
116           4680.86        4843.78
117           4680.85        4843.74
118           4680.85        4843.67
119           4680.84        4843.61
120           4680.81        4843.55
121           4680.81        4843.52
122            4680.8        4843.48
123           4680.77        4843.43
124           4680.75         4843.4
125           4680.74        4843.38
126           4680.68        4843.34
127           4680.67        4843.32
128           4680.61         4843.3
129            4680.6        4843.28
130           4680.59        4843.26
131           4680.58        4843.22
132           4680.57        4843.17
133           4680.55        4843.15
134           4680.52        4843.13
135           4680.45        4843.09
136           4680.45        4843.06
137           4680.41        4843.04
138           4680.39        4842.99
139           4680.34        4842.95
140            4680.3        4842.93
141           4680.28        4842.91
142           4680.28        4842.87
143           4680.27        4842.85
144           4680.27        4842.82
145           4680.27         4842.8
146           4680.22        4842.78
147           4680.22        4842.77
148           4680.22        4842.75
149           4680.22        4842.72
150           4680.22         4842.7
151           4680.22        4842.68
152           4680.22        4842.66
153           4680.22        4842.64
154           4680.21        4842.62
155           4680.21         4842.6
156           4680.18        4842.58
157           4680.18        4842.57
158           4680.16        4842.54
159           4680.14        4842.49
160            4680.1        4842.46
161            4680.1        4842.45
162           4680.09        4842.43
163           4680.09        4842.41
164           4679.99        4842.37
165           4679.97        4842.34
166           4679.96        4842.33
167           4679.91         4842.3
168            4679.9        4842.27
169           4679.86        4842.24
170           4679.86        4842.22
171           4679.82        4842.18
172           4679.81        4842.15
173           4679.81        4842.13
174           4679.78        4842.11
175           4679.78         4842.1
176           4679.75        4842.08
177           4679.75        4842.06
178           4679.73        4842.04
179           4679.72        4842.02
180           4679.71           4842
181           4679.59        4841.98
182           4679.56        4841.96
183           4679.54        4841.94
184           4679.54        4841.93
185            4679.5        4841.92
186            4679.5         4841.9
187            4679.5        4841.88
188           4679.34        4841.86
189           4679.34        4841.82
190           4679.34        4841.79
191           4679.34        4841.77
192           4679.32        4841.75
193           4679.32        4841.72
194           4679.29        4841.71
195           4679.29        4841.67
196           4679.29        4841.66
197           4679.29        4841.65
198           4679.28        4841.63
199           4679.28        4841.61
200           4679.28         4841.6
201           4679.28        4841.58
202           4679.28        4841.56
203           4679.27        4841.55
204           4679.26        4841.53
205           4679.26        4841.51
206           4679.26         4841.5
207           4679.26        4841.47
208           4679.23        4841.45
209           4679.22        4841.43
210           4679.22        4841.42
211           4679.22         4841.4
212           4679.22        4841.39
213           4679.22        4841.38
214           4679.14        4841.36
215           4679.14        4841.34
216           4679.14        4841.33
217           4679.14        4841.31
218           4679.14        4841.29
219           4679.14        4841.29
220           4679.14        4841.26
221           4679.13        4841.24
222           4679.13        4841.21
223           4679.13         4841.2
224           4679.12        4841.18
225            4679.1        4841.17
226            4679.1        4841.17
227           4679.08        4841.16
228           4679.05        4841.16
229           4679.05        4841.15
230           4679.04        4841.13
231           4679.04        4841.12
232           4679.03        4841.11
233           4679.03         4841.1
234              4679         4841.1
235              4679        4841.09
236           4678.99        4841.09
237           4678.99        4841.08
238           4678.98        4841.08
239           4678.97        4841.07
240           4678.97        4841.06
241           4678.97        4841.05
242           4678.97        4841.04
243           4678.97        4841.03
244           4678.97        4841.01
245           4678.97           4841
246           4678.97        4840.99
247           4678.97        4840.98
248           4678.95        4840.97
249           4678.95        4840.96
250           4678.93        4840.96
251           4678.93        4840.94
252           4678.92        4840.94
253           4678.92        4840.92
254           4678.92        4840.92
255           4678.92        4840.91
256           4678.92        4840.89
257           4678.92        4840.89
258           4678.92        4840.88
259           4678.91        4840.87
260           4678.91        4840.86
261           4678.91        4840.85
262           4678.91        4840.83
263            4678.9        4840.82
264            4678.9        4840.79
265            4678.9        4840.79
266            4678.9        4840.77
267           4678.89        4840.76
268           4678.89        4840.76
269           4678.89        4840.75
270           4678.87        4840.74
271           4678.87        4840.74
272           4678.87        4840.73
273           4678.87        4840.73
274           4678.86        4840.72
275           4678.85        4840.71
276           4678.85         4840.7
277           4678.85        4840.69
278           4678.84        4840.68
279           4678.84        4840.68
280           4678.84        4840.67
281           4678.84        4840.67
282           4678.84        4840.66
283           4678.84        4840.65
284           4678.84        4840.64
285           4678.84        4840.63
286           4678.82        4840.63
287           4678.82        4840.62
288           4678.81        4840.61
289           4678.81        4840.61
290           4678.81         4840.6
291           4678.81         4840.6
292           4678.81         4840.6
293           4678.79        4840.59
294           4678.79        4840.59
295           4678.78        4840.58
296           4678.78        4840.58
297           4678.78        4840.57
298           4678.78        4840.57
299           4678.78        4840.57
300           4678.78        4840.56
301           4678.78        4840.56
302           4678.78        4840.55
303           4678.77        4840.55
304           4678.77        4840.54
305           4678.77        4840.53
306           4678.77        4840.53
307           4678.77        4840.52
308           4678.76        4840.51
309           4678.76        4840.51
310           4678.76        4840.51
311           4678.75        4840.51
312           4678.74         4840.5
313           4678.74         4840.5
314           4678.74        4840.49
315           4678.74        4840.49
316           4678.74        4840.49
317           4678.73        4840.48
318           4678.73        4840.48
319           4678.73        4840.48
320           4678.73        4840.47
321           4678.73        4840.47
322           4678.72        4840.47
323           4678.72        4840.46
324           4678.72        4840.46
325           4678.72        4840.46
326            4678.7        4840.45
327            4678.7        4840.45
328            4678.7        4840.45
329            4678.7        4840.44
330            4678.7        4840.44
331            4678.7        4840.44
332            4678.7        4840.43
333           4678.68        4840.42
334           4678.68        4840.42
335           4678.67        4840.42
336           4678.67        4840.42
337           4678.67        4840.41
338           4678.67        4840.41
339           4678.67         4840.4
340           4678.67         4840.4
341           4678.65        4840.39
342           4678.65        4840.39
343           4678.65        4840.38
344           4678.65        4840.38
345           4678.64        4840.37
346           4678.64        4840.37
347           4678.64        4840.36
348           4678.64        4840.36
349           4678.64        4840.35
350           4678.64        4840.35
351           4678.64        4840.35
352           4678.64        4840.35
353            4678.6        4840.34
354           4678.59        4840.33
355           4678.59        4840.33
356           4678.58        4840.32
357           4678.58        4840.31
358           4678.58        4840.31
359           4678.56         4840.3
360           4678.55         4840.3
361           4678.55         4840.3
362           4678.54        4840.29
363           4678.54        4840.29
364           4678.54        4840.28
365           4678.54        4840.28
366           4678.53        4840.27
367           4678.53        4840.27
368           4678.53        4840.26
369           4678.52        4840.26
370           4678.49        4840.25
371           4678.49        4840.25
372           4678.49        4840.24
373           4678.49        4840.24
374           4678.49        4840.23
375           4678.49        4840.23
376           4678.49        4840.23
377           4678.49        4840.22
378           4678.49        4840.22
379           4678.49        4840.22
380           4678.49        4840.21
381           4678.49        4840.21
382           4678.48         4840.2
383           4678.47         4840.2
384           4678.47         4840.2
385           4678.47        4840.19
386           4678.46        4840.19
387           4678.44        4840.18
388           4678.44        4840.18
389           4678.44        4840.18
390           4678.44        4840.18
391           4678.44        4840.17
392           4678.44        4840.17
393           4678.44        4840.16
394           4678.43        4840.16
395           4678.42        4840.15
396           4678.42        4840.14
397           4678.41        4840.14
398           4678.41        4840.14
399            4678.4        4840.13
400            4678.4        4840.13
401           4678.39        4840.12
402           4678.39        4840.12
403           4678.39        4840.11
404           4678.39        4840.11
405           4678.39         4840.1
406           4678.39         4840.1
407           4678.37        4840.09
408           4678.37        4840.09
409           4678.34        4840.08
410           4678.34        4840.08
411           4678.34        4840.08
412           4678.33        4840.07
413           4678.32        4840.07
414           4678.32        4840.06
415           4678.32        4840.06
416           4678.32        4840.06
417           4678.32        4840.05
418            4678.3        4840.04
419            4678.3        4840.04
420           4678.29        4840.03
421           4678.29        4840.03
422           4678.29        4840.03
423           4678.29        4840.02
424           4678.29        4840.02
425           4678.29        4840.02
426           4678.29        4840.02
427           4678.27        4840.01
428           4678.27        4840.01
429           4678.27           4840
430           4678.27           4840
431           4678.27        4839.99
432           4678.27        4839.99
433           4678.27        4839.99
434           4678.27        4839.99
435           4678.26        4839.98
436           4678.26        4839.98
437           4678.25        4839.98
438           4678.24        4839.98
439           4678.24        4839.98
440           4678.24        4839.97
441           4678.23        4839.97
442           4678.22        4839.96
443           4678.22        4839.96
444           4678.22        4839.95
445           4678.22        4839.95
446           4678.22        4839.95
447           4678.22        4839.94
448           4678.22        4839.94
449           4678.22        4839.94
450           4678.22        4839.94
451           4678.22        4839.93
452           4678.22        4839.93
453           4678.22        4839.92
454           4678.22        4839.92
455           4678.22        4839.92
456           4678.22        4839.91
457            4678.2        4839.91
458            4678.2         4839.9
459            4678.2         4839.9
460            4678.2         4839.9
461           4678.19        4839.89
462           4678.19        4839.89
463           4678.19        4839.88
464           4678.19        4839.88
465           4678.19        4839.88
466           4678.19        4839.88
467           4678.19        4839.87
468           4678.18        4839.86
469           4678.18        4839.86
470           4678.15        4839.85
471           4678.15        4839.85
472           4678.14        4839.85
473           4678.14        4839.84
474           4678.14        4839.84
475           4678.14        4839.83
476           4678.12        4839.83
477           4678.12        4839.83
478           4678.12        4839.82
479           4678.12        4839.82
480           4678.12        4839.82
481           4678.12        4839.82
482           4678.12        4839.81
483           4678.12        4839.81
484           4678.12         4839.8
485           4678.12         4839.8
486           4678.11         4839.8
487           4678.11        4839.79
488           4678.11        4839.79
489            4678.1        4839.79
490            4678.1        4839.79
491            4678.1        4839.79
492            4678.1        4839.79
493            4678.1        4839.79
494            4678.1        4839.78
495            4678.1        4839.78
496            4678.1        4839.78
497            4678.1        4839.78
498            4678.1        4839.78
499            4678.1        4839.77
500            4678.1        4839.77
501            4678.1        4839.77
502            4678.1        4839.77
503            4678.1        4839.76
504            4678.1        4839.76
505            4678.1        4839.76
506            4678.1        4839.76
507            4678.1        4839.75
508            4678.1        4839.75
509            4678.1        4839.75
510            4678.1        4839.75
511            4678.1        4839.74
512            4678.1        4839.74
513            4678.1        4839.74
514            4678.1        4839.74
515            4678.1        4839.74
516            4678.1        4839.74
517            4678.1        4839.73
518            4678.1        4839.73
519            4678.1        4839.73
520           4678.09        4839.72
521           4678.09        4839.72
522           4678.09        4839.72
523           4678.09        4839.72
524           4678.09        4839.72
525           4678.09        4839.72
526           4678.09        4839.72
527           4678.09        4839.72
528           4678.08        4839.71
529           4678.08        4839.71
530           4678.08        4839.71
531           4678.08        4839.71
532           4678.07         4839.7
533           4678.07         4839.7
534           4678.07        4839.69
535           4678.07        4839.69
536           4678.07        4839.69
537           4678.06        4839.69
538           4678.06        4839.68
539           4678.06        4839.68
540           4678.06        4839.68
541           4678.06        4839.68
542           4678.06        4839.68
543           4678.06        4839.67
544           4678.06        4839.67
545           4678.05        4839.67
546           4678.05        4839.67
547           4678.05        4839.67
548           4678.05        4839.66
549           4678.05        4839.66
550           4678.05        4839.66
551           4678.05        4839.66
552           4678.05        4839.66
553           4678.05        4839.66
554           4678.05        4839.65
555           4678.05        4839.65
556           4678.05        4839.65
557           4678.05        4839.65
558           4678.05        4839.65
559           4678.05        4839.65
560           4678.05        4839.65
561           4678.05        4839.65
562           4678.05        4839.65
563           4678.05        4839.65
564           4678.05        4839.65
565           4678.05        4839.65
566           4678.04        4839.64
567           4678.04        4839.64
568           4678.04        4839.64
569           4678.04        4839.63
570           4678.04        4839.63
571           4678.04        4839.63
572           4678.04        4839.63
573           4678.04        4839.63
574           4678.04        4839.63
575           4678.04        4839.62
576           4678.04        4839.62
577           4678.04        4839.62
578           4678.04        4839.62
579           4678.04        4839.62
580           4678.04        4839.61
581           4678.04        4839.61
582           4678.04        4839.61
583           4678.04        4839.61
584           4678.04        4839.61
585           4678.04        4839.61
586           4678.04         4839.6
587           4678.04         4839.6
588           4678.04         4839.6
589           4678.04         4839.6
590           4678.03         4839.6
591           4678.03         4839.6
592           4678.03         4839.6
593           4678.03        4839.59
594           4678.03        4839.59
595           4678.02        4839.59
596           4678.01        4839.59
597           4678.01        4839.59
598           4678.01        4839.59
599           4678.01        4839.59
600           4678.01        4839.59
601           4678.01        4839.59
602           4678.01        4839.58
603              4678        4839.58
604              4678        4839.58
605              4678        4839.58
606              4678        4839.58
607              4678        4839.58
608              4678        4839.58
609              4678        4839.58
610              4678        4839.58
611              4678        4839.58
612              4678        4839.57
613              4678        4839.57
614              4678        4839.57
615              4678        4839.57
616              4678        4839.57
617              4678        4839.57
618           4677.98        4839.56
619           4677.98        4839.56
620           4677.98        4839.56
621           4677.98        4839.56
622           4677.98        4839.56
623           4677.98        4839.55
624           4677.98        4839.55
625           4677.98        4839.55
626           4677.98        4839.55
627           4677.98        4839.55
628           4677.98        4839.55
629           4677.98        4839.54
630           4677.98        4839.54
631           4677.98        4839.54
632           4677.98        4839.54
633           4677.98        4839.54
634           4677.98        4839.54
635           4677.98        4839.54
636           4677.95        4839.53
637           4677.95        4839.53
638           4677.95        4839.53
639           4677.95        4839.53
640           4677.95        4839.53
641           4677.95        4839.52
642           4677.95        4839.52
643           4677.95        4839.52
644           4677.95        4839.52
645           4677.95        4839.52
646           4677.95        4839.52
647           4677.95        4839.52
648           4677.95        4839.52
649           4677.95        4839.51
650           4677.95        4839.51
651           4677.95        4839.51
652           4677.95        4839.51
653           4677.95        4839.51
654           4677.95        4839.51
655           4677.94        4839.51
656           4677.93        4839.51
657           4677.93        4839.51
658           4677.93         4839.5
659           4677.93         4839.5
660           4677.93         4839.5
661           4677.93         4839.5
662           4677.93         4839.5
663           4677.93         4839.5
664           4677.93         4839.5
665           4677.93         4839.5
666           4677.93         4839.5
667           4677.93         4839.5
668           4677.93         4839.5
669           4677.93         4839.5
670           4677.93         4839.5
671           4677.93         4839.5
672           4677.93        4839.49
673           4677.93        4839.49
674           4677.92        4839.49
675           4677.92        4839.49
676           4677.92        4839.49
677           4677.92        4839.49
678           4677.92        4839.49
679           4677.92        4839.49
680           4677.92        4839.49
681           4677.92        4839.49
682           4677.92        4839.49
683           4677.92        4839.49
684           4677.92        4839.49
685           4677.92        4839.48
686           4677.92        4839.48
687           4677.92        4839.48
688           4677.92        4839.48
689           4677.92        4839.48
690           4677.92        4839.48
691           4677.92        4839.48
692           4677.91        4839.48
693           4677.91        4839.48
694           4677.91        4839.48
695           4677.91        4839.48
696           4677.91        4839.48
697           4677.91        4839.48
698           4677.91        4839.48
699           4677.91        4839.48
700           4677.91        4839.48
701           4677.91        4839.47
702           4677.91        4839.47
703           4677.91        4839.47
704           4677.91        4839.47
705           4677.91        4839.47
706           4677.91        4839.47
707           4677.91        4839.47
708           4677.91        4839.47
709           4677.91        4839.46
710           4677.91        4839.46
711           4677.91        4839.46
712           4677.91        4839.46
713           4677.91        4839.46
714           4677.91        4839.46
715           4677.91        4839.45
716           4677.91        4839.45
717           4677.91        4839.45
718           4677.91        4839.45
719           4677.91        4839.45
720           4677.91        4839.45
721           4677.91        4839.45
722           4677.91        4839.44
723           4677.91        4839.44
724           4677.91        4839.44
725           4677.91        4839.44
726           4677.91        4839.44
727           4677.91        4839.44
728           4677.91        4839.44
729           4677.91        4839.44
730           4677.89        4839.44
731           4677.89        4839.44
732           4677.89        4839.43
733           4677.89        4839.43
734           4677.89        4839.43
735           4677.89        4839.42
736           4677.87        4839.42
737           4677.87        4839.42
738           4677.87        4839.42
739           4677.87        4839.42
740           4677.87        4839.42
741           4677.87        4839.42
742           4677.87        4839.42
743           4677.87        4839.42
744           4677.87        4839.42
745           4677.87        4839.42
746           4677.87        4839.42
747           4677.87        4839.42
748           4677.87        4839.41
749           4677.87        4839.41
750           4677.87        4839.41
751           4677.87        4839.41
752           4677.87        4839.41
753           4677.87        4839.41
754           4677.87        4839.41
755           4677.87        4839.41
756           4677.87        4839.41
757           4677.87        4839.41
758           4677.87        4839.41
759           4677.87        4839.41
760           4677.87         4839.4
761           4677.87         4839.4
762           4677.87         4839.4
763           4677.87         4839.4
764           4677.87         4839.4
765           4677.87         4839.4
766           4677.87         4839.4
767           4677.87        4839.39
768           4677.87        4839.39
769           4677.87        4839.39
770           4677.87        4839.39
771           4677.86        4839.39
772           4677.86        4839.39
773           4677.84        4839.39
774           4677.84        4839.39
775           4677.84        4839.38
776           4677.84        4839.38
777           4677.84        4839.38
778           4677.83        4839.38
779           4677.83        4839.38
780           4677.83        4839.38
781           4677.83        4839.38
782           4677.83        4839.38
783            4677.8        4839.37
784            4677.8        4839.36
785           4677.69        4839.35
786           4677.69        4839.33
787           4677.63        4839.32
788           4677.62        4839.31
789           4677.62         4839.3
790           4677.62        4839.29
791           4677.62        4839.28
792           4677.62        4839.27
793           4677.59        4839.25
794           4677.59        4839.25
795           4677.59        4839.24
796           4677.59        4839.22
797           4677.57         4839.2
798           4677.57        4839.19
799           4677.57        4839.16
800           4677.57        4839.16
801           4677.57        4839.14
802           4677.57        4839.13
803           4677.57        4839.12
804           4677.57        4839.11
805           4677.57        4839.11
806           4677.57         4839.1
807           4677.57         4839.1
808           4677.57         4839.1
809           4677.57        4839.09
810           4677.57        4839.09
811           4677.57        4839.08
812           4677.57        4839.08
813           4677.57        4839.08
814           4677.57        4839.07
815           4677.57        4839.06
816           4677.57        4839.06
817           4677.56        4839.06
818           4677.56        4839.05
819           4677.56        4839.05
820           4677.56        4839.05
821           4677.56        4839.05
822           4677.56        4839.04
823           4677.56        4839.04
824           4677.56        4839.04
825           4677.56        4839.04
826           4677.56        4839.04
827           4677.56        4839.04
828           4677.56        4839.04
829           4677.56        4839.03
830           4677.56        4839.03
831           4677.56        4839.03
832           4677.55        4839.03
833           4677.55        4839.02
834           4677.55        4839.02
835           4677.55        4839.02
836           4677.55        4839.02
837           4677.55        4839.02
838           4677.55        4839.02
839           4677.55        4839.02
840           4677.55        4839.02
841           4677.55        4839.01
842           4677.55        4839.01
843           4677.55        4839.01
844           4677.55        4839.01
845           4677.55        4839.01
846           4677.54        4839.01
847           4677.54           4839
848           4677.54           4839
849           4677.54           4839
850           4677.54           4839
851           4677.54           4839
852           4677.54           4839
853           4677.54           4839
854           4677.54           4839
855           4677.54           4839
856           4677.54           4839
857           4677.54           4839
858           4677.54        4838.99
859           4677.54        4838.99
860           4677.54        4838.99
861           4677.54        4838.99
862           4677.54        4838.99
863           4677.54        4838.99
864           4677.54        4838.99
865           4677.54        4838.99
866           4677.54        4838.99
867           4677.53        4838.99
868           4677.52        4838.99
869           4677.52        4838.99
870           4677.52        4838.99
871           4677.52        4838.99
872           4677.52        4838.98
873           4677.52        4838.98
874           4677.52        4838.98
875           4677.52        4838.98
876           4677.52        4838.98
877           4677.51        4838.98
878           4677.51        4838.98
879           4677.51        4838.97
880           4677.51        4838.97
881            4677.5        4838.97
882            4677.5        4838.97
883           4677.49        4838.97
884           4677.49        4838.97
885           4677.49        4838.97
886           4677.49        4838.96
887           4677.48        4838.96
888           4677.47        4838.96
889           4677.47        4838.96
890           4677.47        4838.96
891           4677.47        4838.96
892           4677.47        4838.96
893           4677.47        4838.96
894           4677.47        4838.96
895           4677.47        4838.96
896           4677.47        4838.96
897           4677.47        4838.95
898           4677.47        4838.95
899           4677.47        4838.95
900           4677.47        4838.95
901           4677.47        4838.95
902           4677.47        4838.95
903           4677.47        4838.95
904           4677.47        4838.94
905           4677.47        4838.94
906           4677.47        4838.94
907           4677.46        4838.94
908           4677.45        4838.94
909           4677.45        4838.94
910           4677.45        4838.94
911           4677.45        4838.94
912           4677.45        4838.94
913           4677.45        4838.94
914           4677.45        4838.94
915           4677.45        4838.94
916           4677.45        4838.93
917           4677.45        4838.93
918           4677.45        4838.93
919           4677.45        4838.93
920           4677.44        4838.93
921           4677.44        4838.93
922           4677.44        4838.93
923           4677.44        4838.93
924           4677.44        4838.93
925           4677.44        4838.93
926           4677.44        4838.93
927           4677.44        4838.93
928           4677.43        4838.93
929           4677.43        4838.93
930           4677.42        4838.93
931           4677.42        4838.93
932           4677.42        4838.92
933           4677.42        4838.92
934           4677.42        4838.92
935           4677.42        4838.92
936           4677.42        4838.92
937           4677.42        4838.92
938           4677.42        4838.92
939           4677.42        4838.92
940           4677.42        4838.92
941           4677.42        4838.92
942           4677.42        4838.92
943           4677.42        4838.91
944           4677.42        4838.91
945           4677.42        4838.91
946           4677.42        4838.91
947           4677.42        4838.91
948           4677.42        4838.91
949           4677.42        4838.91
950           4677.42        4838.91
951           4677.42        4838.91
952           4677.42         4838.9
953           4677.42         4838.9
954           4677.42         4838.9
955           4677.42         4838.9
956           4677.42         4838.9
957           4677.42         4838.9
958           4677.42         4838.9
959           4677.42         4838.9
960           4677.42        4838.89
961           4677.41        4838.89
962           4677.41        4838.89
963           4677.41        4838.89
964           4677.41        4838.89
965           4677.41        4838.89
966            4677.4        4838.89
967            4677.4        4838.89
968            4677.4        4838.89
969            4677.4        4838.89
970            4677.4        4838.89
971            4677.4        4838.88
972            4677.4        4838.88
973            4677.4        4838.88
974            4677.4        4838.88
975            4677.4        4838.88
976            4677.4        4838.87
977            4677.4        4838.87
978            4677.4        4838.87
979            4677.4        4838.87
980            4677.4        4838.87
981            4677.4        4838.87
982            4677.4        4838.87
983            4677.4        4838.87
984            4677.4        4838.86
985           4677.39        4838.86
986           4677.39        4838.86
987           4677.39        4838.86
988           4677.39        4838.86
989           4677.39        4838.86
990           4677.39        4838.86
991           4677.39        4838.85
992           4677.39        4838.85
993           4677.39        4838.85
994           4677.39        4838.85
995           4677.39        4838.85
996           4677.39        4838.85
997           4677.39        4838.85
998           4677.39        4838.85
999           4677.39        4838.85
1000           4677.39        4838.85
1001           4677.38        4838.84
1002           4677.38        4838.84
1003           4677.37        4838.84
1004           4677.37        4838.84
1005           4677.37        4838.84
1006           4677.37        4838.84
1007           4677.37        4838.84
1008           4677.37        4838.84
1009           4677.37        4838.84
1010           4677.37        4838.84
1011           4677.37        4838.83
1012           4677.37        4838.83
1013           4677.37        4838.83
1014           4677.37        4838.83
1015           4677.37        4838.83
1016           4677.37        4838.83
1017           4677.37        4838.83
1018           4677.37        4838.83
1019           4677.37        4838.83
1020           4677.37        4838.83
1021           4677.37        4838.83
1022           4677.37        4838.82
1023           4677.37        4838.82
1024           4677.37        4838.82
1025           4677.37        4838.82
1026           4677.37        4838.82
1027           4677.37        4838.82
1028           4677.37        4838.82
1029           4677.37        4838.81
1030           4677.37        4838.81
1031           4677.37        4838.81
1032           4677.37        4838.81
1033           4677.37        4838.81
1034           4677.37        4838.81
1035           4677.37        4838.81
1036           4677.37        4838.81
1037           4677.37         4838.8
1038           4677.37         4838.8
1039           4677.36         4838.8
1040           4677.36         4838.8
1041           4677.36         4838.8
1042           4677.36         4838.8
1043           4677.36         4838.8
1044           4677.36         4838.8
1045           4677.36         4838.8
1046           4677.36        4838.79
1047           4677.36        4838.79
1048           4677.36        4838.79
1049           4677.36        4838.79
1050           4677.36        4838.79
1051           4677.36        4838.79
1052           4677.36        4838.79
1053           4677.36        4838.79
1054           4677.36        4838.79
1055           4677.36        4838.79
1056           4677.36        4838.79
1057           4677.36        4838.79
1058           4677.36        4838.78
1059           4677.35        4838.78
1060           4677.35        4838.78
1061           4677.35        4838.78
1062           4677.35        4838.78
1063           4677.34        4838.78
1064           4677.34        4838.78
1065           4677.34        4838.78
1066           4677.34        4838.78
1067           4677.34        4838.78
1068           4677.34        4838.78
1069           4677.34        4838.78
1070           4677.34        4838.78
1071           4677.34        4838.78
1072           4677.34        4838.78
1073           4677.34        4838.78
1074           4677.34        4838.77
1075           4677.34        4838.77
1076           4677.34        4838.77
1077           4677.34        4838.77
1078           4677.34        4838.77
1079           4677.34        4838.77
1080           4677.34        4838.77
1081           4677.34        4838.77
1082           4677.34        4838.77
1083           4677.34        4838.77
1084           4677.34        4838.77
1085           4677.34        4838.77
1086           4677.34        4838.77
1087           4677.34        4838.77
1088           4677.34        4838.77
1089           4677.34        4838.77
1090           4677.34        4838.77
1091           4677.34        4838.77
1092           4677.34        4838.77
1093           4677.34        4838.77
1094           4677.34        4838.77
1095           4677.34        4838.77
1096           4677.34        4838.76
1097           4677.33        4838.76
1098           4677.33        4838.76
1099           4677.33        4838.76
1100           4677.33        4838.76
1101           4677.33        4838.76
1102           4677.33        4838.76
1103           4677.33        4838.76
1104           4677.33        4838.76
1105           4677.33        4838.76
1106           4677.33        4838.76
1107           4677.33        4838.76
1108           4677.33        4838.76
1109           4677.33        4838.76
1110           4677.33        4838.76
1111           4677.33        4838.76
1112           4677.33        4838.76
1113           4677.33        4838.75
1114           4677.33        4838.75
1115           4677.33        4838.75
1116           4677.33        4838.75
1117           4677.33        4838.75
1118           4677.33        4838.75
1119           4677.33        4838.75
1120           4677.33        4838.75
1121           4677.33        4838.75
1122           4677.33        4838.75
1123           4677.32        4838.75
1124           4677.32        4838.75
1125           4677.32        4838.75
1126           4677.32        4838.75
1127           4677.32        4838.75
1128           4677.32        4838.75
1129           4677.32        4838.75
1130           4677.32        4838.75
1131           4677.32        4838.75
1132           4677.32        4838.75
1133           4677.32        4838.75
1134           4677.32        4838.74
1135           4677.32        4838.74
1136           4677.32        4838.74
1137           4677.32        4838.74
1138           4677.32        4838.74
1139           4677.32        4838.74
1140           4677.32        4838.74
1141           4677.32        4838.74
1142           4677.32        4838.74
1143           4677.31        4838.74
1144           4677.31        4838.74
1145           4677.31        4838.74
1146           4677.31        4838.73
1147           4677.31        4838.73
1148           4677.31        4838.73
1149           4677.31        4838.73
1150           4677.31        4838.73
1151           4677.31        4838.73
1152           4677.31        4838.73
1153           4677.31        4838.73
1154           4677.31        4838.73
1155           4677.31        4838.73
1156           4677.31        4838.73
1157           4677.31        4838.73
1158           4677.31        4838.73
1159           4677.31        4838.73
1160           4677.31        4838.73
1161           4677.31        4838.73
1162           4677.31        4838.73
1163           4677.31        4838.73
1164           4677.31        4838.73
1165           4677.31        4838.73
1166           4677.31        4838.73
1167           4677.31        4838.73
1168           4677.31        4838.72
1169           4677.31        4838.72
1170           4677.31        4838.72
1171           4677.31        4838.72
1172           4677.31        4838.72
1173           4677.31        4838.72
1174           4677.31        4838.72
1175           4677.31        4838.72
1176           4677.31        4838.72
1177           4677.31        4838.72
1178           4677.31        4838.72
1179           4677.31        4838.72
1180           4677.31        4838.72
1181           4677.31        4838.72
1182           4677.31        4838.72
1183           4677.31        4838.72
1184           4677.31        4838.72
1185           4677.31        4838.72
1186           4677.31        4838.72
1187           4677.31        4838.72
1188            4677.3        4838.72
1189            4677.3        4838.72
1190            4677.3        4838.72
1191            4677.3        4838.72
1192            4677.3        4838.72
1193            4677.3        4838.71
1194            4677.3        4838.71
1195            4677.3        4838.71
1196            4677.3        4838.71
1197            4677.3        4838.71
1198            4677.3        4838.71
1199            4677.3        4838.71
1200            4677.3        4838.71
1201            4677.3        4838.71
1202            4677.3        4838.71
1203            4677.3        4838.71
1204            4677.3        4838.71
1205            4677.3        4838.71
1206            4677.3        4838.71
1207            4677.3        4838.71
1208            4677.3        4838.71
1209            4677.3        4838.71
1210            4677.3        4838.71
1211            4677.3        4838.71
1212            4677.3        4838.71
1213            4677.3        4838.71
1214            4677.3        4838.71
1215            4677.3        4838.71
1216            4677.3         4838.7
1217            4677.3         4838.7
1218            4677.3         4838.7
1219            4677.3         4838.7
1220            4677.3         4838.7
1221            4677.3         4838.7
1222            4677.3         4838.7
1223            4677.3         4838.7
1224            4677.3         4838.7
1225            4677.3         4838.7
1226            4677.3         4838.7
1227            4677.3         4838.7
1228            4677.3         4838.7
1229            4677.3         4838.7
1230            4677.3         4838.7
1231            4677.3         4838.7
1232            4677.3         4838.7
1233            4677.3         4838.7
1234            4677.3         4838.7
1235            4677.3         4838.7
1236            4677.3         4838.7
1237            4677.3         4838.7
1238            4677.3         4838.7
1239            4677.3         4838.7
1240            4677.3        4838.69
1241            4677.3        4838.69
1242            4677.3        4838.69
1243            4677.3        4838.69
1244            4677.3        4838.69
1245            4677.3        4838.69
1246            4677.3        4838.69
1247            4677.3        4838.69
1248            4677.3        4838.69
1249            4677.3        4838.69
1250            4677.3        4838.69
1251            4677.3        4838.69
1252            4677.3        4838.69
1253            4677.3        4838.69
1254            4677.3        4838.69
1255            4677.3        4838.69
1256            4677.3        4838.69
1257            4677.3        4838.69
1258           4677.29        4838.69
1259           4677.29        4838.69
1260           4677.29        4838.69
1261           4677.29        4838.69
1262           4677.29        4838.69
1263           4677.29        4838.68
1264           4677.29        4838.68
1265           4677.29        4838.68
1266           4677.29        4838.68
1267           4677.29        4838.68
1268           4677.29        4838.68
1269           4677.29        4838.68
1270           4677.29        4838.68
1271           4677.29        4838.68
1272           4677.29        4838.68
1273           4677.29        4838.68
1274           4677.29        4838.68
1275           4677.29        4838.68
1276           4677.29        4838.68
1277           4677.29        4838.68
1278           4677.29        4838.68
1279           4677.29        4838.68
1280           4677.29        4838.68
1281           4677.29        4838.68
1282           4677.29        4838.68
1283           4677.29        4838.68
1284           4677.29        4838.68
1285           4677.29        4838.68
1286           4677.29        4838.68
1287           4677.29        4838.68
1288           4677.29        4838.68
1289           4677.29        4838.68
1290           4677.29        4838.68
1291           4677.29        4838.68
1292           4677.29        4838.68
1293           4677.29        4838.68
1294           4677.29        4838.68
1295           4677.29        4838.68
1296           4677.29        4838.68
1297           4677.29        4838.68
1298           4677.29        4838.68
1299           4677.29        4838.68
1300           4677.29        4838.68
1301           4677.29        4838.68
1302           4677.29        4838.68
1303           4677.29        4838.68
1304           4677.29        4838.68
1305           4677.29        4838.68
1306           4677.29        4838.68
1307           4677.29        4838.67
1308           4677.29        4838.67
1309           4677.29        4838.67
1310           4677.29        4838.67
1311           4677.29        4838.67
1312           4677.29        4838.67
1313           4677.29        4838.67
1314           4677.29        4838.67
1315           4677.29        4838.67
1316           4677.29        4838.67
1317           4677.29        4838.67
1318           4677.29        4838.67
1319           4677.29        4838.67
1320           4677.29        4838.67
1321           4677.29        4838.67
1322           4677.29        4838.67
1323           4677.29        4838.67
1324           4677.29        4838.67
1325           4677.29        4838.67
1326           4677.29        4838.67
1327           4677.29        4838.67
1328           4677.29        4838.67
1329           4677.29        4838.67
1330           4677.29        4838.67
1331           4677.29        4838.67
1332           4677.29        4838.67
1333           4677.29        4838.67
1334           4677.29        4838.67
1335           4677.29        4838.67
1336           4677.29        4838.67
1337           4677.29        4838.67
1338           4677.29        4838.67
1339           4677.29        4838.67
1340           4677.29        4838.67
1341           4677.29        4838.66
1342           4677.29        4838.66
1343           4677.29        4838.66
1344           4677.29        4838.66
1345           4677.29        4838.66
1346           4677.28        4838.66
1347           4677.28        4838.66
1348           4677.28        4838.66
1349           4677.28        4838.66
1350           4677.28        4838.66
1351           4677.28        4838.66
1352           4677.28        4838.66
1353           4677.28        4838.66
1354           4677.28        4838.66
1355           4677.28        4838.66
1356           4677.28        4838.66
1357           4677.28        4838.66
1358           4677.28        4838.66
1359           4677.28        4838.66
1360           4677.28        4838.66
1361           4677.28        4838.66
1362           4677.28        4838.66
1363           4677.28        4838.66
1364           4677.28        4838.66
1365           4677.28        4838.66
1366           4677.28        4838.66
1367           4677.28        4838.66
1368           4677.28        4838.66
1369           4677.28        4838.66
1370           4677.28        4838.66
1371           4677.28        4838.66
1372           4677.28        4838.66
1373           4677.28        4838.66
1374           4677.28        4838.66
1375           4677.28        4838.66
1376           4677.28        4838.66
1377           4677.28        4838.66
1378           4677.28        4838.66
1379           4677.28        4838.66
1380           4677.28        4838.66
1381           4677.28        4838.66
1382           4677.28        4838.66
1383           4677.28        4838.66
1384           4677.28        4838.66
1385           4677.28        4838.65
1386           4677.28        4838.65
1387           4677.28        4838.65
1388           4677.28        4838.65
1389           4677.28        4838.65
1390           4677.28        4838.65
1391           4677.28        4838.65
1392           4677.28        4838.65
1393           4677.28        4838.65
1394           4677.28        4838.65
1395           4677.28        4838.65
1396           4677.28        4838.65
1397           4677.28        4838.65
1398           4677.27        4838.65
1399           4677.27        4838.65
1400           4677.27        4838.65
1401           4677.27        4838.65
1402           4677.27        4838.65
1403           4677.27        4838.65
1404           4677.27        4838.65
1405           4677.27        4838.65
1406           4677.27        4838.65
1407           4677.27        4838.65
1408           4677.27        4838.65
1409           4677.27        4838.65
1410           4677.27        4838.65
1411           4677.27        4838.65
1412           4677.26        4838.65
1413           4677.26        4838.65
1414           4677.26        4838.65
1415           4677.26        4838.65
1416           4677.26        4838.65
1417           4677.26        4838.65
1418           4677.26        4838.65
1419           4677.26        4838.65
1420           4677.26        4838.65
1421           4677.26        4838.65
1422           4677.26        4838.65
1423           4677.26        4838.65
1424           4677.26        4838.65
1425           4677.26        4838.65
1426           4677.26        4838.65
1427           4677.26        4838.65
1428           4677.26        4838.64
1429           4677.26        4838.64
1430           4677.26        4838.64
1431           4677.26        4838.64
1432           4677.26        4838.64
1433           4677.26        4838.64
1434           4677.26        4838.64
1435           4677.26        4838.64
1436           4677.26        4838.64
1437           4677.26        4838.64
1438           4677.26        4838.64
1439           4677.26        4838.64
1440           4677.26        4838.64
1441           4677.26        4838.64
1442           4677.26        4838.64
1443           4677.26        4838.64
1444           4677.26        4838.64
1445           4677.26        4838.64
1446           4677.26        4838.64
1447           4677.26        4838.64
1448           4677.26        4838.64
1449           4677.26        4838.64
1450           4677.26        4838.64
1451           4677.26        4838.64
1452           4677.26        4838.64
1453           4677.26        4838.64
1454           4677.26        4838.64
1455           4677.26        4838.64
1456           4677.26        4838.64
1457           4677.26        4838.64
1458           4677.26        4838.64
1459           4677.26        4838.64
1460           4677.26        4838.64
1461           4677.26        4838.64
1462           4677.26        4838.64
1463           4677.26        4838.64
1464           4677.26        4838.64
1465           4677.26        4838.64
1466           4677.26        4838.64
1467           4677.26        4838.64
1468           4677.26        4838.64
1469           4677.26        4838.64
1470           4677.26        4838.64
1471           4677.25        4838.64
1472           4677.25        4838.64
1473           4677.25        4838.64
1474           4677.25        4838.64
1475           4677.25        4838.64
1476           4677.25        4838.64
1477           4677.25        4838.64
1478           4677.25        4838.64
1479           4677.25        4838.64
1480           4677.25        4838.64
1481           4677.25        4838.64
1482           4677.25        4838.64
1483           4677.25        4838.64
1484           4677.25        4838.63
1485           4677.25        4838.63
1486           4677.25        4838.63
1487           4677.25        4838.63
1488           4677.25        4838.63
1489           4677.25        4838.63
1490           4677.25        4838.63
1491           4677.25        4838.63
1492           4677.25        4838.63
1493           4677.25        4838.63
1494           4677.25        4838.63
1495           4677.25        4838.63
1496           4677.25        4838.63
1497           4677.25        4838.63
1498           4677.25        4838.63
1499           4677.25        4838.63
1500           4677.25        4838.63
1501           4677.25        4838.63
1502           4677.25        4838.63
1503           4677.25        4838.63
1504           4677.25        4838.63
1505           4677.25        4838.63
1506           4677.25        4838.63
1507           4677.25        4838.63
1508           4677.25        4838.63
1509           4677.24        4838.63
1510           4677.24        4838.63
1511           4677.24        4838.63
1512           4677.24        4838.63
1513           4677.24        4838.63
1514           4677.24        4838.63
1515           4677.24        4838.63
1516           4677.24        4838.63
1517           4677.24        4838.63
1518           4677.24        4838.63
1519           4677.24        4838.62
1520           4677.24        4838.62
1521           4677.24        4838.62
1522           4677.24        4838.62
1523           4677.24        4838.62
1524           4677.24        4838.62
1525           4677.24        4838.62
1526           4677.24        4838.62
1527           4677.24        4838.62
1528           4677.24        4838.62
1529           4677.24        4838.62
1530           4677.24        4838.62
1531           4677.24        4838.62
1532           4677.24        4838.62
1533           4677.24        4838.62
1534           4677.24        4838.62
1535           4677.24        4838.62
1536           4677.24        4838.62
1537           4677.24        4838.62
1538           4677.24        4838.62
1539           4677.24        4838.62
1540           4677.24        4838.62
1541           4677.24        4838.62
1542           4677.24        4838.62
1543           4677.24        4838.62
1544           4677.24        4838.62
1545           4677.24        4838.62
1546           4677.24        4838.62
1547           4677.24        4838.62
1548           4677.24        4838.62
1549           4677.24        4838.62
1550           4677.24        4838.62
1551           4677.24        4838.62
1552           4677.24        4838.62
1553           4677.24        4838.62
1554           4677.24        4838.62
1555           4677.24        4838.62
1556           4677.24        4838.62
1557           4677.24        4838.62
1558           4677.24        4838.62
1559           4677.24        4838.62
1560           4677.24        4838.62
1561           4677.24        4838.62
1562           4677.24        4838.62
1563           4677.24        4838.62
1564           4677.24        4838.62
1565           4677.24        4838.62
1566           4677.24        4838.62
1567           4677.24        4838.62
1568           4677.24        4838.62
1569           4677.24        4838.62
1570           4677.24        4838.62
1571           4677.24        4838.62
1572           4677.24        4838.62
1573           4677.24        4838.62
1574           4677.24        4838.62
1575           4677.24        4838.62
1576           4677.23        4838.62
1577           4677.23        4838.62
1578           4677.23        4838.62
1579           4677.23        4838.61
1580           4677.23        4838.61
1581           4677.23        4838.61
1582           4677.23        4838.61
1583           4677.23        4838.61
1584           4677.23        4838.61
1585           4677.23        4838.61
1586           4677.23        4838.61
1587           4677.23        4838.61
1588           4677.23        4838.61
1589           4677.23        4838.61
1590           4677.23        4838.61
1591           4677.23        4838.61
1592           4677.23        4838.61
1593           4677.23        4838.61
1594           4677.23        4838.61
1595           4677.23        4838.61
1596           4677.23        4838.61
1597           4677.23        4838.61
1598           4677.23        4838.61
1599           4677.23        4838.61
1600           4677.23        4838.61
1601           4677.23        4838.61
1602           4677.23        4838.61
1603           4677.23        4838.61
1604           4677.23        4838.61
1605           4677.23        4838.61
1606           4677.23        4838.61
1607           4677.23        4838.61
1608           4677.23        4838.61
1609           4677.23        4838.61
1610           4677.23        4838.61
1611           4677.23        4838.61
1612           4677.23        4838.61
1613           4677.23        4838.61
1614           4677.23        4838.61
1615           4677.23        4838.61
1616           4677.23        4838.61
1617           4677.23        4838.61
1618           4677.23        4838.61
1619           4677.23         4838.6
1620           4677.23         4838.6
1621           4677.23         4838.6
1622           4677.23         4838.6
1623           4677.23         4838.6
1624           4677.23         4838.6
1625           4677.23         4838.6
1626           4677.23         4838.6
1627           4677.23         4838.6
1628           4677.23         4838.6
1629           4677.23         4838.6
1630           4677.23         4838.6
1631           4677.23         4838.6
1632           4677.23         4838.6
1633           4677.23         4838.6
1634           4677.23         4838.6
1635           4677.22         4838.6
1636           4677.22         4838.6
1637           4677.22         4838.6
1638           4677.22         4838.6
1639           4677.22         4838.6
1640           4677.22         4838.6
1641           4677.22         4838.6
1642           4677.22         4838.6
1643           4677.22         4838.6
1644           4677.22         4838.6
1645           4677.22         4838.6
1646           4677.22         4838.6
1647           4677.22         4838.6
1648           4677.22         4838.6
1649           4677.22         4838.6
1650           4677.22         4838.6
1651           4677.22         4838.6
1652           4677.22         4838.6
1653           4677.22         4838.6
1654           4677.22         4838.6
1655           4677.22         4838.6
1656           4677.22         4838.6
1657           4677.22         4838.6
1658           4677.22         4838.6
1659           4677.22         4838.6
1660           4677.22         4838.6
1661           4677.22         4838.6
1662           4677.22         4838.6
1663           4677.22         4838.6
1664           4677.22         4838.6
1665           4677.22         4838.6
1666           4677.22         4838.6
1667           4677.22         4838.6
1668           4677.22         4838.6
1669           4677.22         4838.6
1670           4677.22         4838.6
1671           4677.22         4838.6
1672           4677.22         4838.6
1673           4677.22         4838.6
1674           4677.22         4838.6
1675           4677.22        4838.59
1676           4677.22        4838.59
1677           4677.22        4838.59
1678           4677.22        4838.59
1679           4677.22        4838.59
1680           4677.22        4838.59
1681           4677.22        4838.59
1682           4677.22        4838.59
1683           4677.22        4838.59
1684           4677.22        4838.59
1685           4677.22        4838.59
1686           4677.22        4838.59
1687           4677.22        4838.59
1688           4677.22        4838.59
1689           4677.22        4838.59
1690           4677.22        4838.59
1691           4677.22        4838.59
1692           4677.22        4838.59
1693           4677.22        4838.59
1694           4677.22        4838.59
1695           4677.22        4838.59
1696           4677.22        4838.59
1697           4677.22        4838.59
1698           4677.22        4838.59
1699           4677.22        4838.59
1700           4677.22        4838.59
1701           4677.21        4838.59
1702           4677.21        4838.59
1703           4677.21        4838.59
1704           4677.21        4838.59
1705           4677.21        4838.59
1706           4677.21        4838.59
1707           4677.21        4838.59
1708           4677.21        4838.59
1709           4677.21        4838.59
1710           4677.21        4838.59
1711           4677.21        4838.59
1712           4677.21        4838.59
1713           4677.21        4838.59
1714           4677.21        4838.59
1715           4677.21        4838.59
1716           4677.21        4838.59
1717           4677.21        4838.59
1718           4677.21        4838.59
1719           4677.21        4838.59
1720           4677.21        4838.59
1721           4677.21        4838.59
1722           4677.21        4838.59
1723           4677.21        4838.59
1724           4677.21        4838.59
1725           4677.21        4838.59
1726           4677.21        4838.59
1727           4677.21        4838.59
1728           4677.21        4838.59
1729           4677.21        4838.59
1730           4677.21        4838.59
1731           4677.21        4838.59
1732           4677.21        4838.59
1733           4677.21        4838.59
1734           4677.21        4838.59
1735           4677.21        4838.59
1736           4677.21        4838.59
1737           4677.21        4838.59
1738           4677.21        4838.59
1739           4677.21        4838.59
1740           4677.21        4838.58
1741           4677.21        4838.58
1742           4677.21        4838.58
1743           4677.21        4838.58
1744           4677.21        4838.58
1745           4677.21        4838.58
1746           4677.21        4838.58
1747           4677.21        4838.58
1748           4677.21        4838.58
1749           4677.21        4838.58
1750           4677.21        4838.58
1751           4677.21        4838.58
1752           4677.21        4838.58
1753           4677.21        4838.58
1754           4677.21        4838.58
1755           4677.21        4838.58
1756           4677.21        4838.58
1757           4677.21        4838.58
1758           4677.21        4838.58
1759           4677.21        4838.58
1760           4677.21        4838.58
1761           4677.21        4838.58
1762           4677.21        4838.58
1763           4677.21        4838.58
1764           4677.21        4838.58
1765           4677.21        4838.58
1766           4677.21        4838.58
1767           4677.21        4838.58
1768           4677.21        4838.58
1769           4677.21        4838.58
1770           4677.21        4838.58
1771           4677.21        4838.58
1772           4677.21        4838.58
1773           4677.21        4838.58
1774           4677.21        4838.58
1775           4677.21        4838.58
1776            4677.2        4838.58
1777            4677.2        4838.58
1778            4677.2        4838.58
1779            4677.2        4838.58
1780            4677.2        4838.58
1781            4677.2        4838.58
1782            4677.2        4838.58
1783            4677.2        4838.58
1784            4677.2        4838.58
1785            4677.2        4838.58
1786            4677.2        4838.58
1787            4677.2        4838.58
1788            4677.2        4838.58
1789            4677.2        4838.58
1790            4677.2        4838.57
1791            4677.2        4838.57
1792            4677.2        4838.57
1793            4677.2        4838.57
1794            4677.2        4838.57
1795            4677.2        4838.57
1796            4677.2        4838.57
1797            4677.2        4838.57
1798            4677.2        4838.57
1799            4677.2        4838.57
1800            4677.2        4838.57
1801            4677.2        4838.57
1802            4677.2        4838.57
1803            4677.2        4838.57
1804            4677.2        4838.57
1805            4677.2        4838.57
1806            4677.2        4838.57
1807            4677.2        4838.57
1808            4677.2        4838.57
1809            4677.2        4838.57
1810            4677.2        4838.57
1811            4677.2        4838.57
1812            4677.2        4838.57
1813            4677.2        4838.57
1814            4677.2        4838.57
1815            4677.2        4838.57
1816            4677.2        4838.57
1817            4677.2        4838.57
1818            4677.2        4838.57
1819            4677.2        4838.57
1820            4677.2        4838.57
1821            4677.2        4838.57
1822            4677.2        4838.57
1823            4677.2        4838.57
1824            4677.2        4838.57
1825            4677.2        4838.57
1826            4677.2        4838.57
1827            4677.2        4838.57
1828            4677.2        4838.57
1829            4677.2        4838.57
1830            4677.2        4838.57
1831            4677.2        4838.57
1832            4677.2        4838.57
1833            4677.2        4838.57
1834            4677.2        4838.57
1835            4677.2        4838.57
1836            4677.2        4838.57
1837            4677.2        4838.57
1838            4677.2        4838.57
1839            4677.2        4838.57
1840            4677.2        4838.57
1841            4677.2        4838.57
1842            4677.2        4838.57
1843            4677.2        4838.57
1844            4677.2        4838.57
1845            4677.2        4838.57
1846            4677.2        4838.57
1847            4677.2        4838.57
1848            4677.2        4838.57
1849            4677.2        4838.57
1850            4677.2        4838.57
1851            4677.2        4838.57
1852            4677.2        4838.57
1853            4677.2        4838.57
1854            4677.2        4838.57
1855            4677.2        4838.57
1856            4677.2        4838.57
1857            4677.2        4838.57
1858            4677.2        4838.57
1859            4677.2        4838.57
1860            4677.2        4838.57
1861            4677.2        4838.57
1862            4677.2        4838.57
1863            4677.2        4838.57
1864            4677.2        4838.57
1865            4677.2        4838.57
1866            4677.2        4838.57
1867            4677.2        4838.57
1868            4677.2        4838.57
1869            4677.2        4838.57
1870            4677.2        4838.57
1871            4677.2        4838.57
1872            4677.2        4838.57
1873            4677.2        4838.57
1874            4677.2        4838.57
1875            4677.2        4838.56
1876            4677.2        4838.56
1877            4677.2        4838.56
1878            4677.2        4838.56
1879            4677.2        4838.56
1880            4677.2        4838.56
1881            4677.2        4838.56
1882            4677.2        4838.56
1883            4677.2        4838.56
1884            4677.2        4838.56
1885            4677.2        4838.56
1886            4677.2        4838.56
1887            4677.2        4838.56
1888            4677.2        4838.56
1889            4677.2        4838.56
1890            4677.2        4838.56
1891            4677.2        4838.56
1892            4677.2        4838.56
1893            4677.2        4838.56
1894            4677.2        4838.56
1895            4677.2        4838.56
1896            4677.2        4838.56
1897            4677.2        4838.56
1898            4677.2        4838.56
1899            4677.2        4838.56
1900            4677.2        4838.56
1901            4677.2        4838.56
1902            4677.2        4838.56
1903            4677.2        4838.56
1904            4677.2        4838.56
1905            4677.2        4838.56
1906            4677.2        4838.56
1907            4677.2        4838.56
1908           4677.19        4838.56
1909           4677.19        4838.56
1910           4677.19        4838.56
1911           4677.19        4838.56
1912           4677.19        4838.56
1913           4677.19        4838.56
1914           4677.19        4838.56
1915           4677.19        4838.56
1916           4677.19        4838.56
1917           4677.19        4838.56
1918           4677.19        4838.56
1919           4677.19        4838.56
1920           4677.19        4838.56
1921           4677.19        4838.56
1922           4677.19        4838.56
1923           4677.19        4838.56
1924           4677.19        4838.56
1925           4677.19        4838.56
1926           4677.19        4838.56
1927           4677.19        4838.56
1928           4677.19        4838.56
1929           4677.19        4838.56
1930           4677.19        4838.56
1931           4677.19        4838.56
1932           4677.19        4838.56
1933           4677.19        4838.55
1934           4677.19        4838.55
1935           4677.19        4838.55
1936           4677.19        4838.55
1937           4677.19        4838.55
1938           4677.19        4838.55
1939           4677.19        4838.55
1940           4677.19        4838.55
1941           4677.19        4838.55
1942           4677.19        4838.55
1943           4677.19        4838.55
1944           4677.19        4838.55
1945           4677.19        4838.55
1946           4677.19        4838.55
1947           4677.19        4838.55
1948           4677.19        4838.55
1949           4677.19        4838.55
1950           4677.19        4838.55
1951           4677.19        4838.55
1952           4677.19        4838.55
1953           4677.19        4838.55
1954           4677.19        4838.55
1955           4677.19        4838.55
1956           4677.19        4838.55
1957           4677.19        4838.55
1958           4677.19        4838.55
1959           4677.19        4838.55
1960           4677.19        4838.55
1961           4677.19        4838.55
1962           4677.19        4838.55
1963           4677.19        4838.55
1964           4677.19        4838.55
1965           4677.19        4838.55
1966           4677.19        4838.55
1967           4677.19        4838.55
1968           4677.19        4838.55
1969           4677.19        4838.55
1970           4677.19        4838.55
1971           4677.19        4838.55
1972           4677.19        4838.55
1973           4677.19        4838.55
1974           4677.19        4838.55
1975           4677.19        4838.55
1976           4677.19        4838.55
1977           4677.19        4838.55
1978           4677.19        4838.55
1979           4677.19        4838.55
1980           4677.19        4838.55
1981           4677.19        4838.55
1982           4677.19        4838.55
1983           4677.19        4838.55
1984           4677.19        4838.55
1985           4677.19        4838.55
1986           4677.19        4838.55
1987           4677.19        4838.55
1988           4677.19        4838.55
1989           4677.19        4838.55
1990           4677.19        4838.55
1991           4677.19        4838.55
1992           4677.19        4838.55
1993           4677.19        4838.55
1994           4677.19        4838.55
1995           4677.19        4838.55
1996           4677.19        4838.55
1997           4677.19        4838.55
1998           4677.19        4838.55
1999           4677.19        4838.55
2000           4677.19        4838.55
2001           4677.19        4838.55
2002           4677.19        4838.55
2003           4677.19        4838.55
2004           4677.19        4838.55
2005           4677.19        4838.55
2006           4677.19        4838.55
2007           4677.19        4838.55
2008           4677.19        4838.55
2009           4677.19        4838.55
2010           4677.19        4838.55
2011           4677.19        4838.55
2012           4677.19        4838.55
2013           4677.19        4838.55
2014           4677.19        4838.55
2015           4677.19        4838.55
2016           4677.19        4838.55
2017           4677.19        4838.55
2018           4677.19        4838.55
2019           4677.19        4838.55
2020           4677.19        4838.55
2021           4677.19        4838.55
2022           4677.19        4838.55
2023           4677.19        4838.55
2024           4677.19        4838.55
2025           4677.19        4838.55
2026           4677.19        4838.54
2027           4677.19        4838.54
2028           4677.19        4838.54
2029           4677.19        4838.54
2030           4677.19        4838.54
2031           4677.19        4838.54
2032           4677.19        4838.54
2033           4677.19        4838.54
2034           4677.19        4838.54
2035           4677.19        4838.54
2036           4677.19        4838.54
2037           4677.19        4838.54
2038           4677.19        4838.54
2039           4677.19        4838.54
2040           4677.19        4838.54
2041           4677.19        4838.54
2042           4677.19        4838.54
2043           4677.19        4838.54
2044           4677.19        4838.54
2045           4677.19        4838.54
2046           4677.19        4838.54
2047           4677.19        4838.54
2048           4677.19        4838.54
2049           4677.19        4838.54
2050           4677.19        4838.54
2051           4677.19        4838.54
2052           4677.19        4838.54
2053           4677.19        4838.54
2054           4677.19        4838.54
2055           4677.19        4838.54
2056           4677.19        4838.54
2057           4677.19        4838.54
2058           4677.19        4838.54
2059           4677.19        4838.54
2060           4677.19        4838.54
2061           4677.19        4838.54
2062           4677.19        4838.54
2063           4677.19        4838.54
2064           4677.19        4838.54
2065           4677.19        4838.54
2066           4677.19        4838.54
2067           4677.19        4838.54
2068           4677.19        4838.54
2069           4677.19        4838.54
2070           4677.19        4838.54
2071           4677.19        4838.54
2072           4677.19        4838.54
2073           4677.19        4838.54
2074           4677.19        4838.54
2075           4677.19        4838.54
2076           4677.19        4838.54
2077           4677.19        4838.54
2078           4677.19        4838.54
2079           4677.19        4838.54
2080           4677.19        4838.54
2081           4677.19        4838.54
2082           4677.19        4838.54
2083           4677.19        4838.54
2084           4677.19        4838.54
2085           4677.19        4838.54
2086           4677.19        4838.54
2087           4677.19        4838.54
2088           4677.19        4838.54
2089           4677.19        4838.54
2090           4677.19        4838.54
2091           4677.19        4838.54
2092           4677.19        4838.54
2093           4677.19        4838.54
2094           4677.19        4838.54
2095           4677.19        4838.54
2096           4677.19        4838.54
2097           4677.19        4838.54
2098           4677.19        4838.54
2099           4677.19        4838.54
2100           4677.19        4838.54
2101           4677.19        4838.54
2102           4677.19        4838.54
2103           4677.19        4838.54
2104           4677.19        4838.54
2105           4677.19        4838.54
2106           4677.19        4838.54
2107           4677.19        4838.54
2108           4677.19        4838.54
2109           4677.19        4838.54
2110           4677.19        4838.54
2111           4677.19        4838.54
2112           4677.19        4838.54
2113           4677.19        4838.54
2114           4677.19        4838.54
2115           4677.19        4838.54
2116           4677.19        4838.54
2117           4677.18        4838.54
2118           4677.18        4838.54
2119           4677.18        4838.54
2120           4677.18        4838.54
2121           4677.18        4838.54
2122           4677.18        4838.54
2123           4677.18        4838.54
2124           4677.18        4838.54
2125           4677.18        4838.54
2126           4677.18        4838.54
2127           4677.18        4838.54
2128           4677.18        4838.54
2129           4677.18        4838.54
2130           4677.18        4838.54
2131           4677.18        4838.54
2132           4677.18        4838.54
2133           4677.18        4838.54
2134           4677.18        4838.54
2135           4677.18        4838.54
2136           4677.18        4838.54
2137           4677.18        4838.54
2138           4677.18        4838.54
2139           4677.18        4838.54
2140           4677.18        4838.54
2141           4677.18        4838.54
2142           4677.18        4838.54
2143           4677.18        4838.54
2144           4677.18        4838.54
2145           4677.18        4838.54
2146           4677.18        4838.54
2147           4677.18        4838.54
2148           4677.18        4838.54
2149           4677.18        4838.54
2150           4677.18        4838.54
2151           4677.18        4838.54
2152           4677.18        4838.54
2153           4677.18        4838.54
2154           4677.18        4838.54
2155           4677.18        4838.54
2156           4677.18        4838.54
2157           4677.18        4838.54
2158           4677.18        4838.54
2159           4677.18        4838.53
2160           4677.18        4838.53
2161           4677.18        4838.53
2162           4677.18        4838.53
2163           4677.18        4838.53
2164           4677.18        4838.53
2165           4677.18        4838.53
2166           4677.18        4838.53
2167           4677.18        4838.53
2168           4677.18        4838.53
2169           4677.18        4838.53
2170           4677.18        4838.53
2171           4677.18        4838.53
2172           4677.18        4838.53
2173           4677.18        4838.53
2174           4677.18        4838.53
2175           4677.18        4838.53
2176           4677.18        4838.53
2177           4677.18        4838.53
2178           4677.18        4838.53
2179           4677.18        4838.53
2180           4677.18        4838.53
2181           4677.18        4838.53
2182           4677.18        4838.53
2183           4677.18        4838.53
2184           4677.18        4838.53
2185           4677.18        4838.53
2186           4677.18        4838.53
2187           4677.18        4838.53
2188           4677.18        4838.53
2189           4677.18        4838.53
2190           4677.18        4838.53
2191           4677.18        4838.53
2192           4677.18        4838.53
2193           4677.18        4838.53
2194           4677.18        4838.53
2195           4677.18        4838.53
2196           4677.18        4838.53
2197           4677.18        4838.53
2198           4677.18        4838.53
2199           4677.18        4838.53
2200           4677.18        4838.53
2201           4677.18        4838.53
2202           4677.18        4838.53
2203           4677.18        4838.53
2204           4677.18        4838.53
2205           4677.18        4838.53
2206           4677.18        4838.53
2207           4677.18        4838.53
2208           4677.18        4838.53
2209           4677.18        4838.53
2210           4677.18        4838.53
2211           4677.18        4838.53
2212           4677.18        4838.53
2213           4677.18        4838.53
2214           4677.18        4838.53
2215           4677.18        4838.53
2216           4677.18        4838.53
2217           4677.18        4838.53
2218           4677.18        4838.53
2219           4677.18        4838.53
2220           4677.18        4838.53
2221           4677.18        4838.53
2222           4677.18        4838.53
2223           4677.18        4838.53
2224           4677.18        4838.53
2225           4677.18        4838.53
2226           4677.18        4838.53
2227           4677.18        4838.53
2228           4677.18        4838.53
2229           4677.18        4838.53
2230           4677.18        4838.53
2231           4677.18        4838.53
2232           4677.18        4838.53
2233           4677.18        4838.53
2234           4677.18        4838.53
2235           4677.18        4838.53
2236           4677.18        4838.53
2237           4677.18        4838.53
2238           4677.18        4838.53
2239           4677.18        4838.53
2240           4677.18        4838.53
2241           4677.18        4838.53
2242           4677.18        4838.53
2243           4677.18        4838.53
2244           4677.18        4838.53
2245           4677.18        4838.53
2246           4677.18        4838.53
2247           4677.18        4838.53
2248           4677.18        4838.53
2249           4677.18        4838.53
2250           4677.18        4838.53
2251           4677.18        4838.53
2252           4677.18        4838.53
2253           4677.18        4838.53
2254           4677.18        4838.53
2255           4677.18        4838.53
2256           4677.18        4838.53
2257           4677.18        4838.53
2258           4677.18        4838.53
2259           4677.18        4838.53
2260           4677.18        4838.53
2261           4677.18        4838.53
2262           4677.18        4838.53
2263           4677.18        4838.53
2264           4677.18        4838.53
2265           4677.18        4838.53
2266           4677.18        4838.53
2267           4677.18        4838.53
2268           4677.18        4838.53
2269           4677.18        4838.53
2270           4677.18        4838.53
2271           4677.18        4838.53
2272           4677.18        4838.53
2273           4677.18        4838.53
2274           4677.18        4838.53
2275           4677.18        4838.53
2276           4677.18        4838.53
2277           4677.18        4838.53
2278           4677.18        4838.53
2279           4677.18        4838.53
2280           4677.18        4838.53
2281           4677.18        4838.53
2282           4677.18        4838.53
2283           4677.18        4838.53
2284           4677.18        4838.53
2285           4677.18        4838.53
2286           4677.18        4838.53
2287           4677.18        4838.53
2288           4677.18        4838.53
2289           4677.18        4838.53
2290           4677.18        4838.53
2291           4677.18        4838.53
2292           4677.18        4838.53
2293           4677.18        4838.53
2294           4677.18        4838.53
2295           4677.18        4838.53
2296           4677.18        4838.53
2297           4677.18        4838.53
2298           4677.18        4838.53
2299           4677.18        4838.53
2300           4677.18        4838.53
2301           4677.18        4838.53
2302           4677.18        4838.53
2303           4677.17        4838.53
2304           4677.17        4838.53
2305           4677.17        4838.53
2306           4677.17        4838.53
2307           4677.17        4838.53
2308           4677.17        4838.53
2309           4677.17        4838.53
2310           4677.17        4838.53
2311           4677.17        4838.53
2312           4677.17        4838.53
2313           4677.17        4838.53
2314           4677.17        4838.53
2315           4677.17        4838.53
2316           4677.17        4838.53
2317           4677.17        4838.53
2318           4677.17        4838.53
2319           4677.17        4838.53
2320           4677.17        4838.53
2321           4677.17        4838.53
2322           4677.17        4838.53
2323           4677.17        4838.53
2324           4677.17        4838.53
2325           4677.17        4838.53
2326           4677.17        4838.52
2327           4677.17        4838.52
2328           4677.17        4838.52
2329           4677.17        4838.52
2330           4677.17        4838.52
2331           4677.17        4838.52
2332           4677.17        4838.52
2333           4677.17        4838.52
2334           4677.17        4838.52
2335           4677.17        4838.52
2336           4677.17        4838.52
2337           4677.17        4838.52
2338           4677.17        4838.52
2339           4677.17        4838.52
2340           4677.17        4838.52
2341           4677.17        4838.52
2342           4677.17        4838.52
2343           4677.17        4838.52
2344           4677.17        4838.52
2345           4677.17        4838.52
2346           4677.17        4838.52
2347           4677.17        4838.52
2348           4677.17        4838.52
2349           4677.17        4838.52
2350           4677.17        4838.52
2351           4677.17        4838.52
2352           4677.17        4838.52
2353           4677.17        4838.52
2354           4677.17        4838.52
2355           4677.17        4838.52
2356           4677.17        4838.52
2357           4677.17        4838.52
2358           4677.17        4838.52
2359           4677.17        4838.52
2360           4677.17        4838.52
2361           4677.17        4838.52
2362           4677.17        4838.52
2363           4677.17        4838.52
2364           4677.17        4838.52
2365           4677.17        4838.52
2366           4677.17        4838.52
2367           4677.17        4838.52
2368           4677.17        4838.52
2369           4677.17        4838.52
2370           4677.17        4838.52
2371           4677.17        4838.52
2372           4677.17        4838.52
2373           4677.17        4838.52
2374           4677.17        4838.52
2375           4677.17        4838.52
2376           4677.17        4838.52
2377           4677.17        4838.52
2378           4677.17        4838.52
2379           4677.17        4838.52
2380           4677.17        4838.52
2381           4677.17        4838.52
2382           4677.17        4838.52
2383           4677.17        4838.52
2384           4677.17        4838.52
2385           4677.17        4838.52
2386           4677.17        4838.52
2387           4677.17        4838.52
2388           4677.17        4838.52
2389           4677.17        4838.52
2390           4677.17        4838.52
2391           4677.17        4838.52
2392           4677.17        4838.52
2393           4677.17        4838.52
2394           4677.17        4838.52
2395           4677.17        4838.52
2396           4677.17        4838.52
2397           4677.17        4838.52
2398           4677.17        4838.52
2399           4677.17        4838.52
2400           4677.17        4838.52
2401           4677.17        4838.52
2402           4677.17        4838.52
2403           4677.17        4838.52
2404           4677.17        4838.52
2405           4677.17        4838.52
2406           4677.17        4838.52
2407           4677.17        4838.52
2408           4677.17        4838.52
2409           4677.17        4838.52
2410           4677.17        4838.52
2411           4677.17        4838.52
2412           4677.17        4838.52
2413           4677.17        4838.52
2414           4677.17        4838.52
2415           4677.17        4838.52
2416           4677.17        4838.52
2417           4677.17        4838.52
2418           4677.17        4838.52
2419           4677.17        4838.52
2420           4677.17        4838.52
2421           4677.17        4838.52
2422           4677.17        4838.52
2423           4677.17        4838.52
2424           4677.17        4838.52
2425           4677.17        4838.52
2426           4677.17        4838.52
2427           4677.17        4838.52
2428           4677.17        4838.52
2429           4677.17        4838.52
2430           4677.17        4838.52
2431           4677.17        4838.52
2432           4677.17        4838.52
2433           4677.17        4838.52
2434           4677.17        4838.52
2435           4677.17        4838.52
2436           4677.17        4838.52
2437           4677.17        4838.52
2438           4677.17        4838.52
2439           4677.17        4838.52
2440           4677.17        4838.52
2441           4677.17        4838.52
2442           4677.17        4838.52
2443           4677.17        4838.52
2444           4677.17        4838.52
2445           4677.17        4838.52
2446           4677.17        4838.52
2447           4677.17        4838.52
2448           4677.17        4838.52
2449           4677.17        4838.52
2450           4677.17        4838.52
2451           4677.17        4838.52
2452           4677.17        4838.52
2453           4677.17        4838.52
2454           4677.17        4838.52
2455           4677.17        4838.52
2456           4677.17        4838.52
2457           4677.17        4838.52
2458           4677.17        4838.52
2459           4677.17        4838.52
2460           4677.17        4838.52
2461           4677.17        4838.52
2462           4677.17        4838.52
2463           4677.17        4838.52
2464           4677.17        4838.52
2465           4677.17        4838.52
2466           4677.17        4838.51
2467           4677.17        4838.51
2468           4677.17        4838.51
2469           4677.17        4838.51
2470           4677.17        4838.51
2471           4677.17        4838.51
2472           4677.17        4838.51
2473           4677.17        4838.51
2474           4677.17        4838.51
2475           4677.17        4838.51
2476           4677.17        4838.51
2477           4677.17        4838.51
2478           4677.17        4838.51
2479           4677.17        4838.51
2480           4677.17        4838.51
2481           4677.17        4838.51
2482           4677.17        4838.51
2483           4677.17        4838.51
2484           4677.17        4838.51
2485           4677.17        4838.51
2486           4677.17        4838.51
2487           4677.17        4838.51
2488           4677.17        4838.51
2489           4677.17        4838.51
2490           4677.17        4838.51
2491           4677.17        4838.51
2492           4677.17        4838.51
2493           4677.17        4838.51
2494           4677.17        4838.51
2495           4677.17        4838.51
2496           4677.17        4838.51
2497           4677.17        4838.51
2498           4677.17        4838.51
2499           4677.17        4838.51
2500           4677.17        4838.51
