#ITER       #BEST_FO       #MEDIA_FO
1                 0    1.24259e+08
2                 0    5.85469e+06
3                 0         162573
4                 0        40215.9
5                 0        34701.1
6                 0        31343.3
7                 0        28223.6
8                 0        26224.1
9                 0        24012.4
10                 0          22115
11                 0        20142.8
12                 0        18237.6
13                 0        17268.7
14                 0          17019
15                 0        16424.9
16                 0        14763.8
17                 0        13492.8
18                 0        13096.2
19                 0        12666.9
20                 0        12287.8
21                 0        12019.9
22                 0          11562
23                 0        10976.3
24                 0        10657.9
25                 0          10445
26                 0        9851.95
27                 0        9767.19
28                 0        9595.38
29                 0        9591.95
30                 0        9440.95
31                 0        9427.89
32                 0        9168.02
33                 0        8919.72
34                 0        8548.38
35                 0        8330.92
36                 0        8240.37
37                 0        8173.76
38                 0        8083.62
39                 0        7999.58
40                 0        7955.74
41                 0        7954.86
42                 0         7734.7
43                 0        7653.96
44                 0        7633.57
45                 0        7633.17
46                 0        7633.16
47                 0        7633.16
48                 0        7618.47
49                 0        7609.62
50                 0        7609.44
51                 0        7581.35
52                 0        7570.09
53                 0        7569.87
54                 0        7562.72
55                 0         7520.3
56                 0        7386.84
57                 0        7366.55
58                 0        7359.75
59                 0        7284.25
60                 0        7282.74
61                 0        7228.65
62                 0        7207.69
63                 0        7201.19
64                 0        7156.75
65                 0        7099.11
66                 0        7059.82
67                 0         7023.7
68                 0        6963.23
69                 0        6952.65
70                 0        6927.76
71                 0        6894.18
72                 0        6848.23
73                 0        6814.08
74                 0        6776.58
75                 0        6775.79
76                 0         6723.4
77                 0        6722.35
78                 0        6666.09
79                 0        6658.86
80                 0        6658.71
81                 0        6641.94
82                 0        6617.95
83                 0        6617.47
84                 0        6596.23
85                 0        6595.81
86                 0        6574.87
87                 0        6567.81
88                 0        6566.84
89                 0        6523.66
90                 0         6522.8
91                 0        6522.78
92                 0        6509.71
93                 0        6493.89
94                 0        6493.57
95                 0        6449.24
96                 0        6423.87
97                 0        6423.37
98                 0        6389.61
99                 0        6376.16
100                 0        6373.55
101                 0        6369.62
102                 0        6337.94
103                 0        6335.92
104                 0        6323.74
105                 0        6304.28
106                 0        6303.89
107                 0        6303.89
108                 0        6284.17
109                 0        6283.77
110                 0        6263.05
111                 0        6259.74
112                 0         6229.7
113                 0         6229.1
114                 0        6229.09
115                 0        6229.09
116                 0        6229.09
117                 0        6229.09
118                 0        6229.09
119                 0         6201.4
120                 0        6162.56
121                 0        6161.78
122                 0        6161.76
123                 0        6148.87
124                 0        6148.61
125                 0         6148.6
126                 0         6148.6
127                 0         6125.3
128                 0        6124.83
129                 0         6117.6
130                 0        6105.49
131                 0        6105.25
132                 0        6104.88
133                 0        6104.88
134                 0        6103.29
135                 0        6103.26
136                 0        6095.04
137                 0        6094.88
138                 0        6094.88
139                 0        6094.88
140                 0        6092.55
141                 0        6081.73
142                 0        6077.23
143                 0        6074.38
144                 0        6074.32
145                 0        6074.32
146                 0        6070.56
147                 0        6035.58
148                 0        6034.88
149                 0        6034.87
150                 0        6034.87
151                 0        6030.21
152                 0        6030.11
153                 0        6029.37
154                 0        6021.42
155                 0        6021.26
156                 0        6015.69
157                 0        6013.95
158                 0        6013.92
159                 0        6006.54
160                 0        6006.39
161                 0        6006.39
162                 0        6006.39
163                 0        6006.39
164                 0        5997.43
165                 0        5996.83
166                 0        5993.29
167                 0        5993.22
168                 0        5993.22
169                 0        5993.22
170                 0        5990.74
171                 0        5990.69
172                 0         5979.5
173                 0        5976.81
174                 0        5976.76
175                 0        5964.41
176                 0        5958.67
177                 0        5958.56
178                 0        5958.56
179                 0        5958.56
180                 0        5954.15
181                 0        5951.28
182                 0        5951.22
183                 0         5931.9
184                 0        5924.61
185                 0        5924.47
186                 0        5914.54
187                 0        5914.34
188                 0        5905.74
189                 0        5905.57
190                 0        5905.57
191                 0        5899.86
192                 0        5897.69
193                 0        5878.89
194                 0        5873.47
195                 0        5873.36
196                 0        5856.45
197                 0        5856.11
198                 0         5856.1
199                 0         5856.1
200                 0        5838.08
201                 0        5837.72
202                 0        5834.37
203                 0        5834.31
204                 0        5810.58
205                 0        5799.58
206                 0        5799.36
207                 0        5799.36
208                 0        5787.95
209                 0        5787.72
210                 0        5781.03
211                 0        5777.14
212                 0        5777.06
213                 0        5777.06
214                 0        5777.06
215                 0        5777.06
216                 0        5777.06
217                 0        5772.45
218                 0        5772.36
219                 0        5767.17
220                 0        5767.07
221                 0        5767.07
222                 0        5767.07
223                 0        5767.07
224                 0        5767.07
225                 0        5767.07
226                 0        5767.07
227                 0        5767.07
228                 0        5767.07
229                 0        5767.07
230                 0        5765.34
231                 0         5765.3
232                 0         5765.3
233                 0         5760.2
234                 0        5756.77
235                 0        5741.56
236                 0        5741.25
237                 0        5741.25
238                 0        5731.75
239                 0        5731.56
240                 0        5731.55
241                 0         5729.6
242                 0        5729.56
243                 0        5723.82
244                 0        5717.91
245                 0        5707.64
246                 0        5707.43
247                 0        5707.43
248                 0        5707.43
249                 0        5707.43
250                 0         5703.6
251                 0        5703.53
252                 0        5703.53
253                 0        5703.53
254                 0        5703.53
255                 0        5703.53
256                 0        5703.53
257                 0        5703.53
258                 0        5703.53
259                 0        5703.53
260                 0        5703.53
261                 0        5703.53
262                 0        5700.83
263                 0        5700.78
264                 0        5700.78
265                 0        5700.78
266                 0        5700.78
267                 0        5683.06
268                 0        5679.49
269                 0        5679.42
270                 0        5679.42
271                 0        5672.73
272                 0         5672.6
273                 0        5669.47
274                 0        5661.31
275                 0        5661.14
276                 0        5661.14
277                 0        5660.94
278                 0        5660.93
279                 0        5660.93
280                 0        5660.93
281                 0        5660.93
282                 0        5659.82
283                 0        5659.79
284                 0        5659.79
285                 0        5658.41
286                 0        5656.41
287                 0        5651.28
288                 0        5651.18
289                 0        5651.18
290                 0        5651.18
291                 0        5651.18
292                 0        5651.18
293                 0        5640.99
294                 0        5640.78
295                 0        5640.78
296                 0        5634.67
297                 0        5634.55
298                 0        5634.55
299                 0        5634.55
300                 0         5633.9
301                 0        5633.88
302                 0        5633.88
303                 0        5630.06
304                 0        5625.65
305                 0        5619.01
306                 0        5618.88
307                 0        5612.11
308                 0        5611.98
309                 0        5606.96
310                 0        5606.86
311                 0        5606.85
312                 0        5606.85
313                 0        5606.85
314                 0        5606.85
315                 0        5606.85
316                 0        5606.85
317                 0        5606.85
318                 0        5606.85
319                 0        5606.85
320                 0        5606.85
321                 0        5606.85
322                 0        5605.92
323                 0         5605.9
324                 0         5605.9
325                 0        5602.02
326                 0        5601.95
327                 0        5601.95
328                 0        5601.95
329                 0        5601.95
330                 0        5601.95
331                 0        5601.95
332                 0        5601.95
333                 0        5601.95
334                 0        5601.95
335                 0        5601.95
336                 0         5592.5
337                 0        5589.98
338                 0        5589.93
339                 0        5588.92
340                 0         5588.9
341                 0         5588.9
342                 0         5588.9
343                 0         5588.9
344                 0        5587.22
345                 0        5582.52
346                 0         5581.1
347                 0        5581.07
348                 0        5581.07
349                 0        5581.07
350                 0        5581.07
351                 0        5581.07
352                 0        5581.07
353                 0        5581.07
354                 0        5580.98
355                 0        5580.98
356                 0        5580.98
357                 0        5580.98
358                 0        5580.98
359                 0        5580.98
360                 0        5580.98
361                 0        5580.98
362                 0        5580.98
363                 0        5580.35
364                 0        5579.97
365                 0        5575.53
366                 0        5575.44
367                 0        5575.44
368                 0        5575.44
369                 0        5574.68
370                 0        5574.67
371                 0        5574.67
372                 0        5567.96
373                 0        5567.83
374                 0        5567.83
375                 0        5567.83
376                 0        5567.66
377                 0        5567.66
378                 0        5567.66
379                 0        5567.66
380                 0        5567.66
381                 0        5567.66
382                 0        5567.66
383                 0        5567.66
384                 0        5563.17
385                 0        5562.64
386                 0        5562.63
387                 0        5562.63
388                 0        5562.63
389                 0        5562.63
390                 0        5562.61
391                 0        5562.61
392                 0        5562.61
393                 0        5560.88
394                 0        5560.85
395                 0        5560.85
396                 0        5560.71
397                 0        5556.56
398                 0        5556.48
399                 0        5556.47
400                 0        5555.34
401                 0        5555.32
402                 0        5554.27
403                 0        5554.07
404                 0        5552.88
405                 0        5552.86
406                 0        5552.86
407                 0        5551.91
408                 0        5551.89
409                 0        5551.89
410                 0        5551.89
411                 0        5551.89
412                 0        5551.89
413                 0        5551.89
414                 0        5551.89
415                 0        5551.89
416                 0        5551.89
417                 0        5551.89
418                 0        5551.89
419                 0        5551.89
420                 0        5551.89
421                 0        5551.89
422                 0        5551.89
423                 0        5551.89
424                 0        5551.89
425                 0        5551.89
426                 0        5551.89
427                 0        5549.42
428                 0        5549.37
429                 0        5549.37
430                 0        5549.37
431                 0        5549.37
432                 0        5549.37
433                 0        5548.28
434                 0        5548.26
435                 0        5548.26
436                 0        5548.26
437                 0        5547.25
438                 0        5547.23
439                 0        5545.46
440                 0        5545.42
441                 0        5545.42
442                 0        5545.42
443                 0        5545.42
444                 0        5545.42
445                 0        5545.42
446                 0        5545.42
447                 0        5545.42
448                 0        5545.42
449                 0        5545.42
450                 0        5545.42
451                 0        5545.42
452                 0        5545.42
453                 0        5545.42
454                 0        5542.78
455                 0        5542.73
456                 0        5542.73
457                 0        5536.98
458                 0        5536.87
459                 0        5536.87
460                 0        5536.87
461                 0        5536.87
462                 0        5536.87
463                 0        5536.87
464                 0        5536.78
465                 0        5532.23
466                 0        5532.14
467                 0        5527.31
468                 0        5527.21
469                 0        5521.53
470                 0        5521.42
471                 0        5521.42
472                 0        5521.42
473                 0        5519.81
474                 0        5519.77
475                 0        5519.77
476                 0        5518.66
477                 0        5515.19
478                 0        5512.53
479                 0        5512.48
480                 0        5512.48
481                 0        5512.48
482                 0        5509.63
483                 0        5508.73
484                 0        5508.72
485                 0        5508.72
486                 0        5508.72
487                 0        5508.72
488                 0        5508.72
489                 0        5508.72
490                 0        5508.29
491                 0        5507.09
492                 0        5507.07
493                 0        5507.07
494                 0        5507.07
495                 0        5504.34
496                 0        5504.28
497                 0        5504.28
498                 0        5504.28
499                 0        5504.28
500                 0         5503.3
501                 0        5503.28
502                 0        5503.28
503                 0        5503.28
504                 0        5503.28
505                 0        5503.28
506                 0        5503.28
507                 0        5503.28
508                 0        5503.28
509                 0        5503.28
510                 0        5503.28
511                 0        5503.28
512                 0        5503.28
513                 0        5503.28
514                 0        5503.28
515                 0        5503.28
516                 0        5503.28
517                 0        5503.28
518                 0        5503.28
519                 0        5503.28
520                 0        5503.28
521                 0        5503.28
522                 0        5503.28
523                 0        5503.28
524                 0        5503.28
525                 0        5503.21
526                 0        5503.21
527                 0        5503.21
528                 0        5503.21
529                 0        5503.21
530                 0        5503.21
531                 0        5500.56
532                 0        5500.51
533                 0        5500.51
534                 0        5500.51
535                 0        5500.51
536                 0        5500.51
537                 0        5500.51
538                 0        5500.51
539                 0        5500.51
540                 0        5500.51
541                 0        5500.51
542                 0        5500.51
543                 0        5500.51
544                 0        5500.51
545                 0        5500.51
546                 0        5500.51
547                 0        5499.85
548                 0        5499.84
549                 0        5499.84
550                 0        5499.84
551                 0        5499.84
552                 0        5499.84
553                 0        5499.84
554                 0        5499.84
555                 0        5499.84
556                 0        5499.84
557                 0        5499.84
558                 0        5499.84
559                 0        5499.84
560                 0        5499.61
561                 0         5499.6
562                 0         5499.6
563                 0        5498.54
564                 0        5498.52
565                 0        5498.52
566                 0        5498.52
567                 0        5498.13
568                 0        5498.12
569                 0        5498.12
570                 0        5498.12
571                 0        5498.12
572                 0        5498.12
573                 0        5497.16
574                 0        5497.15
575                 0        5496.55
576                 0        5496.54
577                 0        5496.54
578                 0        5496.54
579                 0        5496.54
580                 0        5496.54
581                 0        5496.54
582                 0        5496.54
583                 0        5495.81
584                 0         5492.2
585                 0        5492.13
586                 0        5492.13
587                 0        5491.79
588                 0        5491.78
589                 0        5491.78
590                 0        5491.78
591                 0        5491.78
592                 0        5491.78
593                 0        5491.78
594                 0         5491.6
595                 0         5491.6
596                 0         5491.6
597                 0         5491.6
598                 0         5491.6
599                 0         5491.6
600                 0         5491.6
601                 0         5491.6
602                 0         5491.6
603                 0         5491.6
604                 0        5490.78
605                 0        5490.76
606                 0        5490.76
607                 0        5490.76
608                 0        5490.76
609                 0        5490.71
610                 0        5490.71
611                 0        5490.71
612                 0        5490.71
613                 0        5490.71
614                 0        5490.71
615                 0        5490.71
616                 0        5490.71
617                 0        5490.71
618                 0        5490.71
619                 0        5490.71
620                 0        5490.71
621                 0        5490.71
622                 0        5490.71
623                 0        5490.71
624                 0        5490.71
625                 0        5490.71
626                 0        5490.71
627                 0        5490.71
628                 0        5490.71
629                 0        5490.71
630                 0        5490.71
631                 0        5490.71
632                 0        5490.21
633                 0         5490.2
634                 0         5490.2
635                 0        5487.96
636                 0        5487.91
637                 0        5487.91
638                 0        5487.91
639                 0        5487.91
640                 0        5487.91
641                 0        5487.91
642                 0        5487.91
643                 0        5487.91
644                 0        5487.91
645                 0        5487.91
646                 0        5487.91
647                 0        5487.91
648                 0        5487.91
649                 0        5487.91
650                 0        5486.88
651                 0        5486.86
652                 0        5486.86
653                 0        5486.86
654                 0        5486.86
655                 0        5486.86
656                 0        5486.86
657                 0        5486.86
658                 0        5486.86
659                 0        5486.86
660                 0        5486.86
661                 0        5486.86
662                 0        5486.86
663                 0        5486.86
664                 0        5486.86
665                 0        5486.86
666                 0        5486.86
667                 0        5486.86
668                 0        5485.58
669                 0        5485.56
670                 0        5485.56
671                 0        5485.56
672                 0        5485.56
673                 0        5485.56
674                 0        5485.56
675                 0        5485.56
676                 0        5485.56
677                 0        5485.56
678                 0        5485.56
679                 0        5485.56
680                 0        5485.56
681                 0        5485.56
682                 0        5485.56
683                 0        5485.56
684                 0        5485.56
685                 0        5485.56
686                 0        5485.56
687                 0        5480.71
688                 0        5480.62
689                 0        5480.61
690                 0        5480.61
691                 0        5480.61
692                 0        5480.61
693                 0        5480.61
694                 0        5480.61
695                 0        5480.61
696                 0        5480.61
697                 0        5480.61
698                 0        5480.61
699                 0        5480.61
700                 0        5480.61
701                 0        5480.61
702                 0        5480.61
703                 0        5480.61
704                 0        5480.61
705                 0        5480.61
706                 0        5480.61
707                 0        5480.61
708                 0        5480.61
709                 0        5480.61
710                 0        5480.61
711                 0        5479.03
712                 0           5479
713                 0           5479
714                 0           5479
715                 0           5479
716                 0           5479
717                 0           5479
718                 0           5479
719                 0           5479
720                 0           5479
721                 0           5479
722                 0           5479
723                 0           5479
724                 0           5479
725                 0           5479
726                 0           5479
727                 0           5479
728                 0           5479
729                 0           5479
730                 0           5479
731                 0           5479
732                 0           5479
733                 0           5479
734                 0           5479
735                 0           5479
736                 0           5479
737                 0           5479
738                 0           5479
739                 0           5479
740                 0           5479
741                 0           5479
742                 0           5479
743                 0           5479
744                 0           5479
745                 0           5479
746                 0        5478.85
747                 0        5478.85
748                 0        5478.85
749                 0        5478.62
750                 0        5478.62
751                 0        5478.62
752                 0        5478.62
753                 0        5478.62
754                 0        5478.62
755                 0        5478.62
756                 0        5478.62
757                 0        5478.62
758                 0        5478.62
759                 0        5478.62
760                 0        5478.62
761                 0        5478.62
762                 0        5478.62
763                 0        5476.75
764                 0        5476.71
765                 0        5476.59
766                 0        5476.59
767                 0        5476.59
768                 0        5476.59
769                 0        5476.59
770                 0        5476.59
771                 0        5476.59
772                 0        5476.59
773                 0        5474.92
774                 0        5474.89
775                 0        5474.89
776                 0        5474.89
777                 0        5474.89
778                 0        5474.89
779                 0        5474.89
780                 0        5474.89
781                 0        5474.89
782                 0        5474.89
783                 0        5474.89
784                 0        5474.89
785                 0        5474.89
786                 0        5474.89
787                 0        5474.89
788                 0        5474.89
789                 0        5474.89
790                 0        5474.89
791                 0        5474.89
792                 0        5474.89
793                 0        5474.89
794                 0        5474.89
795                 0        5474.89
796                 0        5474.89
797                 0        5474.89
798                 0        5474.89
799                 0        5474.89
800                 0        5474.89
801                 0        5474.89
802                 0        5474.89
803                 0        5474.89
804                 0        5474.89
805                 0        5474.89
806                 0        5474.89
807                 0        5474.89
808                 0        5474.89
809                 0        5474.89
810                 0        5474.89
811                 0        5474.89
812                 0        5474.89
813                 0        5474.89
814                 0        5472.71
815                 0        5472.67
816                 0        5472.67
817                 0        5472.06
818                 0        5472.05
819                 0        5472.05
820                 0        5472.05
821                 0        5472.05
822                 0        5472.05
823                 0        5472.05
824                 0        5472.05
825                 0        5472.05
826                 0        5472.05
827                 0        5472.05
828                 0        5472.05
829                 0        5472.05
830                 0        5472.05
831                 0        5472.05
832                 0        5472.05
833                 0        5472.05
834                 0        5472.05
835                 0        5470.76
836                 0        5470.73
837                 0        5470.73
838                 0        5470.73
839                 0        5470.73
840                 0        5470.73
841                 0        5470.73
842                 0        5470.73
843                 0        5470.73
844                 0        5470.73
845                 0        5470.73
846                 0        5470.73
847                 0        5470.73
848                 0        5469.93
849                 0        5469.91
850                 0        5469.91
851                 0        5469.91
852                 0        5469.91
853                 0        5469.91
854                 0        5469.91
855                 0        5469.91
856                 0        5469.91
857                 0        5469.91
858                 0        5469.91
859                 0        5469.91
860                 0        5469.91
861                 0        5469.49
862                 0        5469.48
863                 0        5469.48
864                 0        5469.48
865                 0        5469.48
866                 0        5469.48
867                 0        5469.48
868                 0        5469.48
869                 0        5469.48
870                 0        5469.48
871                 0        5469.48
872                 0        5469.48
873                 0        5469.48
874                 0        5469.48
875                 0        5469.48
876                 0        5469.48
877                 0        5468.29
878                 0        5468.26
879                 0        5467.98
880                 0        5467.98
881                 0        5467.98
882                 0        5467.98
883                 0        5467.98
884                 0        5467.98
885                 0        5467.98
886                 0        5467.98
887                 0        5467.18
888                 0        5467.17
889                 0        5467.17
890                 0        5467.17
891                 0        5467.17
892                 0        5465.94
893                 0        5465.91
894                 0        5465.91
895                 0        5465.91
896                 0        5465.91
897                 0        5465.91
898                 0        5465.91
899                 0        5465.91
900                 0        5465.91
901                 0        5465.91
902                 0         5465.4
903                 0        5465.39
904                 0        5465.39
905                 0        5465.39
906                 0        5465.39
907                 0        5465.39
908                 0        5465.39
909                 0        5465.39
910                 0        5465.39
911                 0        5465.39
912                 0        5465.39
913                 0        5465.39
914                 0        5465.39
915                 0        5465.39
916                 0        5465.39
917                 0        5465.39
918                 0        5465.39
919                 0        5465.39
920                 0        5465.39
921                 0        5465.39
922                 0        5465.39
923                 0        5465.39
924                 0        5465.39
925                 0        5465.39
926                 0        5465.39
927                 0        5465.39
928                 0        5465.39
929                 0        5465.39
930                 0        5465.39
931                 0        5465.39
932                 0        5465.39
933                 0        5465.39
934                 0        5465.39
935                 0        5464.44
936                 0        5464.42
937                 0        5464.42
938                 0        5464.42
939                 0        5464.42
940                 0        5464.42
941                 0        5464.42
942                 0        5464.42
943                 0        5464.42
944                 0        5464.42
945                 0        5464.42
946                 0        5464.42
947                 0        5464.42
948                 0        5464.42
949                 0        5464.42
950                 0        5464.42
951                 0        5464.42
952                 0        5464.42
953                 0        5464.42
954                 0        5464.42
955                 0        5464.42
956                 0        5464.42
957                 0        5464.42
958                 0        5464.42
959                 0        5464.42
960                 0        5464.42
961                 0        5464.42
962                 0        5464.42
963                 0        5464.42
964                 0        5461.17
965                 0        5461.11
966                 0         5461.1
967                 0         5461.1
968                 0         5461.1
969                 0         5461.1
970                 0         5461.1
971                 0         5461.1
972                 0        5461.05
973                 0        5461.05
974                 0        5461.05
975                 0        5461.05
976                 0        5461.05
977                 0        5461.05
978                 0        5461.05
979                 0        5459.84
980                 0        5459.82
981                 0        5459.82
982                 0        5459.82
983                 0        5459.82
984                 0        5459.82
985                 0        5459.82
986                 0        5459.82
987                 0        5459.82
988                 0        5459.82
989                 0        5459.82
990                 0        5459.82
991                 0        5459.82
992                 0        5459.82
993                 0        5459.82
994                 0        5459.82
995                 0        5459.82
996                 0        5459.82
997                 0        5459.82
998                 0        5459.82
999                 0        5459.82
1000                 0        5459.82
1001                 0        5459.82
1002                 0        5459.82
1003                 0        5459.82
1004                 0        5459.82
1005                 0        5459.82
1006                 0        5459.82
1007                 0        5459.82
1008                 0        5459.49
1009                 0        5459.48
1010                 0        5459.48
1011                 0        5459.48
1012                 0        5459.48
1013                 0        5459.48
1014                 0        5459.48
1015                 0        5459.48
1016                 0        5459.48
1017                 0        5459.48
1018                 0        5459.48
1019                 0        5459.48
1020                 0        5459.48
1021                 0        5459.48
1022                 0        5459.48
1023                 0        5459.48
1024                 0        5459.48
1025                 0         5459.3
1026                 0        5457.76
1027                 0        5457.73
1028                 0        5457.73
1029                 0        5457.73
1030                 0        5457.73
1031                 0        5457.73
1032                 0        5457.73
1033                 0        5457.73
1034                 0        5457.73
1035                 0        5457.73
1036                 0        5456.79
1037                 0        5456.51
1038                 0        5456.51
1039                 0        5456.51
1040                 0        5456.51
1041                 0        5456.51
1042                 0        5455.87
1043                 0        5455.86
1044                 0        5455.86
1045                 0        5455.86
1046                 0        5455.86
1047                 0        5455.86
1048                 0        5455.86
1049                 0        5454.14
1050                 0        5454.11
1051                 0        5454.11
1052                 0        5454.11
1053                 0        5454.11
1054                 0        5454.11
1055                 0        5454.11
1056                 0        5454.11
1057                 0        5454.11
1058                 0        5453.58
1059                 0        5453.57
1060                 0        5453.21
1061                 0        5453.21
1062                 0        5453.21
1063                 0        5453.21
1064                 0        5453.21
1065                 0        5453.21
1066                 0        5453.21
1067                 0        5453.21
1068                 0        5452.11
1069                 0        5452.09
1070                 0        5452.09
1071                 0        5452.09
1072                 0        5452.09
1073                 0        5452.09
1074                 0        5452.09
1075                 0        5452.09
1076                 0        5452.09
1077                 0        5452.09
1078                 0        5452.09
1079                 0        5452.09
1080                 0        5452.09
1081                 0        5452.09
1082                 0        5452.09
1083                 0        5452.09
1084                 0        5452.09
1085                 0        5452.09
1086                 0        5452.09
1087                 0        5452.09
1088                 0        5452.09
1089                 0        5452.09
1090                 0        5452.09
1091                 0        5452.09
1092                 0        5452.09
1093                 0        5452.09
1094                 0        5452.09
1095                 0        5452.09
1096                 0        5452.09
1097                 0        5452.09
1098                 0        5452.09
1099                 0        5452.09
1100                 0        5452.09
1101                 0        5452.09
1102                 0        5452.09
1103                 0        5452.09
1104                 0        5451.54
1105                 0        5451.53
1106                 0        5451.53
1107                 0        5451.53
1108                 0        5451.53
1109                 0        5451.53
1110                 0        5451.53
1111                 0        5451.53
1112                 0        5451.53
1113                 0        5451.53
1114                 0        5451.53
1115                 0        5451.53
1116                 0        5451.53
1117                 0        5450.89
1118                 0        5450.88
1119                 0        5450.88
1120                 0        5450.88
1121                 0        5450.88
1122                 0        5450.88
1123                 0        5450.88
1124                 0        5450.57
1125                 0        5450.57
1126                 0        5450.57
1127                 0        5450.57
1128                 0        5450.57
1129                 0        5450.57
1130                 0        5450.57
1131                 0        5450.57
1132                 0        5450.57
1133                 0        5450.57
1134                 0        5450.57
1135                 0        5450.57
1136                 0        5450.57
1137                 0        5450.57
1138                 0        5450.57
1139                 0        5450.57
1140                 0        5450.57
1141                 0        5450.57
1142                 0        5449.75
1143                 0        5449.73
1144                 0        5449.73
1145                 0        5449.73
1146                 0        5449.73
1147                 0        5449.73
1148                 0        5449.73
1149                 0        5449.73
1150                 0        5449.73
1151                 0        5449.73
1152                 0        5449.73
1153                 0        5449.73
1154                 0        5449.04
1155                 0        5449.02
1156                 0        5448.98
1157                 0        5448.97
1158                 0        5448.97
1159                 0        5448.97
1160                 0        5448.97
1161                 0        5448.97
1162                 0        5448.97
1163                 0        5448.97
1164                 0        5448.97
1165                 0        5448.97
1166                 0        5448.97
1167                 0        5448.97
1168                 0        5448.97
1169                 0        5448.97
1170                 0        5448.97
1171                 0        5448.97
1172                 0        5448.97
1173                 0        5448.97
1174                 0        5448.97
1175                 0        5448.97
1176                 0        5448.66
1177                 0        5448.65
1178                 0        5448.65
1179                 0        5448.65
1180                 0        5448.65
1181                 0        5448.65
1182                 0        5448.65
1183                 0        5448.65
1184                 0        5448.65
1185                 0        5448.65
1186                 0        5448.65
1187                 0        5448.65
1188                 0        5448.65
1189                 0         5447.4
1190                 0        5447.38
1191                 0        5447.38
1192                 0        5447.38
1193                 0        5447.38
1194                 0        5447.38
1195                 0        5447.38
1196                 0        5447.38
1197                 0        5447.38
1198                 0        5447.38
1199                 0        5447.38
1200                 0        5447.38
1201                 0        5447.12
1202                 0        5447.11
1203                 0        5446.98
1204                 0        5446.98
1205                 0        5446.98
1206                 0        5446.98
1207                 0        5446.98
1208                 0        5446.98
1209                 0        5446.98
1210                 0        5446.98
1211                 0        5446.98
1212                 0        5445.48
1213                 0        5445.46
1214                 0        5445.45
1215                 0        5445.45
1216                 0        5445.45
1217                 0        5445.42
1218                 0        5445.42
1219                 0        5445.42
1220                 0        5445.42
1221                 0        5445.42
1222                 0        5445.42
1223                 0        5445.42
1224                 0        5445.42
1225                 0         5445.4
1226                 0        5445.39
1227                 0        5445.39
1228                 0        5445.39
1229                 0        5445.39
1230                 0        5445.39
1231                 0        5445.39
1232                 0        5445.39
1233                 0        5445.39
1234                 0        5445.39
1235                 0        5445.39
1236                 0        5445.39
1237                 0        5445.39
1238                 0        5445.39
1239                 0        5445.39
1240                 0        5445.39
1241                 0        5445.39
1242                 0        5445.39
1243                 0        5445.39
1244                 0        5445.39
1245                 0        5445.39
1246                 0        5445.39
1247                 0        5445.39
1248                 0        5445.39
1249                 0        5445.39
1250                 0        5445.39
1251                 0        5445.39
1252                 0        5445.39
1253                 0        5445.39
1254                 0        5445.39
1255                 0        5445.39
1256                 0        5445.39
1257                 0        5445.39
1258                 0        5443.97
1259                 0        5443.94
1260                 0        5443.94
1261                 0        5443.94
1262                 0        5443.94
1263                 0        5443.94
1264                 0        5443.94
1265                 0        5443.94
1266                 0        5443.94
1267                 0        5443.94
1268                 0        5443.94
1269                 0        5443.94
1270                 0        5443.94
1271                 0        5443.94
1272                 0        5443.94
1273                 0        5443.94
1274                 0        5443.94
1275                 0        5443.94
1276                 0        5443.94
1277                 0        5443.94
1278                 0        5443.94
1279                 0        5443.94
1280                 0        5443.94
1281                 0        5443.94
1282                 0        5443.94
1283                 0        5443.94
1284                 0        5443.94
1285                 0        5443.94
1286                 0        5443.94
1287                 0        5443.94
1288                 0        5443.94
1289                 0        5443.94
1290                 0        5443.75
1291                 0        5443.26
1292                 0        5443.25
1293                 0        5443.25
1294                 0        5443.25
1295                 0        5443.25
1296                 0        5443.25
1297                 0        5443.25
1298                 0        5443.25
1299                 0        5443.25
1300                 0        5441.58
1301                 0        5441.54
1302                 0        5441.54
1303                 0        5441.54
1304                 0        5441.54
1305                 0        5441.54
1306                 0        5441.54
1307                 0        5441.54
1308                 0        5441.54
1309                 0        5441.54
1310                 0        5441.54
1311                 0        5441.54
1312                 0        5441.54
1313                 0        5441.54
1314                 0        5441.54
1315                 0        5441.54
1316                 0        5441.54
1317                 0        5441.54
1318                 0        5441.54
1319                 0        5441.54
1320                 0        5441.54
1321                 0        5441.54
1322                 0        5441.54
1323                 0        5441.54
1324                 0        5441.54
1325                 0        5441.54
1326                 0        5441.54
1327                 0        5441.54
1328                 0        5441.54
1329                 0        5441.54
1330                 0        5441.41
1331                 0        5440.77
1332                 0        5440.76
1333                 0        5440.76
1334                 0        5440.76
1335                 0        5440.76
1336                 0        5440.76
1337                 0        5440.76
1338                 0        5440.76
1339                 0        5440.76
1340                 0        5440.76
1341                 0        5440.76
1342                 0        5440.76
1343                 0        5440.76
1344                 0        5440.76
1345                 0        5440.76
1346                 0        5440.76
1347                 0        5440.76
1348                 0        5440.76
1349                 0        5440.76
1350                 0        5440.76
1351                 0        5440.76
1352                 0        5440.76
1353                 0        5440.76
1354                 0        5440.76
1355                 0        5440.76
1356                 0        5440.76
1357                 0        5440.76
1358                 0        5440.76
1359                 0        5440.76
1360                 0        5440.76
1361                 0        5440.76
1362                 0        5440.76
1363                 0        5440.76
1364                 0        5440.76
1365                 0        5440.76
1366                 0        5440.76
1367                 0        5440.76
1368                 0        5440.76
1369                 0        5440.76
1370                 0        5440.76
1371                 0        5440.76
1372                 0        5440.76
1373                 0        5440.76
1374                 0        5440.76
1375                 0        5440.76
1376                 0        5440.76
1377                 0        5440.76
1378                 0        5440.76
1379                 0        5440.76
1380                 0        5440.76
1381                 0        5440.76
1382                 0        5440.76
1383                 0        5440.76
1384                 0        5440.76
1385                 0        5439.63
1386                 0        5439.61
1387                 0        5439.61
1388                 0        5439.61
1389                 0        5439.61
1390                 0        5439.37
1391                 0        5439.36
1392                 0        5439.36
1393                 0        5439.36
1394                 0        5439.36
1395                 0        5439.36
1396                 0        5439.36
1397                 0        5439.36
1398                 0        5439.36
1399                 0        5439.36
1400                 0        5439.36
1401                 0        5439.36
1402                 0        5438.59
1403                 0        5438.57
1404                 0        5438.57
1405                 0        5438.57
1406                 0        5438.57
1407                 0        5438.57
1408                 0        5438.57
1409                 0        5438.57
1410                 0        5436.93
1411                 0         5436.9
1412                 0         5436.9
1413                 0         5436.9
1414                 0         5436.9
1415                 0         5436.9
1416                 0         5436.9
1417                 0        5435.61
1418                 0        5435.59
1419                 0        5435.59
1420                 0        5435.59
1421                 0        5435.59
1422                 0        5435.59
1423                 0        5435.59
1424                 0        5435.59
1425                 0        5435.59
1426                 0        5435.59
1427                 0        5435.59
1428                 0        5435.59
1429                 0        5435.59
1430                 0        5435.59
1431                 0        5434.89
1432                 0        5434.87
1433                 0        5434.87
1434                 0        5434.87
1435                 0        5434.87
1436                 0        5434.87
1437                 0        5434.87
1438                 0        5434.87
1439                 0        5434.87
1440                 0        5434.87
1441                 0        5434.87
1442                 0        5434.87
1443                 0        5434.87
1444                 0        5434.87
1445                 0        5434.87
1446                 0        5434.87
1447                 0        5434.87
1448                 0        5434.87
1449                 0        5434.87
1450                 0        5434.87
1451                 0        5434.87
1452                 0        5434.87
1453                 0        5434.87
1454                 0        5433.18
1455                 0        5433.15
1456                 0        5433.15
1457                 0        5433.15
1458                 0        5433.15
1459                 0        5433.15
1460                 0        5433.15
1461                 0        5433.15
1462                 0        5433.15
1463                 0        5433.15
1464                 0        5433.15
1465                 0        5433.15
1466                 0        5433.15
1467                 0        5433.15
1468                 0        5433.08
1469                 0        5430.62
1470                 0        5430.57
1471                 0        5430.57
1472                 0        5430.57
1473                 0        5430.57
1474                 0        5430.57
1475                 0        5430.57
1476                 0        5430.57
1477                 0        5430.57
1478                 0        5430.57
1479                 0        5430.57
1480                 0        5430.57
1481                 0        5430.57
1482                 0        5430.57
1483                 0        5430.57
1484                 0        5430.57
1485                 0        5430.57
1486                 0        5430.57
1487                 0        5430.57
1488                 0        5430.57
1489                 0        5430.57
1490                 0        5430.57
1491                 0        5430.57
1492                 0        5430.57
1493                 0        5430.57
1494                 0        5430.57
1495                 0        5430.57
1496                 0        5430.57
1497                 0        5429.71
1498                 0        5429.69
1499                 0         5427.9
1500                 0        5427.86
1501                 0        5427.86
1502                 0        5427.86
1503                 0        5427.86
1504                 0        5427.86
1505                 0        5427.86
1506                 0        5427.86
1507                 0        5427.86
1508                 0        5427.86
1509                 0        5427.86
1510                 0        5427.86
1511                 0        5427.86
1512                 0         5426.2
1513                 0        5426.04
1514                 0        5426.04
1515                 0        5426.04
1516                 0        5426.04
1517                 0        5426.04
1518                 0        5426.04
1519                 0        5426.04
1520                 0        5426.04
1521                 0        5426.04
1522                 0        5426.04
1523                 0        5426.04
1524                 0        5426.04
1525                 0        5426.04
1526                 0        5426.04
1527                 0        5426.04
1528                 0        5426.04
1529                 0        5426.04
1530                 0        5426.04
1531                 0        5426.04
1532                 0        5426.04
1533                 0        5426.04
1534                 0        5426.04
1535                 0        5424.95
1536                 0        5423.98
1537                 0        5423.96
1538                 0        5423.96
1539                 0        5423.96
1540                 0        5423.96
1541                 0        5423.71
1542                 0        5423.71
1543                 0        5423.71
1544                 0        5423.71
1545                 0        5423.71
1546                 0        5423.71
1547                 0        5423.71
1548                 0        5423.71
1549                 0        5423.71
1550                 0        5423.71
1551                 0        5423.71
1552                 0        5423.71
1553                 0        5423.71
1554                 0        5423.71
1555                 0        5423.71
1556                 0        5423.71
1557                 0        5423.71
1558                 0        5423.71
1559                 0        5423.57
1560                 0        5423.57
1561                 0        5423.57
1562                 0        5423.57
1563                 0        5423.57
1564                 0        5423.52
1565                 0        5423.52
1566                 0        5423.52
1567                 0        5423.52
1568                 0        5423.52
1569                 0        5423.52
1570                 0        5423.52
1571                 0        5423.52
1572                 0        5423.52
1573                 0        5423.52
1574                 0        5423.52
1575                 0        5423.52
1576                 0        5423.52
1577                 0        5423.52
1578                 0        5423.52
1579                 0        5423.52
1580                 0        5423.52
1581                 0        5423.52
1582                 0        5423.52
1583                 0        5423.52
1584                 0        5423.52
1585                 0         5423.2
1586                 0        5423.19
1587                 0        5423.19
1588                 0        5423.19
1589                 0        5423.19
1590                 0        5423.19
1591                 0        5423.19
1592                 0        5423.19
1593                 0        5423.19
1594                 0        5423.19
1595                 0        5423.19
1596                 0        5423.19
1597                 0        5423.19
1598                 0        5423.19
1599                 0        5423.19
1600                 0        5423.08
1601                 0        5423.08
1602                 0        5423.08
1603                 0        5423.08
1604                 0        5423.08
1605                 0        5423.08
1606                 0        5423.08
1607                 0        5423.08
1608                 0        5423.08
1609                 0        5423.08
1610                 0        5423.08
1611                 0        5423.08
1612                 0        5423.08
1613                 0        5423.03
1614                 0        5423.03
1615                 0        5423.03
1616                 0        5423.03
1617                 0        5423.03
1618                 0        5423.03
1619                 0        5423.03
1620                 0        5423.03
1621                 0        5423.03
1622                 0        5423.03
1623                 0        5423.03
1624                 0        5423.03
1625                 0        5423.03
1626                 0        5423.03
1627                 0        5423.03
1628                 0        5423.03
1629                 0        5423.03
1630                 0        5423.03
1631                 0        5423.03
1632                 0        5423.03
1633                 0        5423.03
1634                 0        5423.03
1635                 0        5423.03
1636                 0        5423.03
1637                 0        5423.03
1638                 0        5423.03
1639                 0        5423.03
1640                 0        5423.03
1641                 0        5423.03
1642                 0        5423.03
1643                 0        5423.03
1644                 0        5423.03
1645                 0        5423.03
1646                 0        5423.03
1647                 0        5423.03
1648                 0        5422.63
1649                 0        5422.62
1650                 0        5422.62
1651                 0        5422.62
1652                 0         5421.6
1653                 0        5421.58
1654                 0        5421.58
1655                 0        5421.58
1656                 0        5421.58
1657                 0        5421.58
1658                 0        5421.58
1659                 0        5421.58
1660                 0        5421.58
1661                 0        5421.58
1662                 0        5421.58
1663                 0        5421.58
1664                 0        5421.58
1665                 0        5421.58
1666                 0        5421.58
1667                 0        5421.58
1668                 0        5421.58
1669                 0        5420.72
1670                 0         5420.7
1671                 0         5420.7
1672                 0         5420.7
1673                 0         5420.7
1674                 0         5420.7
1675                 0         5420.7
1676                 0         5420.7
1677                 0         5420.7
1678                 0           5419
1679                 0        5418.97
1680                 0        5418.97
1681                 0        5418.97
1682                 0        5418.97
1683                 0        5418.97
1684                 0        5418.97
1685                 0        5418.97
1686                 0        5418.97
1687                 0        5418.97
1688                 0        5418.97
1689                 0        5418.97
1690                 0        5418.97
1691                 0        5418.97
1692                 0        5418.97
1693                 0        5418.97
1694                 0        5418.97
1695                 0        5418.97
1696                 0        5418.97
1697                 0        5418.97
1698                 0        5418.97
1699                 0        5418.97
1700                 0        5418.97
1701                 0        5418.97
1702                 0        5418.97
1703                 0        5418.97
1704                 0        5418.97
1705                 0        5418.97
1706                 0        5418.97
1707                 0        5418.97
1708                 0        5418.97
1709                 0        5418.97
1710                 0        5418.97
1711                 0        5418.97
1712                 0        5418.97
1713                 0        5418.97
1714                 0        5418.97
1715                 0        5418.97
1716                 0        5418.97
1717                 0        5418.97
1718                 0        5418.97
1719                 0        5418.97
1720                 0        5418.97
1721                 0        5418.97
1722                 0        5418.97
1723                 0        5418.97
1724                 0        5418.97
1725                 0        5418.97
1726                 0        5418.97
1727                 0        5418.97
1728                 0        5418.97
1729                 0        5418.97
1730                 0        5418.97
1731                 0        5418.82
1732                 0        5418.82
1733                 0        5418.82
1734                 0        5418.82
1735                 0        5418.82
1736                 0        5418.82
1737                 0        5418.82
1738                 0        5418.82
1739                 0        5418.82
1740                 0        5418.82
1741                 0        5418.82
1742                 0        5418.82
1743                 0        5418.82
1744                 0        5418.82
1745                 0        5418.82
1746                 0        5418.82
1747                 0        5418.82
1748                 0        5418.82
1749                 0        5418.82
1750                 0        5418.82
1751                 0        5418.82
1752                 0        5418.82
1753                 0        5418.82
1754                 0        5418.82
1755                 0        5418.82
1756                 0        5418.82
1757                 0        5418.82
1758                 0        5418.82
1759                 0        5418.82
1760                 0        5418.82
1761                 0        5418.82
1762                 0        5418.82
1763                 0        5418.82
1764                 0        5418.82
1765                 0        5418.82
1766                 0        5418.82
1767                 0        5418.82
1768                 0         5418.5
1769                 0        5418.28
1770                 0        5418.28
1771                 0        5418.28
1772                 0        5418.28
1773                 0        5418.28
1774                 0        5418.28
1775                 0        5418.28
1776                 0        5418.28
1777                 0        5418.28
1778                 0        5416.51
1779                 0        5416.48
1780                 0        5416.47
1781                 0        5416.47
1782                 0        5416.47
1783                 0        5416.47
1784                 0        5416.47
1785                 0        5416.47
1786                 0        5416.47
1787                 0        5416.47
1788                 0        5416.47
1789                 0        5416.47
1790                 0        5416.47
1791                 0        5416.47
1792                 0        5416.47
1793                 0        5416.47
1794                 0        5416.47
1795                 0        5416.47
1796                 0        5416.47
1797                 0        5416.47
1798                 0        5416.47
1799                 0        5416.47
1800                 0        5416.47
1801                 0        5416.47
1802                 0        5416.47
1803                 0        5416.47
1804                 0        5416.47
1805                 0        5416.47
1806                 0        5416.47
1807                 0        5416.47
1808                 0        5416.47
1809                 0        5416.47
1810                 0        5416.47
1811                 0        5416.47
1812                 0        5416.47
1813                 0        5416.47
1814                 0        5416.47
1815                 0        5416.47
1816                 0        5416.47
1817                 0        5416.47
1818                 0        5416.47
1819                 0        5416.47
1820                 0        5416.47
1821                 0        5416.47
1822                 0        5416.47
1823                 0        5416.47
1824                 0        5416.47
1825                 0        5416.47
1826                 0         5416.2
1827                 0         5416.2
1828                 0         5416.2
1829                 0         5416.2
1830                 0         5416.2
1831                 0         5416.2
1832                 0        5416.09
1833                 0        5416.09
1834                 0        5416.09
1835                 0        5416.09
1836                 0        5415.69
1837                 0        5415.68
1838                 0        5415.68
1839                 0        5415.68
1840                 0        5415.68
1841                 0        5415.68
1842                 0        5415.68
1843                 0        5415.68
1844                 0        5415.68
1845                 0        5415.68
1846                 0        5415.68
1847                 0        5415.68
1848                 0        5415.68
1849                 0        5415.68
1850                 0        5415.68
1851                 0        5415.68
1852                 0        5414.93
1853                 0        5414.92
1854                 0        5414.92
1855                 0        5414.92
1856                 0        5414.92
1857                 0        5414.92
1858                 0        5414.92
1859                 0        5414.92
1860                 0        5412.57
1861                 0        5412.52
1862                 0        5412.52
1863                 0        5412.52
1864                 0        5412.52
1865                 0        5412.52
1866                 0        5412.32
1867                 0        5412.32
1868                 0        5412.32
1869                 0        5412.32
1870                 0        5412.32
1871                 0        5412.32
1872                 0        5412.32
1873                 0        5412.32
1874                 0        5412.32
1875                 0        5412.32
1876                 0        5412.32
1877                 0        5412.32
1878                 0        5412.22
1879                 0        5412.22
1880                 0        5412.22
1881                 0        5412.22
1882                 0        5412.22
1883                 0        5412.22
1884                 0        5412.22
1885                 0        5412.22
1886                 0        5412.22
1887                 0        5412.22
1888                 0        5412.22
1889                 0        5412.22
1890                 0        5412.22
1891                 0        5411.13
1892                 0        5411.11
1893                 0        5411.11
1894                 0        5411.11
1895                 0        5411.11
1896                 0        5411.11
1897                 0        5411.11
1898                 0        5411.11
1899                 0        5411.11
1900                 0        5411.11
1901                 0        5411.11
1902                 0        5411.11
1903                 0        5409.95
1904                 0        5409.93
1905                 0        5409.93
1906                 0        5409.93
1907                 0        5409.93
1908                 0        5409.86
1909                 0        5409.86
1910                 0        5409.86
1911                 0        5409.86
1912                 0        5409.86
1913                 0        5409.86
1914                 0        5409.86
1915                 0        5409.86
1916                 0        5409.86
1917                 0        5409.86
1918                 0        5409.86
1919                 0        5409.86
1920                 0        5409.86
1921                 0        5409.86
1922                 0        5409.86
1923                 0        5409.86
1924                 0        5409.86
1925                 0        5409.86
1926                 0        5409.86
1927                 0        5409.86
1928                 0        5409.86
1929                 0        5409.86
1930                 0        5409.86
1931                 0        5409.86
1932                 0        5409.86
1933                 0        5409.86
1934                 0        5409.86
1935                 0        5409.86
1936                 0        5409.86
1937                 0        5409.86
1938                 0        5409.86
1939                 0        5409.86
1940                 0        5409.86
1941                 0        5409.86
1942                 0        5409.86
1943                 0        5409.86
1944                 0        5409.86
1945                 0        5409.86
1946                 0        5409.86
1947                 0        5409.44
1948                 0        5409.43
1949                 0        5409.43
1950                 0        5409.43
1951                 0        5409.43
1952                 0        5409.43
1953                 0        5409.43
1954                 0        5409.43
1955                 0        5409.43
1956                 0        5409.43
1957                 0        5409.43
1958                 0        5409.43
1959                 0        5407.75
1960                 0        5407.71
1961                 0        5407.71
1962                 0        5407.71
1963                 0        5407.71
1964                 0        5407.71
1965                 0        5407.71
1966                 0        5407.71
1967                 0        5407.71
1968                 0        5407.71
1969                 0        5407.71
1970                 0        5407.71
1971                 0        5407.71
1972                 0        5407.71
1973                 0        5407.71
1974                 0        5407.71
1975                 0        5407.71
1976                 0        5407.71
1977                 0        5407.71
1978                 0        5407.71
1979                 0        5407.71
1980                 0        5407.71
1981                 0        5407.71
1982                 0        5407.71
1983                 0        5407.71
1984                 0        5407.71
1985                 0        5407.71
1986                 0        5407.71
1987                 0        5407.71
1988                 0        5407.71
1989                 0        5407.71
1990                 0        5407.71
1991                 0        5407.71
1992                 0        5407.71
1993                 0        5407.71
1994                 0        5407.71
1995                 0        5407.71
1996                 0        5407.71
1997                 0        5407.71
1998                 0        5407.71
1999                 0        5407.55
2000                 0        5407.55
2001                 0        5407.55
2002                 0        5407.55
2003                 0        5407.55
2004                 0        5407.55
2005                 0        5407.55
2006                 0        5407.55
2007                 0        5407.55
2008                 0        5407.55
2009                 0        5407.55
2010                 0        5407.55
2011                 0        5407.55
2012                 0        5407.55
2013                 0        5407.55
2014                 0        5407.55
2015                 0        5407.55
2016                 0        5407.55
2017                 0        5407.55
2018                 0        5407.55
2019                 0        5407.55
2020                 0        5407.55
2021                 0        5407.55
2022                 0        5407.55
2023                 0        5407.55
2024                 0        5407.55
2025                 0        5407.55
2026                 0        5407.55
2027                 0        5407.55
2028                 0        5407.55
2029                 0        5407.55
2030                 0        5407.55
2031                 0        5407.55
2032                 0        5407.55
2033                 0        5407.55
2034                 0        5407.55
2035                 0        5407.55
2036                 0        5407.55
2037                 0        5407.55
2038                 0        5407.55
2039                 0        5407.55
2040                 0        5407.55
2041                 0        5407.55
2042                 0        5407.55
2043                 0        5407.55
2044                 0        5407.55
2045                 0        5407.55
2046                 0        5407.55
2047                 0        5407.55
2048                 0        5407.55
2049                 0        5407.55
2050                 0        5407.55
2051                 0        5407.55
2052                 0        5407.55
2053                 0        5407.55
2054                 0        5407.55
2055                 0        5407.55
2056                 0        5407.55
2057                 0        5407.55
2058                 0        5407.55
2059                 0        5407.55
2060                 0        5407.55
2061                 0        5407.55
2062                 0        5407.55
2063                 0        5407.55
2064                 0        5407.55
2065                 0        5407.55
2066                 0        5407.55
2067                 0        5407.55
2068                 0        5407.55
2069                 0        5407.55
2070                 0        5407.55
2071                 0        5407.55
2072                 0        5407.55
2073                 0        5407.55
2074                 0        5407.55
2075                 0         5406.5
2076                 0        5406.48
2077                 0        5406.48
2078                 0        5406.48
2079                 0        5406.48
2080                 0        5406.48
2081                 0        5406.48
2082                 0        5406.48
2083                 0        5406.48
2084                 0        5406.48
2085                 0        5406.48
2086                 0         5405.3
2087                 0        5405.27
2088                 0        5405.27
2089                 0        5405.27
2090                 0        5405.27
2091                 0        5405.27
2092                 0        5405.27
2093                 0        5405.27
2094                 0        5405.27
2095                 0        5405.27
2096                 0        5405.27
2097                 0        5405.27
2098                 0        5405.27
2099                 0        5405.27
2100                 0         5404.8
2101                 0        5404.79
2102                 0        5404.79
2103                 0        5404.79
2104                 0        5404.79
2105                 0        5404.79
2106                 0        5404.79
2107                 0        5404.79
2108                 0        5404.79
2109                 0        5404.79
2110                 0        5404.79
2111                 0        5404.79
2112                 0        5404.79
2113                 0        5404.79
2114                 0        5404.79
2115                 0        5404.79
2116                 0        5404.79
2117                 0        5404.79
2118                 0        5404.79
2119                 0        5404.79
2120                 0        5404.79
2121                 0        5404.79
2122                 0        5404.79
2123                 0        5404.79
2124                 0        5404.45
2125                 0        5404.44
2126                 0        5404.44
2127                 0        5404.44
2128                 0        5404.44
2129                 0        5404.44
2130                 0        5404.44
2131                 0        5404.44
2132                 0        5404.21
2133                 0        5404.21
2134                 0        5404.21
2135                 0        5404.21
2136                 0        5404.21
2137                 0        5404.21
2138                 0        5404.17
2139                 0        5402.76
2140                 0        5402.73
2141                 0        5402.73
2142                 0        5402.73
2143                 0        5402.73
2144                 0        5402.73
2145                 0        5402.73
2146                 0        5402.73
2147                 0        5402.73
2148                 0        5402.73
2149                 0        5402.73
2150                 0        5402.73
2151                 0        5402.73
2152                 0        5402.73
2153                 0        5402.73
2154                 0        5402.73
2155                 0        5402.73
2156                 0        5402.73
2157                 0        5402.73
2158                 0        5402.73
2159                 0        5401.75
2160                 0        5401.73
2161                 0        5401.73
2162                 0        5401.73
2163                 0        5401.73
2164                 0        5401.73
2165                 0        5401.73
2166                 0        5401.73
2167                 0        5401.73
2168                 0        5401.73
2169                 0        5401.73
2170                 0        5401.73
2171                 0        5401.73
2172                 0        5401.73
2173                 0        5401.73
2174                 0        5401.73
2175                 0        5401.73
2176                 0        5401.73
2177                 0        5401.73
2178                 0        5401.73
2179                 0        5401.73
2180                 0        5401.73
2181                 0        5401.73
2182                 0        5401.73
2183                 0        5401.73
2184                 0        5401.73
2185                 0        5401.73
2186                 0        5401.73
2187                 0        5401.73
2188                 0        5401.73
2189                 0        5401.73
2190                 0        5401.73
2191                 0        5401.73
2192                 0        5401.73
2193                 0        5401.73
2194                 0        5401.73
2195                 0        5401.73
2196                 0        5401.73
2197                 0        5401.73
2198                 0        5401.73
2199                 0        5401.73
2200                 0        5401.73
2201                 0        5401.73
2202                 0        5401.73
2203                 0        5401.73
2204                 0        5401.73
2205                 0        5401.73
2206                 0        5401.73
2207                 0        5401.73
2208                 0        5401.73
2209                 0        5401.73
2210                 0        5401.73
2211                 0        5401.73
2212                 0        5401.73
2213                 0        5401.73
2214                 0        5401.73
2215                 0        5401.73
2216                 0        5401.73
2217                 0        5401.73
2218                 0        5401.73
2219                 0        5401.73
2220                 0        5401.73
2221                 0        5401.73
2222                 0        5401.73
2223                 0        5401.73
2224                 0        5401.73
2225                 0        5401.73
2226                 0        5401.73
2227                 0        5401.73
2228                 0        5401.73
2229                 0        5401.73
2230                 0        5401.73
2231                 0        5401.73
2232                 0        5401.73
2233                 0        5401.73
2234                 0        5401.73
2235                 0        5401.73
2236                 0        5401.73
2237                 0        5401.73
2238                 0        5401.73
2239                 0        5401.73
2240                 0        5401.73
2241                 0        5401.73
2242                 0        5401.73
2243                 0        5401.73
2244                 0        5401.73
2245                 0        5401.73
2246                 0        5401.73
2247                 0        5401.73
2248                 0        5401.73
2249                 0        5401.73
2250                 0        5401.73
2251                 0        5401.73
2252                 0        5401.73
2253                 0        5401.73
2254                 0        5401.73
2255                 0        5401.73
2256                 0        5401.73
2257                 0        5401.73
2258                 0        5401.73
2259                 0        5401.73
2260                 0        5401.73
2261                 0        5401.73
2262                 0        5401.73
2263                 0        5401.73
2264                 0        5401.73
2265                 0        5401.73
2266                 0        5401.73
2267                 0        5401.73
2268                 0        5401.73
2269                 0        5401.73
2270                 0        5401.73
2271                 0        5401.69
2272                 0        5401.69
2273                 0        5401.69
2274                 0        5401.69
2275                 0        5401.69
2276                 0        5401.69
2277                 0        5401.69
2278                 0        5401.69
2279                 0        5401.69
2280                 0        5401.69
2281                 0        5401.69
2282                 0        5401.69
2283                 0        5401.69
2284                 0        5401.69
2285                 0        5401.69
2286                 0        5401.69
2287                 0        5401.69
2288                 0        5400.39
2289                 0        5400.36
2290                 0        5400.36
2291                 0        5400.36
2292                 0        5400.36
2293                 0        5400.36
2294                 0        5400.36
2295                 0        5400.36
2296                 0        5400.36
2297                 0        5400.36
2298                 0        5400.36
2299                 0        5400.36
2300                 0        5400.36
2301                 0        5400.36
2302                 0        5400.36
2303                 0        5400.36
2304                 0        5400.36
2305                 0        5400.36
2306                 0        5400.36
2307                 0        5400.36
2308                 0        5400.36
2309                 0        5400.36
2310                 0        5400.36
2311                 0        5400.36
2312                 0        5400.36
2313                 0        5400.36
2314                 0        5400.36
2315                 0        5400.36
2316                 0        5400.36
2317                 0        5400.36
2318                 0        5400.27
2319                 0        5400.27
2320                 0        5400.27
2321                 0        5400.27
2322                 0        5400.27
2323                 0        5400.27
2324                 0        5400.27
2325                 0        5400.27
2326                 0        5400.27
2327                 0        5400.27
2328                 0        5400.27
2329                 0        5400.27
2330                 0        5400.27
2331                 0        5400.27
2332                 0        5400.27
2333                 0        5400.27
2334                 0        5400.27
2335                 0        5400.27
2336                 0        5400.27
2337                 0        5400.19
2338                 0        5400.19
2339                 0        5400.19
2340                 0        5400.19
2341                 0        5400.19
2342                 0        5400.19
2343                 0        5400.19
2344                 0         5399.6
2345                 0        5399.58
2346                 0        5399.58
2347                 0        5399.58
2348                 0        5399.58
2349                 0        5399.58
2350                 0        5399.58
2351                 0        5399.58
2352                 0        5399.58
2353                 0        5399.58
2354                 0        5399.58
2355                 0        5399.58
2356                 0        5399.58
2357                 0        5399.58
2358                 0        5399.58
2359                 0        5399.58
2360                 0        5399.58
2361                 0        5399.58
2362                 0        5399.58
2363                 0        5399.58
2364                 0        5399.58
2365                 0        5399.58
2366                 0        5399.58
2367                 0        5399.58
2368                 0        5399.58
2369                 0        5398.75
2370                 0         5398.7
2371                 0         5398.7
2372                 0        5398.14
2373                 0        5397.41
2374                 0         5397.4
2375                 0         5397.4
2376                 0         5397.4
2377                 0         5397.4
2378                 0         5397.4
2379                 0         5397.4
2380                 0         5397.4
2381                 0         5397.4
2382                 0         5397.4
2383                 0        5396.39
2384                 0        5396.37
2385                 0        5396.37
2386                 0        5396.36
2387                 0        5396.36
2388                 0        5396.36
2389                 0        5396.36
2390                 0        5396.36
2391                 0        5396.36
2392                 0        5396.36
2393                 0        5396.36
2394                 0        5396.36
2395                 0        5396.36
2396                 0        5396.36
2397                 0        5396.36
2398                 0        5396.36
2399                 0        5396.36
2400                 0        5396.36
2401                 0        5396.36
2402                 0        5396.36
2403                 0        5396.36
2404                 0        5396.36
2405                 0        5396.36
2406                 0        5396.36
2407                 0        5396.36
2408                 0        5396.36
2409                 0        5396.36
2410                 0        5396.22
2411                 0        5395.29
2412                 0        5395.27
2413                 0        5395.27
2414                 0        5395.27
2415                 0        5395.27
2416                 0        5395.27
2417                 0        5395.27
2418                 0        5395.27
2419                 0        5395.27
2420                 0        5395.27
2421                 0        5395.27
2422                 0        5395.27
2423                 0        5395.27
2424                 0        5395.27
2425                 0        5395.24
2426                 0        5395.24
2427                 0        5395.24
2428                 0        5395.24
2429                 0        5395.24
2430                 0        5395.24
2431                 0        5395.24
2432                 0        5395.24
2433                 0        5394.91
2434                 0         5394.9
2435                 0         5394.9
2436                 0         5394.9
2437                 0         5394.9
2438                 0         5394.9
2439                 0         5394.9
2440                 0         5394.9
2441                 0         5394.9
2442                 0         5394.9
2443                 0         5394.9
2444                 0         5394.9
2445                 0         5394.9
2446                 0         5394.9
2447                 0         5394.9
2448                 0         5394.9
2449                 0         5394.9
2450                 0         5394.9
2451                 0         5394.9
2452                 0         5394.9
2453                 0         5394.9
2454                 0         5394.9
2455                 0         5394.9
2456                 0         5394.9
2457                 0         5394.9
2458                 0         5394.9
2459                 0         5394.9
2460                 0         5394.9
2461                 0         5394.9
2462                 0         5394.9
2463                 0         5394.9
2464                 0         5394.9
2465                 0         5394.9
2466                 0         5394.9
2467                 0         5394.9
2468                 0         5394.9
2469                 0         5394.9
2470                 0        5394.74
2471                 0        5394.74
2472                 0        5394.74
2473                 0        5394.74
2474                 0        5394.74
2475                 0        5394.74
2476                 0        5394.74
2477                 0        5394.74
2478                 0        5394.74
2479                 0        5394.74
2480                 0        5394.74
2481                 0        5394.67
2482                 0        5394.67
2483                 0        5394.67
2484                 0        5394.67
2485                 0        5394.26
2486                 0        5394.25
2487                 0        5394.25
2488                 0        5394.25
2489                 0        5394.25
2490                 0        5394.25
2491                 0        5394.25
2492                 0        5394.25
2493                 0        5394.25
2494                 0        5394.25
2495                 0        5394.25
2496                 0        5394.25
2497                 0        5394.25
2498                 0        5394.25
2499                 0        5394.25
2500                 0        5394.25
