#ITER       #BEST_FO       #MEDIA_FO
1           6805.58        13117.1
2           6639.08        8571.15
3           6213.82        7336.28
4           5467.02         6822.7
5           5467.02        6414.82
6           5448.01        6120.16
7           5303.22        5953.86
8            5091.7         5743.7
9           4997.41        5571.41
10           4953.36        5423.02
11           4953.36        5361.71
12           4927.54         5309.9
13           4905.52        5255.69
14           4901.51        5219.81
15           4870.25        5184.27
16           4870.25        5141.46
17           4870.25        5114.64
18           4855.19        5098.16
19            4803.7        5072.93
20           4780.59        5041.44
21           4761.37        5017.97
22           4743.04        4995.92
23           4743.04        4975.69
24           4743.04        4956.23
25           4732.05        4947.28
26           4732.05        4939.39
27           4730.13        4928.79
28           4726.78        4921.89
29           4725.07        4918.47
30           4724.34        4913.56
31           4722.85        4905.11
32           4718.55        4900.44
33           4718.55        4896.62
34           4718.55        4893.78
35           4717.58         4892.6
36           4717.58        4891.52
37           4714.38         4889.6
38           4714.38        4887.29
39           4712.46        4884.88
40           4712.46        4883.94
41           4712.46        4883.16
42           4711.05        4882.58
43           4711.05        4881.75
44           4711.05        4881.02
45           4710.55        4880.31
46           4710.55        4879.46
47           4708.69        4878.75
48           4708.69        4878.35
49           4706.58        4876.84
50           4706.58        4876.31
51           4706.48        4875.13
52           4706.48        4874.34
53           4705.99        4872.94
54           4705.96        4872.35
55           4705.96        4872.17
56           4704.48        4871.63
57           4704.48        4871.57
58           4703.59        4871.21
59           4703.59        4870.97
60           4703.59        4870.08
61           4702.17        4869.72
62           4701.52         4868.8
63           4700.13        4868.38
64           4698.75        4867.67
65           4698.75        4867.27
66           4697.84        4866.58
67           4697.84        4865.82
68           4697.84        4865.27
69           4697.03        4864.94
70           4697.03        4864.82
71           4697.03        4864.63
72           4696.26        4864.16
73           4696.26         4863.9
74           4696.26        4863.39
75           4696.26        4863.31
76           4696.26        4863.05
77           4696.26        4862.83
78           4696.26        4862.54
79           4696.26        4862.05
80           4696.26        4861.85
81           4696.26        4861.65
82           4696.26        4861.63
83           4696.26        4861.62
84           4695.77        4861.26
85           4695.77        4861.09
86           4695.77           4861
87           4695.77        4860.92
88           4695.77        4860.84
89           4695.27        4860.68
90           4694.76         4860.3
91           4694.68        4859.98
92           4694.06        4859.83
93           4694.06        4859.58
94           4693.93        4859.47
95           4693.61        4859.12
96           4693.61        4858.89
97           4693.61        4858.74
98           4693.61        4858.34
99           4693.61        4858.08
100           4692.44        4857.83
101           4692.16        4857.74
102           4692.16        4857.64
103           4692.16        4857.63
104           4691.75        4857.29
105           4691.75        4857.04
106           4689.78        4856.81
107           4689.78        4856.61
108           4689.78        4855.94
109           4689.78        4855.76
110            4689.3        4855.35
111           4688.29        4854.91
112           4687.77        4854.38
113           4687.05        4854.17
114           4686.71        4853.36
115           4686.15        4852.93
116           4686.15        4852.49
117           4686.15        4852.26
118           4685.83         4851.5
119           4685.02        4850.86
120           4684.42        4850.57
121           4683.68        4850.21
122           4683.68        4849.99
123           4683.68        4849.83
124           4683.68        4849.77
125           4683.68        4849.43
126           4683.06        4849.11
127           4681.78        4848.92
128           4681.78        4848.82
129           4681.78        4848.67
130           4681.55        4848.25
131           4681.55        4848.17
132           4681.55        4848.07
133           4681.55        4847.79
134           4681.55        4847.58
135           4681.55        4847.23
136           4681.55        4846.84
137            4681.3        4846.58
138            4681.3        4846.45
139           4681.28        4845.97
140           4681.28        4845.54
141           4680.99        4845.26
142           4680.46        4845.07
143           4680.38        4844.91
144           4680.38        4844.58
145           4680.38        4844.38
146           4680.27        4844.23
147           4680.27        4843.96
148           4680.27        4843.72
149           4679.86        4843.45
150           4679.86        4843.25
151           4679.86        4843.15
152           4679.86        4842.91
153           4679.86        4842.84
154           4679.86        4842.72
155           4679.86        4842.66
156           4679.86        4842.62
157           4679.39        4842.51
158           4679.39        4842.48
159           4679.39        4842.47
160           4679.39         4842.3
161           4679.39        4842.24
162           4679.39        4842.16
163           4679.39        4842.13
164           4679.39        4842.07
165           4679.39        4841.98
166           4679.39         4841.9
167           4679.39        4841.85
168           4679.35        4841.82
169           4679.35        4841.79
170           4679.26        4841.78
171           4679.26        4841.76
172           4679.26        4841.74
173           4679.15        4841.69
174           4679.15        4841.65
175           4679.15        4841.51
176           4679.01        4841.42
177           4678.96        4841.32
178           4678.78        4841.24
179           4678.78        4841.13
180           4678.78        4841.07
181           4678.78        4841.05
182           4678.61        4841.01
183           4678.61        4840.91
184           4678.61        4840.88
185           4678.57        4840.83
186           4678.57        4840.79
187           4678.57        4840.76
188           4678.57        4840.72
189           4678.48        4840.66
190           4678.48        4840.64
191           4678.48         4840.6
192           4678.48         4840.6
193           4678.48        4840.57
194           4678.48        4840.51
195           4678.48         4840.5
196           4678.48        4840.46
197           4678.48         4840.4
198           4678.48        4840.39
199           4678.48        4840.37
200           4678.41         4840.3
201           4678.41        4840.25
202            4678.4        4840.22
203            4678.4        4840.21
204            4678.4         4840.2
205            4678.4         4840.2
206            4678.4         4840.2
207           4678.31        4840.18
208           4678.31        4840.14
209           4678.18         4840.1
210           4678.18        4840.08
211           4678.18        4840.08
212           4678.18        4840.03
213           4678.18        4840.02
214           4678.18           4840
215           4678.18        4839.99
216           4678.15        4839.97
217           4678.15        4839.97
218           4678.08        4839.92
219           4678.08        4839.91
220           4678.08        4839.91
221           4678.08        4839.91
222           4678.08        4839.91
223           4678.08        4839.91
224           4678.08         4839.9
225           4678.08         4839.9
226           4678.08        4839.89
227           4678.08        4839.89
228           4678.08        4839.89
229           4678.08        4839.89
230           4678.08        4839.86
231           4678.08        4839.85
232           4678.08        4839.83
233           4678.08        4839.82
234           4678.08        4839.82
235           4678.08        4839.82
236           4678.08        4839.79
237           4678.08        4839.79
238           4678.08        4839.78
239           4678.08        4839.78
240           4678.08        4839.78
241           4678.08        4839.78
242           4678.08        4839.77
243           4678.08        4839.77
244           4678.08        4839.75
245           4678.08        4839.75
246           4678.05        4839.75
247           4678.05        4839.71
248           4678.05        4839.71
249           4678.05        4839.71
250           4678.05        4839.71
251           4678.05        4839.69
252           4678.05        4839.69
253           4678.05        4839.69
254           4678.05        4839.69
255           4678.05        4839.69
256           4678.05        4839.69
257           4678.05        4839.68
258           4678.05        4839.68
259           4678.05        4839.68
260           4678.05        4839.67
261           4678.05        4839.67
262           4678.05        4839.67
263           4678.05        4839.67
264           4678.05        4839.67
265           4678.05        4839.66
266           4678.05        4839.66
267           4678.05        4839.65
268           4678.05        4839.63
269           4678.05        4839.63
270           4678.05        4839.62
271           4678.05        4839.62
272           4678.05        4839.62
273           4678.05        4839.62
274           4678.05        4839.61
275           4678.05        4839.61
276           4678.05        4839.61
277           4678.05        4839.61
278           4678.05        4839.61
279           4678.05        4839.61
280           4678.05        4839.61
281           4678.05        4839.61
282           4678.05         4839.6
283           4678.05         4839.6
284           4678.05         4839.6
285           4678.05        4839.59
286           4678.05        4839.59
287           4678.05        4839.59
288           4678.05        4839.59
289           4678.05        4839.59
290           4678.05        4839.59
291           4678.05        4839.59
292           4678.05        4839.58
293           4678.05        4839.58
294           4678.05        4839.58
295           4678.05        4839.57
296           4678.04        4839.57
297           4678.04        4839.56
298           4678.04        4839.55
299           4678.04        4839.55
300           4678.04        4839.55
301           4678.04        4839.55
302           4678.04        4839.55
303           4678.04        4839.55
304           4678.04        4839.55
305           4678.04        4839.54
306           4678.03        4839.54
307           4678.03        4839.53
308           4678.03        4839.53
309           4678.03        4839.53
310           4678.03        4839.52
311           4678.03        4839.52
312           4678.03        4839.52
313           4678.03         4839.5
314           4678.03         4839.5
315           4678.03         4839.5
316           4678.03         4839.5
317           4678.03        4839.49
318           4678.03        4839.49
319           4678.03        4839.48
320           4678.03        4839.48
321           4678.03        4839.48
322           4678.02        4839.47
323           4678.02        4839.47
324           4678.02        4839.47
325           4678.02        4839.46
326           4678.02        4839.46
327           4678.02        4839.46
328           4678.02        4839.45
329           4678.02        4839.45
330           4678.02        4839.45
331           4678.02        4839.45
332           4678.02        4839.45
333           4678.02        4839.45
334           4678.02        4839.45
335           4678.02        4839.45
336           4678.02        4839.45
337           4678.02        4839.45
338           4678.02        4839.45
339           4678.02        4839.44
340           4677.97        4839.44
341           4677.97        4839.44
342           4677.97        4839.44
343           4677.97        4839.44
344           4677.97        4839.43
345           4677.97        4839.43
346           4677.97        4839.43
347           4677.97        4839.42
348           4677.97        4839.42
349           4677.97        4839.42
350           4677.97        4839.41
351           4677.97        4839.41
352           4677.97        4839.41
353           4677.97        4839.41
354           4677.97         4839.4
355           4677.97         4839.4
356           4677.97         4839.4
357           4677.97         4839.4
358           4677.97         4839.4
359           4677.97         4839.4
360           4677.97        4839.39
361           4677.97        4839.39
362           4677.97        4839.38
363           4677.97        4839.38
364           4677.97        4839.38
365           4677.97        4839.38
366           4677.97        4839.38
367           4677.97        4839.38
368           4677.97        4839.38
369           4677.97        4839.38
370           4677.97        4839.37
371           4677.97        4839.37
372           4677.97        4839.37
373           4677.93        4839.36
374           4677.93        4839.36
375           4677.93        4839.36
376           4677.93        4839.36
377           4677.93        4839.36
378           4677.93        4839.36
379           4677.93        4839.36
380           4677.93        4839.35
381           4677.93        4839.35
382           4677.93        4839.35
383           4677.93        4839.35
384           4677.93        4839.35
385           4677.93        4839.35
386           4677.93        4839.35
387           4677.93        4839.35
388           4677.93        4839.35
389           4677.93        4839.35
390           4677.93        4839.35
391           4677.93        4839.35
392           4677.93        4839.35
393           4677.93        4839.35
394           4677.93        4839.35
395           4677.93        4839.35
396           4677.93        4839.34
397           4677.93        4839.34
398           4677.93        4839.34
399           4677.93        4839.34
400           4677.93        4839.34
401           4677.93        4839.34
402           4677.93        4839.34
403           4677.93        4839.33
404           4677.93        4839.33
405           4677.93        4839.33
406           4677.93        4839.33
407           4677.93        4839.33
408           4677.93        4839.33
409           4677.93        4839.33
410           4677.93        4839.33
411           4677.93        4839.33
412           4677.92        4839.32
413           4677.92        4839.32
414           4677.92        4839.32
415           4677.92        4839.32
416           4677.92        4839.32
417           4677.92        4839.32
418            4677.9        4839.32
419            4677.9        4839.32
420            4677.9        4839.31
421            4677.9        4839.31
422            4677.9        4839.31
423            4677.9        4839.31
424            4677.9        4839.31
425            4677.9        4839.31
426            4677.9        4839.31
427            4677.9        4839.31
428            4677.9        4839.31
429            4677.9        4839.31
430            4677.9        4839.31
431            4677.9        4839.31
432            4677.9        4839.31
433            4677.9        4839.31
434            4677.9        4839.31
435            4677.9        4839.31
436           4677.89         4839.3
437           4677.89         4839.3
438           4677.89         4839.3
439           4677.89         4839.3
440           4677.89         4839.3
441           4677.89         4839.3
442           4677.89         4839.3
443           4677.89         4839.3
444           4677.89         4839.3
445           4677.89         4839.3
446           4677.89         4839.3
447           4677.89         4839.3
448           4677.89         4839.3
449           4677.89         4839.3
450           4677.89         4839.3
451           4677.89         4839.3
452           4677.89         4839.3
453           4677.81        4839.29
454           4677.81        4839.29
455           4677.81        4839.29
456           4677.81        4839.29
457           4677.81        4839.29
458           4677.81        4839.29
459           4677.81        4839.29
460           4677.81        4839.29
461           4677.81        4839.29
462           4677.81        4839.29
463           4677.81        4839.29
464           4677.81        4839.28
465           4677.81        4839.28
466           4677.81        4839.28
467           4677.81        4839.28
468           4677.81        4839.28
469           4677.81        4839.27
470           4677.81        4839.27
471           4677.81        4839.27
472           4677.81        4839.27
473           4677.81        4839.27
474           4677.81        4839.27
475           4677.81        4839.27
476           4677.81        4839.27
477           4677.81        4839.27
478           4677.81        4839.27
479           4677.81        4839.26
480           4677.81        4839.26
481           4677.81        4839.26
482           4677.81        4839.26
483           4677.81        4839.25
484           4677.81        4839.25
485           4677.81        4839.25
486            4677.8        4839.25
487            4677.8        4839.25
488            4677.8        4839.25
489            4677.8        4839.25
490            4677.8        4839.25
491            4677.8        4839.24
492           4677.78        4839.24
493           4677.71        4839.23
494           4677.71        4839.23
495           4677.71        4839.23
496           4677.71        4839.23
497           4677.71        4839.23
498           4677.71        4839.23
499           4677.66        4839.22
500           4677.66        4839.22
501           4677.66        4839.21
502           4677.66        4839.21
503           4677.66         4839.2
504           4677.66         4839.2
505           4677.66         4839.2
506           4677.66         4839.2
507           4677.66         4839.2
508           4677.66        4839.19
509           4677.66        4839.19
510           4677.66        4839.18
511           4677.66        4839.18
512           4677.66        4839.18
513           4677.66        4839.18
514           4677.66        4839.18
515           4677.65        4839.18
516           4677.65        4839.18
517           4677.65        4839.17
518           4677.58        4839.17
519           4677.58        4839.17
520           4677.58        4839.17
521           4677.58        4839.17
522           4677.58        4839.16
523           4677.58        4839.16
524           4677.58        4839.16
525           4677.58        4839.16
526           4677.56        4839.16
527           4677.56        4839.16
528           4677.56        4839.14
529           4677.52        4839.14
530           4677.52        4839.14
531           4677.52        4839.14
532           4677.52        4839.14
533           4677.52        4839.14
534           4677.52        4839.13
535           4677.52        4839.12
536           4677.52        4839.11
537           4677.52        4839.11
538           4677.52         4839.1
539           4677.52         4839.1
540           4677.52         4839.1
541           4677.52         4839.1
542           4677.44        4839.09
543           4677.44        4839.09
544           4677.44        4839.09
545           4677.44        4839.09
546           4677.44        4839.09
547           4677.44        4839.08
548           4677.44        4839.08
549           4677.44        4839.07
550           4677.44        4839.06
551           4677.44        4839.06
552           4677.44        4839.06
553           4677.44        4839.06
554           4677.44        4839.06
555           4677.44        4839.06
556           4677.44        4839.06
557           4677.44        4839.05
558           4677.44        4839.04
559           4677.44        4839.04
560           4677.44        4839.03
561           4677.42        4839.03
562           4677.42        4839.01
563           4677.42        4839.01
564           4677.42           4839
565           4677.39           4839
566           4677.39           4839
567           4677.39           4839
568           4677.39           4839
569           4677.39           4839
570           4677.39           4839
571           4677.39           4839
572           4677.39           4839
573           4677.39        4838.99
574           4677.39        4838.99
575           4677.39        4838.99
576           4677.39        4838.99
577           4677.39        4838.99
578           4677.39        4838.99
579           4677.39        4838.99
580           4677.39        4838.99
581           4677.23        4838.98
582           4677.23        4838.98
583           4677.23        4838.98
584           4677.23        4838.98
585           4677.23        4838.98
586           4677.23        4838.98
587           4677.23        4838.98
588           4677.23        4838.98
589           4677.23        4838.98
590           4677.23        4838.98
591           4677.23        4838.98
592           4677.23        4838.97
593           4677.23        4838.97
594           4677.23        4838.97
595           4677.23        4838.97
596           4677.23        4838.97
597           4677.23        4838.96
598           4677.23        4838.96
599           4677.23        4838.96
600           4677.23        4838.96
601           4677.23        4838.95
602           4677.23        4838.95
603           4677.23        4838.95
604           4677.23        4838.94
605           4677.23        4838.94
606           4677.23        4838.91
607           4677.23        4838.91
608           4677.23        4838.91
609           4677.23        4838.91
610           4677.23        4838.91
611           4677.23        4838.91
612           4677.23        4838.91
613           4677.23         4838.9
614           4677.23         4838.9
615           4677.23         4838.9
616           4677.23        4838.89
617           4677.23        4838.89
618           4677.23        4838.89
619           4677.23        4838.89
620           4677.23        4838.89
621            4677.2        4838.88
622            4677.2        4838.88
623            4677.2        4838.88
624            4677.2        4838.88
625            4677.2        4838.88
626            4677.2        4838.88
627            4677.2        4838.88
628            4677.2        4838.88
629            4677.2        4838.88
630            4677.2        4838.88
631            4677.2        4838.88
632            4677.2        4838.88
633            4677.2        4838.88
634            4677.2        4838.88
635            4677.2        4838.88
636            4677.2        4838.87
637            4677.2        4838.86
638            4677.2        4838.86
639            4677.2        4838.86
640            4677.2        4838.84
641            4677.2        4838.84
642            4677.2        4838.84
643            4677.2        4838.84
644            4677.2        4838.82
645            4677.2        4838.82
646            4677.2        4838.82
647           4677.18        4838.82
648           4677.18        4838.82
649           4677.11        4838.81
650           4677.11        4838.81
651           4677.11        4838.81
652           4677.11         4838.8
653           4677.11         4838.8
654           4677.11        4838.78
655           4677.11        4838.76
656           4677.11        4838.76
657           4677.11        4838.75
658           4677.11        4838.74
659           4677.11        4838.73
660           4677.11        4838.72
661           4677.11        4838.72
662           4677.11        4838.71
663           4677.11         4838.7
664           4677.11         4838.7
665           4677.11         4838.7
666           4677.11         4838.7
667           4677.11         4838.7
668            4677.1        4838.69
669            4677.1        4838.69
670            4677.1        4838.69
671            4677.1        4838.69
672            4677.1        4838.69
673            4677.1        4838.69
674            4677.1        4838.69
675            4677.1        4838.69
676            4677.1        4838.69
677            4677.1        4838.69
678            4677.1        4838.69
679            4677.1        4838.69
680            4677.1        4838.68
681            4677.1        4838.68
682            4677.1        4838.68
683            4677.1        4838.68
684            4677.1        4838.68
685            4677.1        4838.68
686            4677.1        4838.68
687            4677.1        4838.68
688            4677.1        4838.67
689            4677.1        4838.67
690            4677.1        4838.66
691            4677.1        4838.66
692            4677.1        4838.66
693            4677.1        4838.66
694            4677.1        4838.66
695            4677.1        4838.66
696            4677.1        4838.65
697            4677.1        4838.65
698            4677.1        4838.65
699            4677.1        4838.65
700            4677.1        4838.65
701            4677.1        4838.64
702           4677.05        4838.63
703           4677.05        4838.63
704           4677.05        4838.63
705           4677.05        4838.63
706           4677.05        4838.63
707           4677.05        4838.63
708           4677.05        4838.63
709           4677.05        4838.63
710           4677.05        4838.63
711           4677.05        4838.63
712           4677.05        4838.63
713           4677.05        4838.63
714           4677.05        4838.63
715           4677.05        4838.63
716           4677.05        4838.63
717           4677.05        4838.63
718           4677.05        4838.63
719           4677.05        4838.63
720           4677.05        4838.63
721           4677.05        4838.62
722           4677.05        4838.62
723           4677.05        4838.62
724           4677.05        4838.62
725           4677.05        4838.62
726           4677.05        4838.62
727           4677.05        4838.62
728           4677.05        4838.62
729           4677.05        4838.62
730           4677.05        4838.62
731           4677.05        4838.62
732           4677.05        4838.62
733           4677.05        4838.62
734           4677.05         4838.6
735           4677.05         4838.6
736           4677.05         4838.6
737           4677.05         4838.6
738           4677.05         4838.6
739           4677.05         4838.6
740           4677.05         4838.6
741           4677.05         4838.6
742           4677.05         4838.6
743           4677.05         4838.6
744           4677.05         4838.6
745           4677.05         4838.6
746           4677.05        4838.59
747           4677.05        4838.59
748           4677.05        4838.59
749           4677.05        4838.58
750           4677.05        4838.58
751           4677.05        4838.58
752           4677.05        4838.58
753           4677.05        4838.58
754           4677.04        4838.58
755           4677.04        4838.58
756           4677.04        4838.58
757           4677.04        4838.58
758           4677.04        4838.58
759           4677.04        4838.58
760           4677.04        4838.58
761           4677.04        4838.57
762           4677.04        4838.57
763           4677.04        4838.57
764           4677.04        4838.57
765           4677.04        4838.57
766           4677.04        4838.57
767           4677.04        4838.56
768           4677.04        4838.56
769           4677.04        4838.56
770           4677.04        4838.56
771           4677.03        4838.56
772           4677.03        4838.56
773           4677.03        4838.56
774           4677.03        4838.56
775           4677.03        4838.56
776           4677.03        4838.55
777           4677.03        4838.55
778           4677.03        4838.55
779           4677.01        4838.55
780           4677.01        4838.54
781           4677.01        4838.53
782           4677.01        4838.53
783           4677.01        4838.53
784           4677.01        4838.53
785           4677.01        4838.52
786           4677.01        4838.52
787           4677.01        4838.51
788           4677.01        4838.51
789           4677.01        4838.51
790           4677.01        4838.51
791           4677.01         4838.5
792           4677.01         4838.5
793           4677.01        4838.49
794           4677.01        4838.49
795           4677.01        4838.49
796           4677.01        4838.49
797              4677        4838.48
798              4677        4838.48
799              4677        4838.48
800              4677        4838.48
801              4677        4838.48
802              4677        4838.48
803              4677        4838.48
804              4677        4838.48
805              4677        4838.48
806              4677        4838.48
807              4677        4838.48
808              4677        4838.48
809              4677        4838.48
810              4677        4838.48
811              4677        4838.48
812              4677        4838.48
813              4677        4838.48
814              4677        4838.48
815           4676.99        4838.47
816           4676.99        4838.47
817           4676.99        4838.47
818           4676.99        4838.47
819           4676.99        4838.47
820           4676.99        4838.47
821           4676.99        4838.47
822           4676.99        4838.47
823           4676.99        4838.46
824           4676.99        4838.46
825           4676.99        4838.46
826           4676.99        4838.46
827           4676.99        4838.46
828           4676.99        4838.46
829           4676.99        4838.46
830           4676.99        4838.46
831           4676.99        4838.46
832           4676.99        4838.46
833           4676.99        4838.46
834           4676.99        4838.46
835           4676.99        4838.46
836           4676.99        4838.46
837           4676.99        4838.45
838           4676.99        4838.45
839           4676.99        4838.45
840           4676.99        4838.45
841           4676.99        4838.45
842           4676.99        4838.45
843           4676.99        4838.45
844           4676.99        4838.45
845           4676.99        4838.45
846           4676.99        4838.45
847           4676.99        4838.45
848           4676.99        4838.44
849           4676.99        4838.44
850           4676.99        4838.44
851           4676.99        4838.44
852           4676.99        4838.44
853           4676.99        4838.44
854           4676.99        4838.44
855           4676.99        4838.44
856           4676.99        4838.44
857           4676.99        4838.44
858           4676.99        4838.44
859           4676.99        4838.44
860           4676.99        4838.44
861           4676.99        4838.44
862           4676.99        4838.44
863           4676.99        4838.44
864           4676.99        4838.44
865           4676.99        4838.44
866           4676.99        4838.44
867           4676.99        4838.44
868           4676.99        4838.43
869           4676.99        4838.43
870           4676.99        4838.42
871           4676.99        4838.42
872           4676.99        4838.42
873           4676.99        4838.42
874           4676.99        4838.42
875           4676.99        4838.42
876           4676.99        4838.42
877           4676.99        4838.42
878           4676.99        4838.42
879           4676.99        4838.42
880           4676.99        4838.42
881           4676.99        4838.42
882           4676.99        4838.42
883           4676.99        4838.42
884           4676.99        4838.42
885           4676.99        4838.42
886           4676.99        4838.42
887           4676.99        4838.42
888           4676.99        4838.41
889           4676.99        4838.41
890           4676.99        4838.41
891           4676.99        4838.41
892           4676.99        4838.41
893           4676.99        4838.41
894           4676.99        4838.41
895           4676.99         4838.4
896           4676.99         4838.4
897           4676.99         4838.4
898           4676.99         4838.4
899           4676.99         4838.4
900           4676.99         4838.4
901           4676.99         4838.4
902           4676.99         4838.4
903           4676.99         4838.4
904           4676.99         4838.4
905           4676.99         4838.4
906           4676.99         4838.4
907           4676.99         4838.4
908           4676.99         4838.4
909           4676.99         4838.4
910           4676.99        4838.39
911           4676.99        4838.39
912           4676.99        4838.39
913           4676.99        4838.39
914           4676.99        4838.39
915           4676.99        4838.39
916           4676.99        4838.39
917           4676.99        4838.39
918           4676.99        4838.39
919           4676.99        4838.39
920           4676.99        4838.39
921           4676.99        4838.39
922           4676.99        4838.38
923           4676.99        4838.38
924           4676.99        4838.38
925           4676.99        4838.38
926           4676.99        4838.38
927           4676.99        4838.38
928           4676.99        4838.38
929           4676.99        4838.38
930           4676.99        4838.38
931           4676.99        4838.38
932           4676.99        4838.38
933           4676.99        4838.38
934           4676.99        4838.38
935           4676.99        4838.38
936           4676.99        4838.37
937           4676.99        4838.37
938           4676.99        4838.37
939           4676.99        4838.37
940           4676.99        4838.37
941           4676.99        4838.37
942           4676.99        4838.37
943           4676.99        4838.37
944           4676.99        4838.37
945           4676.99        4838.37
946           4676.99        4838.37
947           4676.99        4838.37
948           4676.99        4838.37
949           4676.99        4838.36
950           4676.99        4838.36
951           4676.99        4838.36
952           4676.99        4838.36
953           4676.99        4838.36
954           4676.99        4838.36
955           4676.99        4838.36
956           4676.99        4838.36
957           4676.99        4838.36
958           4676.99        4838.36
959           4676.99        4838.36
960           4676.99        4838.36
961           4676.99        4838.36
962           4676.99        4838.36
963           4676.99        4838.36
964           4676.99        4838.36
965           4676.99        4838.36
966           4676.99        4838.36
967           4676.99        4838.36
968           4676.99        4838.36
969           4676.99        4838.36
970           4676.99        4838.36
971           4676.99        4838.36
972           4676.99        4838.36
973           4676.99        4838.36
974           4676.99        4838.36
975           4676.99        4838.36
976           4676.99        4838.36
977           4676.99        4838.36
978           4676.99        4838.36
979           4676.99        4838.36
980           4676.99        4838.36
981           4676.99        4838.36
982           4676.99        4838.36
983           4676.99        4838.36
984           4676.99        4838.36
985           4676.99        4838.36
986           4676.99        4838.36
987           4676.99        4838.36
988           4676.99        4838.36
989           4676.99        4838.35
990           4676.99        4838.35
991           4676.99        4838.35
992           4676.99        4838.35
993           4676.99        4838.35
994           4676.99        4838.35
995           4676.99        4838.35
996           4676.99        4838.35
997           4676.99        4838.35
998           4676.99        4838.35
999           4676.99        4838.35
1000           4676.99        4838.35
1001           4676.99        4838.35
1002           4676.99        4838.35
1003           4676.99        4838.35
1004           4676.99        4838.35
1005           4676.99        4838.35
1006           4676.99        4838.35
1007           4676.99        4838.35
1008           4676.99        4838.35
1009           4676.99        4838.35
1010           4676.99        4838.35
1011           4676.99        4838.35
1012           4676.99        4838.35
1013           4676.99        4838.35
1014           4676.99        4838.35
1015           4676.99        4838.35
1016           4676.99        4838.35
1017           4676.99        4838.35
1018           4676.99        4838.35
1019           4676.99        4838.35
1020           4676.99        4838.35
1021           4676.99        4838.35
1022           4676.99        4838.35
1023           4676.99        4838.35
1024           4676.99        4838.35
1025           4676.99        4838.35
1026           4676.99        4838.35
1027           4676.99        4838.34
1028           4676.99        4838.34
1029           4676.99        4838.34
1030           4676.99        4838.34
1031           4676.99        4838.34
1032           4676.99        4838.34
1033           4676.99        4838.34
1034           4676.99        4838.34
1035           4676.99        4838.34
1036           4676.99        4838.34
1037           4676.99        4838.34
1038           4676.99        4838.34
1039           4676.99        4838.34
1040           4676.99        4838.34
1041           4676.99        4838.34
1042           4676.99        4838.34
1043           4676.99        4838.34
1044           4676.99        4838.34
1045           4676.99        4838.34
1046           4676.99        4838.34
1047           4676.99        4838.34
1048           4676.99        4838.34
1049           4676.99        4838.34
1050           4676.99        4838.34
1051           4676.99        4838.34
1052           4676.99        4838.34
1053           4676.99        4838.34
1054           4676.99        4838.34
1055           4676.99        4838.34
1056           4676.99        4838.34
1057           4676.99        4838.34
1058           4676.99        4838.34
1059           4676.99        4838.34
1060           4676.99        4838.34
1061           4676.99        4838.34
1062           4676.99        4838.34
1063           4676.99        4838.34
1064           4676.99        4838.34
1065           4676.99        4838.34
1066           4676.99        4838.34
1067           4676.99        4838.34
1068           4676.99        4838.34
1069           4676.99        4838.34
1070           4676.99        4838.34
1071           4676.99        4838.34
1072           4676.98        4838.34
1073           4676.98        4838.34
1074           4676.98        4838.33
1075           4676.98        4838.33
1076           4676.98        4838.33
1077           4676.98        4838.33
1078           4676.98        4838.33
1079           4676.98        4838.33
1080           4676.98        4838.33
1081           4676.98        4838.33
1082           4676.98        4838.33
1083           4676.98        4838.33
1084           4676.98        4838.33
1085           4676.98        4838.33
1086           4676.98        4838.33
1087           4676.98        4838.33
1088           4676.98        4838.33
1089           4676.98        4838.33
1090           4676.98        4838.33
1091           4676.98        4838.33
1092           4676.98        4838.33
1093           4676.98        4838.33
1094           4676.98        4838.33
1095           4676.98        4838.33
1096           4676.98        4838.33
1097           4676.98        4838.33
1098           4676.98        4838.33
1099           4676.98        4838.33
1100           4676.98        4838.33
1101           4676.98        4838.33
1102           4676.98        4838.33
1103           4676.98        4838.33
1104           4676.98        4838.33
1105           4676.98        4838.33
1106           4676.98        4838.33
1107           4676.98        4838.33
1108           4676.98        4838.33
1109           4676.98        4838.33
1110           4676.98        4838.33
1111           4676.98        4838.33
1112           4676.98        4838.33
1113           4676.98        4838.33
1114           4676.98        4838.33
1115           4676.98        4838.33
1116           4676.98        4838.33
1117           4676.98        4838.33
1118           4676.98        4838.33
1119           4676.98        4838.33
1120           4676.98        4838.33
1121           4676.98        4838.33
1122           4676.98        4838.33
1123           4676.98        4838.33
1124           4676.98        4838.33
1125           4676.98        4838.33
1126           4676.98        4838.33
1127           4676.98        4838.33
1128           4676.98        4838.33
1129           4676.98        4838.33
1130           4676.98        4838.33
1131           4676.98        4838.33
1132           4676.98        4838.33
1133           4676.98        4838.33
1134           4676.98        4838.33
1135           4676.98        4838.33
1136           4676.98        4838.33
1137           4676.98        4838.32
1138           4676.98        4838.32
1139           4676.98        4838.32
1140           4676.98        4838.32
1141           4676.98        4838.32
1142           4676.98        4838.32
1143           4676.98        4838.32
1144           4676.98        4838.32
1145           4676.98        4838.32
1146           4676.98        4838.32
1147           4676.98        4838.32
1148           4676.98        4838.32
1149           4676.98        4838.32
1150           4676.98        4838.32
1151           4676.98        4838.32
1152           4676.98        4838.32
1153           4676.98        4838.32
1154           4676.98        4838.32
1155           4676.98        4838.32
1156           4676.98        4838.32
1157           4676.98        4838.32
1158           4676.98        4838.32
1159           4676.98        4838.32
1160           4676.98        4838.32
1161           4676.98        4838.32
1162           4676.98        4838.32
1163           4676.98        4838.32
1164           4676.98        4838.32
1165           4676.98        4838.32
1166           4676.98        4838.32
1167           4676.98        4838.32
1168           4676.98        4838.32
1169           4676.98        4838.32
1170           4676.98        4838.32
1171           4676.98        4838.32
1172           4676.98        4838.32
1173           4676.98        4838.32
1174           4676.98        4838.32
1175           4676.98        4838.32
1176           4676.98        4838.32
1177           4676.98        4838.32
1178           4676.98        4838.32
1179           4676.98        4838.32
1180           4676.98        4838.32
1181           4676.98        4838.32
1182           4676.98        4838.32
1183           4676.98        4838.32
1184           4676.98        4838.32
1185           4676.98        4838.32
1186           4676.98        4838.32
1187           4676.98        4838.32
1188           4676.98        4838.32
1189           4676.98        4838.32
1190           4676.98        4838.32
1191           4676.98        4838.32
1192           4676.98        4838.32
1193           4676.98        4838.32
1194           4676.98        4838.32
1195           4676.98        4838.32
1196           4676.98        4838.32
1197           4676.98        4838.32
1198           4676.98        4838.32
1199           4676.98        4838.32
1200           4676.98        4838.32
1201           4676.98        4838.32
1202           4676.98        4838.32
1203           4676.98        4838.32
1204           4676.98        4838.32
1205           4676.98        4838.32
1206           4676.98        4838.32
1207           4676.98        4838.32
1208           4676.98        4838.32
1209           4676.98        4838.32
1210           4676.98        4838.32
1211           4676.98        4838.32
1212           4676.98        4838.32
1213           4676.98        4838.32
1214           4676.98        4838.32
1215           4676.98        4838.32
1216           4676.98        4838.32
1217           4676.98        4838.32
1218           4676.98        4838.32
1219           4676.98        4838.32
1220           4676.98        4838.32
1221           4676.98        4838.32
1222           4676.98        4838.32
1223           4676.98        4838.32
1224           4676.98        4838.32
1225           4676.98        4838.32
1226           4676.98        4838.32
1227           4676.98        4838.32
1228           4676.98        4838.32
1229           4676.98        4838.32
1230           4676.98        4838.32
1231           4676.98        4838.32
1232           4676.98        4838.32
1233           4676.98        4838.32
1234           4676.98        4838.32
1235           4676.98        4838.32
1236           4676.98        4838.32
1237           4676.98        4838.32
1238           4676.98        4838.32
1239           4676.98        4838.32
1240           4676.98        4838.32
1241           4676.98        4838.32
1242           4676.98        4838.32
1243           4676.98        4838.32
1244           4676.98        4838.32
1245           4676.98        4838.32
1246           4676.98        4838.32
1247           4676.98        4838.32
1248           4676.98        4838.32
1249           4676.98        4838.32
1250           4676.98        4838.32
1251           4676.98        4838.32
1252           4676.98        4838.32
1253           4676.98        4838.32
1254           4676.98        4838.32
1255           4676.98        4838.32
1256           4676.98        4838.32
1257           4676.98        4838.32
1258           4676.98        4838.32
1259           4676.98        4838.32
1260           4676.98        4838.32
1261           4676.98        4838.32
1262           4676.98        4838.32
1263           4676.98        4838.32
1264           4676.98        4838.32
1265           4676.98        4838.32
1266           4676.98        4838.32
1267           4676.98        4838.32
1268           4676.98        4838.32
1269           4676.98        4838.32
1270           4676.98        4838.32
1271           4676.98        4838.32
1272           4676.98        4838.32
1273           4676.98        4838.32
1274           4676.98        4838.32
1275           4676.98        4838.32
1276           4676.98        4838.32
1277           4676.98        4838.32
1278           4676.98        4838.32
1279           4676.98        4838.32
1280           4676.98        4838.32
1281           4676.98        4838.32
1282           4676.98        4838.32
1283           4676.98        4838.32
1284           4676.98        4838.32
1285           4676.98        4838.32
1286           4676.98        4838.32
1287           4676.98        4838.32
1288           4676.98        4838.32
1289           4676.98        4838.32
1290           4676.98        4838.32
1291           4676.98        4838.32
1292           4676.98        4838.32
1293           4676.98        4838.32
1294           4676.98        4838.32
1295           4676.98        4838.32
1296           4676.98        4838.32
1297           4676.98        4838.32
1298           4676.98        4838.32
1299           4676.98        4838.32
1300           4676.98        4838.32
1301           4676.98        4838.32
1302           4676.98        4838.32
1303           4676.98        4838.32
1304           4676.98        4838.32
1305           4676.98        4838.32
1306           4676.98        4838.32
1307           4676.98        4838.32
1308           4676.98        4838.32
1309           4676.98        4838.32
1310           4676.98        4838.32
1311           4676.98        4838.32
1312           4676.98        4838.32
1313           4676.98        4838.32
1314           4676.98        4838.32
1315           4676.98        4838.32
1316           4676.98        4838.32
1317           4676.98        4838.32
1318           4676.98        4838.32
1319           4676.98        4838.32
1320           4676.98        4838.31
1321           4676.98        4838.31
1322           4676.98        4838.31
1323           4676.98        4838.31
1324           4676.98        4838.31
1325           4676.98        4838.31
1326           4676.98        4838.31
1327           4676.98        4838.31
1328           4676.98        4838.31
1329           4676.98        4838.31
1330           4676.98        4838.31
1331           4676.98        4838.31
1332           4676.98        4838.31
1333           4676.98        4838.31
1334           4676.98        4838.31
1335           4676.98        4838.31
1336           4676.98        4838.31
1337           4676.98        4838.31
1338           4676.98        4838.31
1339           4676.98        4838.31
1340           4676.98        4838.31
1341           4676.98        4838.31
1342           4676.98        4838.31
1343           4676.98        4838.31
1344           4676.98        4838.31
1345           4676.98        4838.31
1346           4676.98        4838.31
1347           4676.98        4838.31
1348           4676.98        4838.31
1349           4676.98        4838.31
1350           4676.98        4838.31
1351           4676.98        4838.31
1352           4676.98        4838.31
1353           4676.98        4838.31
1354           4676.98        4838.31
1355           4676.98        4838.31
1356           4676.98        4838.31
1357           4676.98        4838.31
1358           4676.98        4838.31
1359           4676.98        4838.31
1360           4676.98        4838.31
1361           4676.98        4838.31
1362           4676.98        4838.31
1363           4676.98        4838.31
1364           4676.98        4838.31
1365           4676.98        4838.31
1366           4676.98        4838.31
1367           4676.98        4838.31
1368           4676.98        4838.31
1369           4676.98        4838.31
1370           4676.98        4838.31
1371           4676.98        4838.31
1372           4676.98        4838.31
1373           4676.98        4838.31
1374           4676.98        4838.31
1375           4676.98        4838.31
1376           4676.98        4838.31
1377           4676.98        4838.31
1378           4676.98        4838.31
1379           4676.98        4838.31
1380           4676.98        4838.31
1381           4676.98        4838.31
1382           4676.98        4838.31
1383           4676.98        4838.31
1384           4676.98        4838.31
1385           4676.98        4838.31
1386           4676.98        4838.31
1387           4676.98        4838.31
1388           4676.98        4838.31
1389           4676.98        4838.31
1390           4676.98        4838.31
1391           4676.98        4838.31
1392           4676.98        4838.31
1393           4676.98        4838.31
1394           4676.98        4838.31
1395           4676.98        4838.31
1396           4676.98        4838.31
1397           4676.98        4838.31
1398           4676.98         4838.3
1399           4676.98         4838.3
1400           4676.98         4838.3
1401           4676.98         4838.3
1402           4676.98         4838.3
1403           4676.98         4838.3
1404           4676.98         4838.3
1405           4676.98         4838.3
1406           4676.98         4838.3
1407           4676.98         4838.3
1408           4676.98         4838.3
1409           4676.98         4838.3
1410           4676.98         4838.3
1411           4676.98         4838.3
1412           4676.98         4838.3
1413           4676.98         4838.3
1414           4676.98         4838.3
1415           4676.98         4838.3
1416           4676.98         4838.3
1417           4676.98         4838.3
1418           4676.98         4838.3
1419           4676.98         4838.3
1420           4676.98         4838.3
1421           4676.98         4838.3
1422           4676.98         4838.3
1423           4676.98         4838.3
1424           4676.98         4838.3
1425           4676.98         4838.3
1426           4676.98         4838.3
1427           4676.98         4838.3
1428           4676.98         4838.3
1429           4676.98         4838.3
1430           4676.98         4838.3
1431           4676.98         4838.3
1432           4676.98         4838.3
1433           4676.98         4838.3
1434           4676.98         4838.3
1435           4676.98         4838.3
1436           4676.98         4838.3
1437           4676.98         4838.3
1438           4676.98         4838.3
1439           4676.98         4838.3
1440           4676.98         4838.3
1441           4676.98         4838.3
1442           4676.98         4838.3
1443           4676.98         4838.3
1444           4676.98         4838.3
1445           4676.98         4838.3
1446           4676.98         4838.3
1447           4676.98         4838.3
1448           4676.98         4838.3
1449           4676.98         4838.3
1450           4676.98         4838.3
1451           4676.98         4838.3
1452           4676.98         4838.3
1453           4676.98         4838.3
1454           4676.98         4838.3
1455           4676.98         4838.3
1456           4676.98         4838.3
1457           4676.98         4838.3
1458           4676.98         4838.3
1459           4676.98         4838.3
1460           4676.98         4838.3
1461           4676.98         4838.3
1462           4676.98         4838.3
1463           4676.98         4838.3
1464           4676.98        4838.29
1465           4676.98        4838.29
1466           4676.98        4838.29
1467           4676.98        4838.29
1468           4676.98        4838.29
1469           4676.98        4838.29
1470           4676.98        4838.29
1471           4676.98        4838.29
1472           4676.98        4838.29
1473           4676.98        4838.29
1474           4676.98        4838.29
1475           4676.98        4838.29
1476           4676.98        4838.29
1477           4676.98        4838.29
1478           4676.98        4838.29
1479           4676.98        4838.29
1480           4676.98        4838.29
1481           4676.98        4838.29
1482           4676.98        4838.29
1483           4676.98        4838.29
1484           4676.98        4838.29
1485           4676.98        4838.29
1486           4676.98        4838.29
1487           4676.98        4838.29
1488           4676.98        4838.29
1489           4676.98        4838.29
1490           4676.98        4838.29
1491           4676.98        4838.29
1492           4676.98        4838.29
1493           4676.98        4838.29
1494           4676.98        4838.29
1495           4676.98        4838.29
1496           4676.98        4838.29
1497           4676.98        4838.29
1498           4676.98        4838.29
1499           4676.98        4838.29
1500           4676.98        4838.29
1501           4676.98        4838.29
1502           4676.98        4838.29
1503           4676.98        4838.29
1504           4676.98        4838.29
1505           4676.98        4838.29
1506           4676.98        4838.29
1507           4676.98        4838.29
1508           4676.98        4838.29
1509           4676.98        4838.29
1510           4676.98        4838.29
1511           4676.98        4838.29
1512           4676.98        4838.29
1513           4676.98        4838.29
1514           4676.98        4838.29
1515           4676.98        4838.29
1516           4676.98        4838.29
1517           4676.98        4838.29
1518           4676.98        4838.29
1519           4676.98        4838.29
1520           4676.98        4838.29
1521           4676.98        4838.29
1522           4676.98        4838.29
1523           4676.98        4838.29
1524           4676.98        4838.29
1525           4676.98        4838.29
1526           4676.98        4838.29
1527           4676.98        4838.29
1528           4676.98        4838.29
1529           4676.98        4838.29
1530           4676.98        4838.29
1531           4676.98        4838.29
1532           4676.98        4838.29
1533           4676.98        4838.29
1534           4676.98        4838.29
1535           4676.98        4838.29
1536           4676.98        4838.29
1537           4676.98        4838.29
1538           4676.98        4838.29
1539           4676.98        4838.29
1540           4676.98        4838.29
1541           4676.98        4838.29
1542           4676.98        4838.29
1543           4676.98        4838.29
1544           4676.98        4838.29
1545           4676.98        4838.29
1546           4676.98        4838.29
1547           4676.98        4838.29
1548           4676.98        4838.29
1549           4676.98        4838.29
1550           4676.98        4838.29
1551           4676.98        4838.29
1552           4676.98        4838.29
1553           4676.98        4838.29
1554           4676.98        4838.29
1555           4676.98        4838.29
1556           4676.98        4838.29
1557           4676.98        4838.29
1558           4676.98        4838.29
1559           4676.98        4838.29
1560           4676.98        4838.29
1561           4676.98        4838.29
1562           4676.98        4838.29
1563           4676.98        4838.29
1564           4676.98        4838.29
1565           4676.98        4838.29
1566           4676.98        4838.29
1567           4676.98        4838.29
1568           4676.98        4838.29
1569           4676.98        4838.29
1570           4676.98        4838.29
1571           4676.98        4838.29
1572           4676.98        4838.29
1573           4676.98        4838.29
1574           4676.98        4838.29
1575           4676.98        4838.29
1576           4676.98        4838.29
1577           4676.98        4838.29
1578           4676.98        4838.29
1579           4676.98        4838.29
1580           4676.98        4838.29
1581           4676.98        4838.29
1582           4676.98        4838.29
1583           4676.98        4838.29
1584           4676.98        4838.29
1585           4676.98        4838.29
1586           4676.98        4838.29
1587           4676.98        4838.29
1588           4676.98        4838.29
1589           4676.98        4838.29
1590           4676.98        4838.29
1591           4676.98        4838.29
1592           4676.98        4838.29
1593           4676.98        4838.29
1594           4676.98        4838.29
1595           4676.98        4838.29
1596           4676.98        4838.29
1597           4676.98        4838.29
1598           4676.98        4838.29
1599           4676.98        4838.29
1600           4676.98        4838.29
1601           4676.98        4838.29
1602           4676.98        4838.29
1603           4676.98        4838.29
1604           4676.98        4838.29
1605           4676.98        4838.29
1606           4676.98        4838.29
1607           4676.98        4838.29
1608           4676.98        4838.29
1609           4676.98        4838.29
1610           4676.98        4838.29
1611           4676.98        4838.29
1612           4676.98        4838.29
1613           4676.98        4838.29
1614           4676.98        4838.29
1615           4676.98        4838.29
1616           4676.98        4838.29
1617           4676.98        4838.29
1618           4676.98        4838.29
1619           4676.98        4838.29
1620           4676.98        4838.29
1621           4676.98        4838.29
1622           4676.98        4838.29
1623           4676.98        4838.29
1624           4676.98        4838.28
1625           4676.98        4838.28
1626           4676.98        4838.28
1627           4676.98        4838.28
1628           4676.98        4838.28
1629           4676.98        4838.28
1630           4676.98        4838.28
1631           4676.98        4838.28
1632           4676.98        4838.28
1633           4676.98        4838.28
1634           4676.98        4838.28
1635           4676.98        4838.28
1636           4676.98        4838.28
1637           4676.98        4838.28
1638           4676.98        4838.28
1639           4676.98        4838.28
1640           4676.98        4838.28
1641           4676.98        4838.28
1642           4676.98        4838.28
1643           4676.98        4838.28
1644           4676.98        4838.28
1645           4676.98        4838.28
1646           4676.98        4838.28
1647           4676.98        4838.28
1648           4676.98        4838.28
1649           4676.98        4838.28
1650           4676.98        4838.28
1651           4676.98        4838.28
1652           4676.98        4838.28
1653           4676.98        4838.28
1654           4676.98        4838.28
1655           4676.98        4838.28
1656           4676.98        4838.28
1657           4676.98        4838.28
1658           4676.98        4838.28
1659           4676.98        4838.28
1660           4676.98        4838.28
1661           4676.98        4838.28
1662           4676.98        4838.28
1663           4676.98        4838.28
1664           4676.98        4838.28
1665           4676.98        4838.28
1666           4676.98        4838.28
1667           4676.98        4838.28
1668           4676.98        4838.28
1669           4676.98        4838.28
1670           4676.98        4838.28
1671           4676.98        4838.28
1672           4676.98        4838.28
1673           4676.98        4838.28
1674           4676.98        4838.28
1675           4676.98        4838.28
1676           4676.98        4838.28
1677           4676.98        4838.28
1678           4676.98        4838.28
1679           4676.98        4838.28
1680           4676.98        4838.28
1681           4676.98        4838.28
1682           4676.98        4838.28
1683           4676.98        4838.28
1684           4676.98        4838.28
1685           4676.98        4838.28
1686           4676.98        4838.28
1687           4676.98        4838.28
1688           4676.98        4838.28
1689           4676.98        4838.28
1690           4676.98        4838.28
1691           4676.98        4838.28
1692           4676.98        4838.28
1693           4676.98        4838.28
1694           4676.98        4838.28
1695           4676.98        4838.28
1696           4676.98        4838.28
1697           4676.98        4838.28
1698           4676.98        4838.28
1699           4676.98        4838.28
1700           4676.98        4838.28
1701           4676.98        4838.28
1702           4676.98        4838.28
1703           4676.98        4838.28
1704           4676.98        4838.28
1705           4676.98        4838.28
1706           4676.98        4838.28
1707           4676.98        4838.28
1708           4676.98        4838.28
1709           4676.98        4838.28
1710           4676.98        4838.28
1711           4676.98        4838.28
1712           4676.98        4838.28
1713           4676.98        4838.28
1714           4676.98        4838.28
1715           4676.98        4838.28
1716           4676.98        4838.28
1717           4676.98        4838.28
1718           4676.98        4838.28
1719           4676.98        4838.28
1720           4676.98        4838.28
1721           4676.98        4838.28
1722           4676.98        4838.28
1723           4676.98        4838.28
1724           4676.98        4838.28
1725           4676.98        4838.28
1726           4676.98        4838.28
1727           4676.98        4838.28
1728           4676.98        4838.28
1729           4676.98        4838.28
1730           4676.98        4838.28
1731           4676.98        4838.28
1732           4676.98        4838.28
1733           4676.98        4838.28
1734           4676.98        4838.28
1735           4676.98        4838.28
1736           4676.98        4838.28
1737           4676.98        4838.28
1738           4676.98        4838.28
1739           4676.98        4838.28
1740           4676.98        4838.28
1741           4676.98        4838.28
1742           4676.98        4838.28
1743           4676.98        4838.28
1744           4676.98        4838.28
1745           4676.98        4838.28
1746           4676.98        4838.28
1747           4676.98        4838.28
1748           4676.98        4838.28
1749           4676.98        4838.28
1750           4676.98        4838.28
1751           4676.98        4838.28
1752           4676.98        4838.28
1753           4676.98        4838.28
1754           4676.98        4838.28
1755           4676.98        4838.28
1756           4676.98        4838.28
1757           4676.98        4838.28
1758           4676.98        4838.28
1759           4676.98        4838.28
1760           4676.98        4838.28
1761           4676.98        4838.28
1762           4676.98        4838.28
1763           4676.98        4838.28
1764           4676.98        4838.28
1765           4676.98        4838.28
1766           4676.98        4838.28
1767           4676.98        4838.28
1768           4676.98        4838.28
1769           4676.98        4838.28
1770           4676.98        4838.28
1771           4676.98        4838.28
1772           4676.98        4838.28
1773           4676.98        4838.28
1774           4676.98        4838.28
1775           4676.98        4838.28
1776           4676.98        4838.28
1777           4676.98        4838.28
1778           4676.98        4838.28
1779           4676.98        4838.28
1780           4676.98        4838.28
1781           4676.98        4838.28
1782           4676.98        4838.28
1783           4676.98        4838.28
1784           4676.98        4838.28
1785           4676.98        4838.28
1786           4676.98        4838.28
1787           4676.98        4838.28
1788           4676.98        4838.28
1789           4676.98        4838.28
1790           4676.98        4838.28
1791           4676.98        4838.28
1792           4676.98        4838.28
1793           4676.98        4838.28
1794           4676.98        4838.28
1795           4676.98        4838.28
1796           4676.98        4838.28
1797           4676.98        4838.28
1798           4676.98        4838.28
1799           4676.98        4838.28
1800           4676.98        4838.28
1801           4676.98        4838.28
1802           4676.98        4838.28
1803           4676.98        4838.28
1804           4676.98        4838.28
1805           4676.98        4838.28
1806           4676.98        4838.28
1807           4676.98        4838.28
1808           4676.98        4838.28
1809           4676.98        4838.28
1810           4676.98        4838.28
1811           4676.98        4838.28
1812           4676.98        4838.28
1813           4676.98        4838.28
1814           4676.98        4838.28
1815           4676.98        4838.28
1816           4676.98        4838.28
1817           4676.98        4838.28
1818           4676.98        4838.28
1819           4676.98        4838.28
1820           4676.98        4838.28
1821           4676.98        4838.28
1822           4676.98        4838.28
1823           4676.98        4838.28
1824           4676.98        4838.28
1825           4676.98        4838.28
1826           4676.98        4838.28
1827           4676.98        4838.28
1828           4676.98        4838.28
1829           4676.98        4838.28
1830           4676.98        4838.28
1831           4676.98        4838.28
1832           4676.98        4838.28
1833           4676.98        4838.28
1834           4676.98        4838.28
1835           4676.98        4838.28
1836           4676.98        4838.28
1837           4676.98        4838.28
1838           4676.98        4838.28
1839           4676.98        4838.28
1840           4676.98        4838.28
1841           4676.98        4838.28
1842           4676.98        4838.28
1843           4676.98        4838.28
1844           4676.98        4838.28
1845           4676.98        4838.28
1846           4676.98        4838.28
1847           4676.98        4838.28
1848           4676.98        4838.28
1849           4676.98        4838.28
1850           4676.98        4838.28
1851           4676.98        4838.28
1852           4676.98        4838.28
1853           4676.98        4838.28
1854           4676.98        4838.28
1855           4676.98        4838.28
1856           4676.98        4838.28
1857           4676.98        4838.28
1858           4676.98        4838.28
1859           4676.98        4838.28
1860           4676.98        4838.28
1861           4676.98        4838.28
1862           4676.98        4838.28
1863           4676.98        4838.28
1864           4676.98        4838.28
1865           4676.98        4838.28
1866           4676.98        4838.28
1867           4676.98        4838.28
1868           4676.98        4838.28
1869           4676.98        4838.28
1870           4676.98        4838.28
1871           4676.98        4838.28
1872           4676.98        4838.28
1873           4676.98        4838.28
1874           4676.98        4838.28
1875           4676.98        4838.28
1876           4676.98        4838.28
1877           4676.98        4838.28
1878           4676.98        4838.28
1879           4676.98        4838.28
1880           4676.98        4838.28
1881           4676.98        4838.28
1882           4676.98        4838.28
1883           4676.98        4838.28
1884           4676.98        4838.28
1885           4676.98        4838.28
1886           4676.98        4838.28
1887           4676.98        4838.28
1888           4676.98        4838.28
1889           4676.98        4838.28
1890           4676.98        4838.28
1891           4676.98        4838.28
1892           4676.98        4838.28
1893           4676.98        4838.28
1894           4676.98        4838.28
1895           4676.98        4838.28
1896           4676.98        4838.28
1897           4676.98        4838.28
1898           4676.98        4838.28
1899           4676.98        4838.28
1900           4676.98        4838.28
1901           4676.98        4838.28
1902           4676.98        4838.28
1903           4676.98        4838.28
1904           4676.98        4838.28
1905           4676.98        4838.28
1906           4676.98        4838.28
1907           4676.98        4838.28
1908           4676.98        4838.28
1909           4676.98        4838.28
1910           4676.98        4838.28
1911           4676.98        4838.28
1912           4676.98        4838.28
1913           4676.98        4838.28
1914           4676.98        4838.28
1915           4676.98        4838.28
1916           4676.98        4838.28
1917           4676.98        4838.28
1918           4676.98        4838.28
1919           4676.98        4838.28
1920           4676.98        4838.28
1921           4676.98        4838.28
1922           4676.98        4838.28
1923           4676.98        4838.28
1924           4676.98        4838.28
1925           4676.98        4838.28
1926           4676.98        4838.28
1927           4676.98        4838.28
1928           4676.98        4838.28
1929           4676.98        4838.28
1930           4676.98        4838.28
1931           4676.98        4838.28
1932           4676.98        4838.28
1933           4676.98        4838.28
1934           4676.98        4838.28
1935           4676.98        4838.28
1936           4676.98        4838.28
1937           4676.98        4838.28
1938           4676.98        4838.28
1939           4676.98        4838.28
1940           4676.98        4838.28
1941           4676.98        4838.28
1942           4676.98        4838.28
1943           4676.98        4838.28
1944           4676.98        4838.28
1945           4676.98        4838.28
1946           4676.98        4838.28
1947           4676.98        4838.28
1948           4676.98        4838.28
1949           4676.98        4838.28
1950           4676.98        4838.28
1951           4676.98        4838.28
1952           4676.98        4838.28
1953           4676.98        4838.28
1954           4676.98        4838.28
1955           4676.98        4838.28
1956           4676.98        4838.28
1957           4676.98        4838.28
1958           4676.98        4838.28
1959           4676.98        4838.28
1960           4676.98        4838.28
1961           4676.98        4838.28
1962           4676.98        4838.28
1963           4676.98        4838.28
1964           4676.98        4838.28
1965           4676.98        4838.28
1966           4676.98        4838.28
1967           4676.98        4838.28
1968           4676.98        4838.28
1969           4676.98        4838.28
1970           4676.98        4838.28
1971           4676.98        4838.28
1972           4676.98        4838.28
1973           4676.98        4838.28
1974           4676.98        4838.28
1975           4676.98        4838.28
1976           4676.98        4838.28
1977           4676.98        4838.28
1978           4676.98        4838.28
1979           4676.98        4838.28
1980           4676.98        4838.28
1981           4676.98        4838.28
1982           4676.98        4838.28
1983           4676.98        4838.28
1984           4676.98        4838.28
1985           4676.98        4838.28
1986           4676.98        4838.28
1987           4676.98        4838.28
1988           4676.98        4838.28
1989           4676.98        4838.28
1990           4676.98        4838.28
1991           4676.98        4838.28
1992           4676.98        4838.28
1993           4676.98        4838.28
1994           4676.98        4838.28
1995           4676.98        4838.28
1996           4676.98        4838.28
1997           4676.98        4838.28
1998           4676.98        4838.28
1999           4676.98        4838.28
2000           4676.98        4838.28
2001           4676.98        4838.28
2002           4676.98        4838.28
2003           4676.98        4838.28
2004           4676.98        4838.28
2005           4676.98        4838.28
2006           4676.98        4838.28
2007           4676.98        4838.28
2008           4676.98        4838.28
2009           4676.98        4838.28
2010           4676.98        4838.28
2011           4676.98        4838.28
2012           4676.98        4838.28
2013           4676.98        4838.28
2014           4676.98        4838.28
2015           4676.98        4838.28
2016           4676.98        4838.28
2017           4676.98        4838.27
2018           4676.98        4838.27
2019           4676.98        4838.27
2020           4676.98        4838.27
2021           4676.98        4838.27
2022           4676.98        4838.27
2023           4676.98        4838.27
2024           4676.98        4838.27
2025           4676.98        4838.27
2026           4676.98        4838.27
2027           4676.98        4838.27
2028           4676.98        4838.27
2029           4676.98        4838.27
2030           4676.98        4838.27
2031           4676.98        4838.27
2032           4676.98        4838.27
2033           4676.98        4838.27
2034           4676.98        4838.27
2035           4676.98        4838.27
2036           4676.98        4838.27
2037           4676.98        4838.27
2038           4676.98        4838.27
2039           4676.98        4838.27
2040           4676.98        4838.27
2041           4676.98        4838.27
2042           4676.98        4838.27
2043           4676.98        4838.27
2044           4676.98        4838.27
2045           4676.98        4838.27
2046           4676.98        4838.27
2047           4676.98        4838.27
2048           4676.98        4838.27
2049           4676.98        4838.27
2050           4676.98        4838.27
2051           4676.98        4838.27
2052           4676.98        4838.27
2053           4676.98        4838.27
2054           4676.98        4838.27
2055           4676.98        4838.27
2056           4676.98        4838.27
2057           4676.98        4838.27
2058           4676.98        4838.27
2059           4676.98        4838.27
2060           4676.98        4838.27
2061           4676.98        4838.27
2062           4676.98        4838.27
2063           4676.98        4838.27
2064           4676.98        4838.27
2065           4676.98        4838.27
2066           4676.98        4838.27
2067           4676.98        4838.27
2068           4676.98        4838.27
2069           4676.98        4838.27
2070           4676.98        4838.27
2071           4676.98        4838.27
2072           4676.98        4838.27
2073           4676.98        4838.27
2074           4676.98        4838.27
2075           4676.98        4838.27
2076           4676.98        4838.27
2077           4676.98        4838.27
2078           4676.98        4838.27
2079           4676.98        4838.27
2080           4676.98        4838.27
2081           4676.98        4838.27
2082           4676.98        4838.27
2083           4676.98        4838.27
2084           4676.98        4838.27
2085           4676.98        4838.27
2086           4676.98        4838.27
2087           4676.98        4838.27
2088           4676.98        4838.27
2089           4676.98        4838.27
2090           4676.98        4838.27
2091           4676.98        4838.27
2092           4676.98        4838.27
2093           4676.98        4838.27
2094           4676.98        4838.27
2095           4676.98        4838.27
2096           4676.98        4838.27
2097           4676.98        4838.27
2098           4676.98        4838.27
2099           4676.98        4838.27
2100           4676.98        4838.27
2101           4676.98        4838.27
2102           4676.98        4838.27
2103           4676.98        4838.27
2104           4676.98        4838.27
2105           4676.98        4838.27
2106           4676.98        4838.27
2107           4676.98        4838.27
2108           4676.98        4838.27
2109           4676.98        4838.27
2110           4676.98        4838.27
2111           4676.98        4838.27
2112           4676.98        4838.27
2113           4676.98        4838.27
2114           4676.98        4838.27
2115           4676.98        4838.27
2116           4676.98        4838.27
2117           4676.98        4838.27
2118           4676.98        4838.27
2119           4676.98        4838.27
2120           4676.98        4838.27
2121           4676.98        4838.27
2122           4676.98        4838.27
2123           4676.98        4838.27
2124           4676.98        4838.27
2125           4676.98        4838.27
2126           4676.98        4838.27
2127           4676.98        4838.27
2128           4676.98        4838.27
2129           4676.98        4838.27
2130           4676.98        4838.27
2131           4676.98        4838.27
2132           4676.98        4838.27
2133           4676.98        4838.27
2134           4676.98        4838.27
2135           4676.98        4838.27
2136           4676.98        4838.27
2137           4676.98        4838.27
2138           4676.98        4838.27
2139           4676.98        4838.27
2140           4676.98        4838.27
2141           4676.98        4838.27
2142           4676.98        4838.27
2143           4676.98        4838.27
2144           4676.98        4838.27
2145           4676.98        4838.27
2146           4676.98        4838.27
2147           4676.98        4838.27
2148           4676.98        4838.27
2149           4676.98        4838.27
2150           4676.98        4838.27
2151           4676.98        4838.27
2152           4676.98        4838.27
2153           4676.98        4838.27
2154           4676.98        4838.27
2155           4676.98        4838.27
2156           4676.98        4838.27
2157           4676.98        4838.27
2158           4676.98        4838.27
2159           4676.98        4838.27
2160           4676.98        4838.27
2161           4676.98        4838.27
2162           4676.98        4838.27
2163           4676.98        4838.27
2164           4676.98        4838.27
2165           4676.98        4838.27
2166           4676.98        4838.27
2167           4676.98        4838.27
2168           4676.98        4838.27
2169           4676.98        4838.27
2170           4676.98        4838.27
2171           4676.98        4838.27
2172           4676.98        4838.27
2173           4676.98        4838.27
2174           4676.98        4838.27
2175           4676.98        4838.27
2176           4676.98        4838.27
2177           4676.98        4838.27
2178           4676.98        4838.27
2179           4676.98        4838.27
2180           4676.98        4838.27
2181           4676.98        4838.27
2182           4676.98        4838.27
2183           4676.98        4838.27
2184           4676.98        4838.27
2185           4676.98        4838.27
2186           4676.98        4838.27
2187           4676.98        4838.27
2188           4676.98        4838.27
2189           4676.98        4838.27
2190           4676.98        4838.27
2191           4676.98        4838.27
2192           4676.98        4838.27
2193           4676.98        4838.27
2194           4676.98        4838.27
2195           4676.98        4838.27
2196           4676.98        4838.27
2197           4676.98        4838.27
2198           4676.98        4838.27
2199           4676.98        4838.27
2200           4676.98        4838.27
2201           4676.98        4838.27
2202           4676.98        4838.27
2203           4676.98        4838.27
2204           4676.98        4838.27
2205           4676.98        4838.27
2206           4676.98        4838.27
2207           4676.98        4838.27
2208           4676.98        4838.27
2209           4676.98        4838.27
2210           4676.98        4838.27
2211           4676.98        4838.27
2212           4676.98        4838.27
2213           4676.98        4838.27
2214           4676.98        4838.27
2215           4676.98        4838.27
2216           4676.98        4838.27
2217           4676.98        4838.27
2218           4676.98        4838.27
2219           4676.98        4838.27
2220           4676.98        4838.27
2221           4676.98        4838.27
2222           4676.98        4838.27
2223           4676.98        4838.27
2224           4676.98        4838.27
2225           4676.98        4838.27
2226           4676.98        4838.27
2227           4676.98        4838.27
2228           4676.98        4838.27
2229           4676.98        4838.27
2230           4676.98        4838.27
2231           4676.98        4838.27
2232           4676.98        4838.27
2233           4676.98        4838.27
2234           4676.98        4838.27
2235           4676.98        4838.27
2236           4676.98        4838.27
2237           4676.98        4838.27
2238           4676.98        4838.27
2239           4676.98        4838.27
2240           4676.98        4838.27
2241           4676.98        4838.27
2242           4676.98        4838.27
2243           4676.98        4838.27
2244           4676.98        4838.27
2245           4676.98        4838.27
2246           4676.98        4838.27
2247           4676.98        4838.27
2248           4676.98        4838.27
2249           4676.98        4838.27
2250           4676.98        4838.27
2251           4676.98        4838.27
2252           4676.98        4838.27
2253           4676.98        4838.27
2254           4676.98        4838.27
2255           4676.98        4838.27
2256           4676.98        4838.27
2257           4676.98        4838.27
2258           4676.98        4838.27
2259           4676.98        4838.27
2260           4676.98        4838.27
2261           4676.98        4838.27
2262           4676.98        4838.27
2263           4676.98        4838.27
2264           4676.98        4838.27
2265           4676.98        4838.27
2266           4676.98        4838.27
2267           4676.98        4838.27
2268           4676.98        4838.27
2269           4676.98        4838.27
2270           4676.98        4838.27
2271           4676.98        4838.27
2272           4676.98        4838.27
2273           4676.98        4838.27
2274           4676.98        4838.27
2275           4676.98        4838.27
2276           4676.98        4838.27
2277           4676.98        4838.27
2278           4676.98        4838.27
2279           4676.98        4838.27
2280           4676.98        4838.27
2281           4676.98        4838.27
2282           4676.98        4838.27
2283           4676.98        4838.27
2284           4676.98        4838.27
2285           4676.98        4838.27
2286           4676.98        4838.27
2287           4676.98        4838.27
2288           4676.98        4838.27
2289           4676.98        4838.27
2290           4676.98        4838.27
2291           4676.98        4838.27
2292           4676.98        4838.27
2293           4676.98        4838.27
2294           4676.98        4838.27
2295           4676.98        4838.27
2296           4676.98        4838.27
2297           4676.98        4838.27
2298           4676.98        4838.27
2299           4676.98        4838.27
2300           4676.98        4838.27
2301           4676.98        4838.27
2302           4676.98        4838.27
2303           4676.98        4838.27
2304           4676.98        4838.27
2305           4676.98        4838.27
2306           4676.98        4838.27
2307           4676.98        4838.27
2308           4676.98        4838.27
2309           4676.98        4838.27
2310           4676.98        4838.27
2311           4676.98        4838.27
2312           4676.98        4838.27
2313           4676.98        4838.27
2314           4676.98        4838.27
2315           4676.98        4838.27
2316           4676.98        4838.27
2317           4676.98        4838.27
2318           4676.98        4838.27
2319           4676.98        4838.27
2320           4676.98        4838.27
2321           4676.98        4838.27
2322           4676.98        4838.27
2323           4676.98        4838.27
2324           4676.98        4838.27
2325           4676.98        4838.27
2326           4676.98        4838.27
2327           4676.98        4838.27
2328           4676.98        4838.27
2329           4676.98        4838.27
2330           4676.98        4838.27
2331           4676.98        4838.27
2332           4676.98        4838.27
2333           4676.98        4838.27
2334           4676.98        4838.27
2335           4676.98        4838.27
2336           4676.98        4838.27
2337           4676.98        4838.27
2338           4676.98        4838.27
2339           4676.98        4838.27
2340           4676.98        4838.27
2341           4676.98        4838.27
2342           4676.98        4838.27
2343           4676.98        4838.27
2344           4676.98        4838.27
2345           4676.98        4838.27
2346           4676.98        4838.27
2347           4676.98        4838.27
2348           4676.98        4838.27
2349           4676.98        4838.27
2350           4676.98        4838.27
2351           4676.98        4838.27
2352           4676.98        4838.27
2353           4676.98        4838.27
2354           4676.98        4838.27
2355           4676.98        4838.27
2356           4676.98        4838.27
2357           4676.98        4838.27
2358           4676.98        4838.27
2359           4676.98        4838.27
2360           4676.98        4838.27
2361           4676.98        4838.27
2362           4676.98        4838.27
2363           4676.98        4838.27
2364           4676.98        4838.27
2365           4676.98        4838.27
2366           4676.98        4838.27
2367           4676.98        4838.27
2368           4676.98        4838.27
2369           4676.98        4838.27
2370           4676.98        4838.27
2371           4676.98        4838.27
2372           4676.98        4838.27
2373           4676.98        4838.27
2374           4676.98        4838.27
2375           4676.98        4838.27
2376           4676.98        4838.27
2377           4676.98        4838.27
2378           4676.98        4838.27
2379           4676.98        4838.27
2380           4676.98        4838.27
2381           4676.98        4838.27
2382           4676.98        4838.27
2383           4676.98        4838.27
2384           4676.98        4838.27
2385           4676.98        4838.27
2386           4676.98        4838.27
2387           4676.98        4838.27
2388           4676.98        4838.27
2389           4676.98        4838.27
2390           4676.98        4838.27
2391           4676.98        4838.27
2392           4676.98        4838.27
2393           4676.98        4838.27
2394           4676.98        4838.27
2395           4676.98        4838.27
2396           4676.98        4838.27
2397           4676.98        4838.27
2398           4676.98        4838.27
2399           4676.98        4838.27
2400           4676.98        4838.27
2401           4676.98        4838.27
2402           4676.98        4838.27
2403           4676.98        4838.27
2404           4676.98        4838.27
2405           4676.98        4838.27
2406           4676.98        4838.27
2407           4676.98        4838.27
2408           4676.98        4838.27
2409           4676.98        4838.27
2410           4676.98        4838.27
2411           4676.98        4838.27
2412           4676.98        4838.27
2413           4676.98        4838.27
2414           4676.98        4838.27
2415           4676.98        4838.27
2416           4676.98        4838.27
2417           4676.98        4838.27
2418           4676.98        4838.27
2419           4676.98        4838.27
2420           4676.98        4838.27
2421           4676.98        4838.27
2422           4676.98        4838.27
2423           4676.98        4838.27
2424           4676.98        4838.27
2425           4676.98        4838.27
2426           4676.98        4838.27
2427           4676.98        4838.27
2428           4676.98        4838.27
2429           4676.98        4838.27
2430           4676.98        4838.27
2431           4676.98        4838.27
2432           4676.98        4838.27
2433           4676.98        4838.27
2434           4676.98        4838.27
2435           4676.98        4838.27
2436           4676.98        4838.27
2437           4676.98        4838.27
2438           4676.98        4838.27
2439           4676.98        4838.27
2440           4676.98        4838.27
2441           4676.98        4838.27
2442           4676.98        4838.27
2443           4676.98        4838.27
2444           4676.98        4838.27
2445           4676.98        4838.27
2446           4676.98        4838.27
2447           4676.98        4838.27
2448           4676.98        4838.27
2449           4676.98        4838.27
2450           4676.98        4838.27
2451           4676.98        4838.27
2452           4676.98        4838.27
2453           4676.98        4838.27
2454           4676.98        4838.27
2455           4676.98        4838.27
2456           4676.98        4838.27
2457           4676.98        4838.27
2458           4676.98        4838.27
2459           4676.98        4838.27
2460           4676.98        4838.27
2461           4676.98        4838.27
2462           4676.98        4838.27
2463           4676.98        4838.27
2464           4676.98        4838.27
2465           4676.98        4838.27
2466           4676.98        4838.27
2467           4676.98        4838.27
2468           4676.98        4838.27
2469           4676.98        4838.27
2470           4676.98        4838.27
2471           4676.98        4838.27
2472           4676.98        4838.27
2473           4676.98        4838.27
2474           4676.98        4838.27
2475           4676.98        4838.27
2476           4676.98        4838.27
2477           4676.98        4838.27
2478           4676.98        4838.27
2479           4676.98        4838.27
2480           4676.98        4838.27
2481           4676.98        4838.27
2482           4676.98        4838.27
2483           4676.98        4838.27
2484           4676.98        4838.27
2485           4676.98        4838.27
2486           4676.98        4838.27
2487           4676.98        4838.27
2488           4676.98        4838.27
2489           4676.98        4838.27
2490           4676.98        4838.27
2491           4676.98        4838.27
2492           4676.98        4838.27
2493           4676.98        4838.27
2494           4676.98        4838.27
2495           4676.98        4838.27
2496           4676.98        4838.27
2497           4676.98        4838.27
2498           4676.98        4838.27
2499           4676.98        4838.27
2500           4676.98        4838.27
