#ITER       #BEST_FO       #MEDIA_FO
1           7324.06        13769.9
2           6726.21        8620.67
3           6077.16        7330.69
4           5786.47        6763.67
5           5699.09        6380.41
6           5468.17         6050.2
7           5232.82         5830.6
8           5198.79        5669.48
9           4906.92        5499.69
10           4821.71        5359.45
11           4762.67        5226.31
12           4762.67        5139.91
13           4756.15        5077.93
14           4754.38        5049.09
15           4754.38        5015.71
16           4742.74        4986.33
17           4734.32        4961.87
18           4719.05        4944.72
19           4717.19        4933.95
20           4716.36        4917.08
21           4711.23        4907.28
22           4706.95         4897.7
23           4706.95        4891.96
24           4706.95        4889.16
25           4706.95        4886.01
26           4706.95        4882.43
27           4705.02        4880.71
28           4705.02         4879.5
29           4703.93        4876.96
30           4702.26        4874.72
31           4698.49        4872.51
32           4698.49         4869.4
33           4697.81        4868.64
34           4697.81        4868.21
35           4697.81        4867.21
36           4697.81        4865.86
37           4697.81        4864.79
38           4694.31        4863.67
39           4692.95        4862.45
40           4691.33         4861.7
41           4691.33        4860.23
42           4691.33         4859.1
43           4691.33        4858.27
44           4690.63        4857.53
45           4690.63        4856.48
46           4690.21        4855.83
47           4689.83        4855.15
48           4689.69        4854.51
49           4689.69        4854.09
50           4688.09        4853.86
51           4688.09        4853.81
52           4688.09        4853.66
53           4687.32        4853.42
54           4687.32        4853.06
55           4687.32        4852.32
56           4686.89        4851.74
57           4686.89        4851.09
58            4685.7        4850.71
59            4685.7        4850.39
60            4685.5        4850.16
61           4685.44        4850.04
62           4685.44        4849.79
63            4684.8        4849.42
64            4684.8        4849.24
65            4684.8           4849
66           4684.48        4848.81
67           4684.48        4848.59
68           4684.06        4848.28
69           4683.31        4848.15
70           4683.31        4847.97
71           4683.31        4847.79
72           4683.04        4847.55
73           4683.04        4847.22
74           4682.84        4847.08
75           4682.84         4846.7
76           4682.84        4846.57
77           4681.95        4846.43
78           4681.95        4846.12
79           4681.92        4845.83
80           4681.92        4845.78
81           4681.92        4845.75
82           4681.24        4845.73
83           4681.24        4845.59
84           4681.24        4845.55
85           4681.24        4845.49
86           4681.24        4845.36
87           4681.24        4845.08
88           4681.24        4844.82
89           4681.01        4844.76
90           4680.69        4844.61
91           4680.69        4844.55
92           4680.69        4844.36
93           4680.69        4844.14
94           4680.69        4844.05
95           4680.69           4844
96           4680.69         4843.9
97           4680.69        4843.87
98           4680.69        4843.78
99           4680.65        4843.68
100           4680.65        4843.56
101           4680.31        4843.49
102           4680.25        4843.39
103           4680.25         4843.3
104           4680.25        4843.27
105           4680.17        4843.16
106           4680.17        4843.06
107           4679.84           4843
108           4679.84        4842.95
109           4679.84        4842.95
110           4679.84        4842.91
111           4679.84         4842.9
112           4679.84        4842.89
113           4679.84        4842.86
114           4679.84        4842.77
115           4679.84        4842.72
116           4679.84        4842.68
117           4679.84        4842.62
118           4679.84        4842.61
119           4679.84        4842.43
120           4679.84        4842.41
121           4679.84        4842.39
122           4679.68        4842.33
123           4679.68         4842.3
124           4679.68        4842.28
125           4679.68        4842.24
126           4679.68        4842.13
127           4679.68        4842.13
128           4679.47        4842.09
129           4679.47        4842.07
130           4679.47        4842.07
131           4679.47        4842.03
132           4679.47        4842.01
133           4679.47        4841.98
134           4679.47        4841.98
135           4679.47        4841.94
136           4679.47        4841.92
137           4679.47        4841.92
138           4679.47        4841.92
139           4679.47        4841.92
140            4679.3        4841.83
141            4679.3        4841.75
142            4679.3        4841.71
143           4679.24        4841.65
144           4679.24        4841.65
145           4679.24        4841.64
146           4679.24         4841.6
147           4679.19        4841.57
148           4679.19        4841.48
149           4679.19        4841.48
150           4679.02        4841.42
151           4679.02        4841.42
152           4679.02        4841.42
153           4679.02        4841.42
154           4679.02        4841.42
155           4679.02        4841.41
156           4679.02        4841.38
157           4679.02        4841.35
158           4679.02        4841.33
159           4679.02        4841.33
160           4679.02        4841.33
161           4679.02        4841.33
162           4679.02        4841.33
163           4679.02        4841.32
164           4679.02        4841.32
165           4679.02        4841.28
166           4679.02        4841.27
167           4679.02        4841.21
168           4679.02        4841.18
169           4679.02        4841.18
170           4679.02        4841.15
171           4679.02        4841.14
172           4679.02        4841.12
173           4679.02        4841.11
174           4679.02        4841.11
175           4679.02        4841.11
176           4679.02         4841.1
177           4679.02        4841.09
178           4679.02        4841.09
179           4679.02        4841.07
180           4679.02        4841.07
181           4679.02        4841.05
182           4679.02        4841.04
183           4679.02        4841.02
184           4679.02           4841
185           4679.02        4840.99
186           4679.02        4840.99
187           4679.02        4840.99
188           4679.02        4840.98
189           4679.02        4840.96
190           4679.02        4840.96
191           4679.02        4840.95
192           4678.98        4840.93
193           4678.98        4840.92
194           4678.98         4840.9
195           4678.98        4840.89
196           4678.98        4840.88
197           4678.98        4840.85
198           4678.98        4840.85
199           4678.88        4840.82
200           4678.88        4840.82
201           4678.88        4840.82
202           4678.88        4840.82
203           4678.88        4840.82
204           4678.88        4840.82
205           4678.88        4840.81
206           4678.88         4840.8
207           4678.88         4840.8
208           4678.88        4840.78
209           4678.88        4840.75
210           4678.88        4840.72
211           4678.88        4840.71
212           4678.88        4840.71
213           4678.88         4840.7
214           4678.88         4840.7
215           4678.88         4840.7
216           4678.88        4840.69
217           4678.87        4840.68
218           4678.87        4840.68
219           4678.87        4840.65
220           4678.87        4840.65
221           4678.87        4840.65
222           4678.87        4840.65
223           4678.87        4840.64
224           4678.87        4840.64
225           4678.87        4840.63
226           4678.87        4840.61
227           4678.87        4840.61
228           4678.87        4840.61
229           4678.86         4840.6
230           4678.86        4840.58
231           4678.86        4840.57
232           4678.86        4840.57
233           4678.86        4840.57
234           4678.86        4840.57
235           4678.86        4840.56
236           4678.86        4840.56
237           4678.86        4840.53
238           4678.86        4840.52
239           4678.83        4840.51
240           4678.83         4840.5
241           4678.83         4840.5
242           4678.83        4840.49
243           4678.83        4840.49
244           4678.83        4840.48
245           4678.78        4840.47
246           4678.78        4840.47
247           4678.78        4840.47
248           4678.78        4840.46
249           4678.78        4840.46
250           4678.78        4840.46
251           4678.78        4840.46
252           4678.78        4840.46
253           4678.78        4840.45
254           4678.78        4840.45
255           4678.78        4840.45
256           4678.78        4840.44
257           4678.78        4840.42
258           4678.78        4840.42
259           4678.78        4840.42
260           4678.78        4840.42
261           4678.78        4840.42
262           4678.78        4840.42
263           4678.78        4840.41
264           4678.78        4840.39
265           4678.78        4840.38
266           4678.78        4840.37
267           4678.78        4840.37
268           4678.78        4840.37
269           4678.78        4840.37
270           4678.78        4840.37
271           4678.78        4840.37
272           4678.78        4840.37
273           4678.78        4840.37
274           4678.78        4840.36
275           4678.78        4840.35
276           4678.78        4840.35
277           4678.78        4840.35
278           4678.78        4840.35
279           4678.78        4840.35
280           4678.78        4840.35
281           4678.78        4840.35
282           4678.78        4840.35
283           4678.78        4840.35
284           4678.78        4840.35
285           4678.78        4840.35
286           4678.78        4840.34
287           4678.78        4840.34
288           4678.78        4840.34
289           4678.78        4840.34
290           4678.78        4840.34
291           4678.78        4840.33
292           4678.78        4840.33
293           4678.78        4840.33
294           4678.78        4840.33
295           4678.78        4840.32
296           4678.78        4840.31
297           4678.78        4840.31
298           4678.78        4840.31
299           4678.78        4840.31
300           4678.78        4840.31
301           4678.78        4840.31
302           4678.78        4840.31
303           4678.78        4840.31
304           4678.78        4840.31
305           4678.78        4840.29
306           4678.78        4840.29
307           4678.78        4840.29
308           4678.78        4840.28
309           4678.78        4840.28
310           4678.78        4840.28
311           4678.78        4840.28
312           4678.78        4840.27
313           4678.78        4840.27
314           4678.78        4840.27
315           4678.78        4840.27
316           4678.78        4840.27
317           4678.78        4840.27
318           4678.78        4840.27
319           4678.78        4840.27
320           4678.78        4840.27
321           4678.78        4840.27
322           4678.78        4840.27
323           4678.78        4840.27
324           4678.78        4840.27
325           4678.78        4840.27
326           4678.78        4840.27
327           4678.78        4840.27
328           4678.78        4840.27
329           4678.78        4840.27
330           4678.78        4840.27
331           4678.78        4840.27
332           4678.78        4840.27
333           4678.78        4840.27
334           4678.78        4840.26
335           4678.78        4840.26
336           4678.78        4840.26
337           4678.78        4840.25
338           4678.78        4840.25
339           4678.78        4840.25
340           4678.78        4840.25
341           4678.78        4840.25
342           4678.78        4840.25
343           4678.78        4840.25
344           4678.78        4840.25
345           4678.78        4840.25
346           4678.78        4840.25
347           4678.78        4840.25
348           4678.78        4840.25
349           4678.78        4840.25
350           4678.78        4840.25
351           4678.78        4840.25
352           4678.78        4840.25
353           4678.78        4840.25
354           4678.78        4840.24
355           4678.78        4840.24
356           4678.78        4840.24
357           4678.78        4840.24
358           4678.78        4840.24
359           4678.78        4840.24
360           4678.78        4840.24
361           4678.78        4840.24
362           4678.78        4840.24
363           4678.78        4840.24
364           4678.78        4840.24
365           4678.78        4840.24
366           4678.78        4840.24
367           4678.78        4840.24
368           4678.78        4840.24
369           4678.78        4840.24
370           4678.78        4840.24
371           4678.78        4840.24
372           4678.78        4840.23
373           4678.78        4840.23
374           4678.78        4840.23
375           4678.78        4840.23
376           4678.78        4840.23
377           4678.78        4840.23
378           4678.78        4840.23
379           4678.78        4840.23
380           4678.78        4840.23
381           4678.78        4840.22
382           4678.78        4840.22
383           4678.78        4840.22
384           4678.78        4840.22
385           4678.78        4840.22
386           4678.78        4840.22
387           4678.78        4840.22
388           4678.78        4840.22
389           4678.78        4840.22
390           4678.78        4840.22
391           4678.78        4840.22
392           4678.78        4840.22
393           4678.78        4840.22
394           4678.78        4840.22
395           4678.78        4840.22
396           4678.78        4840.22
397           4678.78        4840.22
398           4678.78        4840.22
399           4678.78        4840.22
400           4678.78        4840.22
401           4678.78        4840.22
402           4678.78        4840.22
403           4678.78        4840.22
404           4678.78        4840.22
405           4678.78        4840.22
406           4678.78        4840.21
407           4678.78        4840.21
408           4678.78        4840.21
409           4678.78        4840.21
410           4678.78        4840.21
411           4678.78        4840.21
412           4678.77        4840.21
413           4678.77        4840.21
414           4678.77         4840.2
415           4678.77         4840.2
416           4678.77         4840.2
417           4678.77         4840.2
418           4678.77         4840.2
419           4678.77         4840.2
420           4678.77         4840.2
421           4678.77         4840.2
422           4678.77         4840.2
423           4678.77         4840.2
424           4678.77         4840.2
425           4678.77         4840.2
426           4678.77         4840.2
427           4678.77         4840.2
428           4678.77         4840.2
429           4678.77        4840.19
430           4678.77        4840.19
431           4678.77        4840.19
432           4678.77        4840.19
433           4678.77        4840.19
434           4678.77        4840.19
435           4678.77        4840.19
436           4678.77        4840.19
437           4678.77        4840.19
438           4678.77        4840.19
439           4678.77        4840.19
440           4678.77        4840.19
441           4678.77        4840.19
442           4678.77        4840.19
443           4678.77        4840.19
444           4678.77        4840.19
445           4678.77        4840.19
446           4678.77        4840.19
447           4678.77        4840.19
448           4678.77        4840.19
449           4678.77        4840.19
450           4678.77        4840.19
451           4678.77        4840.19
452           4678.77        4840.19
453           4678.77        4840.19
454           4678.77        4840.19
455           4678.77        4840.19
456           4678.77        4840.18
457           4678.77        4840.18
458           4678.77        4840.18
459           4678.77        4840.18
460           4678.77        4840.18
461           4678.77        4840.18
462           4678.77        4840.18
463           4678.77        4840.18
464           4678.77        4840.18
465           4678.77        4840.18
466           4678.77        4840.18
467           4678.77        4840.17
468           4678.77        4840.17
469           4678.77        4840.17
470           4678.77        4840.17
471           4678.77        4840.17
472           4678.77        4840.17
473           4678.77        4840.17
474           4678.77        4840.17
475           4678.77        4840.17
476           4678.77        4840.17
477           4678.77        4840.17
478           4678.77        4840.17
479           4678.77        4840.17
480           4678.77        4840.17
481           4678.77        4840.17
482           4678.77        4840.17
483           4678.77        4840.17
484           4678.77        4840.17
485           4678.77        4840.17
486           4678.77        4840.17
487           4678.77        4840.17
488           4678.77        4840.17
489           4678.77        4840.17
490           4678.77        4840.17
491           4678.77        4840.17
492           4678.76        4840.17
493           4678.76        4840.17
494           4678.76        4840.17
495           4678.76        4840.17
496           4678.76        4840.16
497           4678.76        4840.16
498           4678.76        4840.16
499           4678.76        4840.16
500           4678.76        4840.16
501           4678.76        4840.16
502           4678.76        4840.16
503           4678.76        4840.16
504           4678.76        4840.15
505           4678.76        4840.15
506           4678.76        4840.15
507           4678.76        4840.15
508           4678.76        4840.15
509           4678.76        4840.15
510           4678.76        4840.15
511           4678.76        4840.15
512           4678.76        4840.15
513           4678.76        4840.15
514           4678.76        4840.15
515           4678.76        4840.15
516           4678.76        4840.15
517           4678.76        4840.15
518           4678.75        4840.15
519           4678.75        4840.14
520           4678.75        4840.14
521           4678.75        4840.14
522           4678.75        4840.14
523           4678.75        4840.14
524           4678.75        4840.14
525           4678.75        4840.14
526           4678.75        4840.14
527           4678.75        4840.14
528           4678.75        4840.14
529           4678.75        4840.14
530           4678.75        4840.14
531           4678.75        4840.13
532           4678.75        4840.13
533           4678.75        4840.13
534           4678.75        4840.13
535           4678.75        4840.13
536           4678.75        4840.13
537           4678.75        4840.13
538           4678.75        4840.13
539           4678.75        4840.13
540           4678.75        4840.12
541           4678.75        4840.12
542           4678.75        4840.12
543           4678.75        4840.12
544           4678.75        4840.12
545           4678.75        4840.12
546           4678.75        4840.12
547           4678.75        4840.12
548           4678.75        4840.12
549           4678.75        4840.12
550           4678.73        4840.12
551           4678.73        4840.12
552           4678.73        4840.12
553           4678.73        4840.12
554           4678.73        4840.12
555           4678.73        4840.12
556           4678.73        4840.12
557           4678.73        4840.12
558           4678.73        4840.12
559           4678.73        4840.12
560           4678.73        4840.12
561           4678.73        4840.11
562           4678.73        4840.11
563           4678.73        4840.11
564           4678.73        4840.11
565           4678.71        4840.11
566           4678.71        4840.11
567           4678.71        4840.11
568           4678.71        4840.11
569           4678.71        4840.11
570           4678.71        4840.11
571           4678.71        4840.11
572           4678.71        4840.11
573           4678.71        4840.11
574           4678.71        4840.11
575           4678.71        4840.11
576           4678.71        4840.11
577           4678.71        4840.11
578           4678.71        4840.11
579           4678.71        4840.11
580           4678.71        4840.11
581           4678.71        4840.11
582           4678.71        4840.11
583           4678.71        4840.11
584           4678.71        4840.11
585           4678.71        4840.11
586           4678.71        4840.11
587           4678.71        4840.11
588           4678.71        4840.11
589           4678.71        4840.11
590           4678.71        4840.11
591           4678.71        4840.11
592           4678.71        4840.11
593           4678.71        4840.11
594           4678.71        4840.11
595           4678.71        4840.11
596           4678.71        4840.11
597           4678.71        4840.11
598           4678.71        4840.11
599           4678.71        4840.11
600           4678.71        4840.11
601           4678.71        4840.11
602           4678.71        4840.11
603           4678.71        4840.11
604           4678.71        4840.11
605           4678.71        4840.11
606           4678.71        4840.11
607           4678.71        4840.11
608           4678.71        4840.11
609           4678.71        4840.11
610           4678.71        4840.11
611           4678.71        4840.11
612           4678.71        4840.11
613           4678.71        4840.11
614           4678.71        4840.11
615           4678.71        4840.11
616           4678.71        4840.11
617           4678.71        4840.11
618           4678.71        4840.11
619           4678.71        4840.11
620           4678.68         4840.1
621           4678.68         4840.1
622           4678.68         4840.1
623           4678.68         4840.1
624           4678.68         4840.1
625           4678.68         4840.1
626           4678.64         4840.1
627           4678.64         4840.1
628           4678.64         4840.1
629           4678.64         4840.1
630           4678.64         4840.1
631           4678.64         4840.1
632           4678.64         4840.1
633           4678.64         4840.1
634           4678.64         4840.1
635           4678.64         4840.1
636           4678.64         4840.1
637           4678.64         4840.1
638           4678.64         4840.1
639           4678.64         4840.1
640           4678.64         4840.1
641           4678.64         4840.1
642           4678.64         4840.1
643           4678.63         4840.1
644           4678.63         4840.1
645           4678.63         4840.1
646           4678.63         4840.1
647           4678.63        4840.09
648           4678.63        4840.09
649           4678.63        4840.09
650           4678.63        4840.09
651           4678.62        4840.09
652           4678.62        4840.09
653           4678.62        4840.09
654           4678.62        4840.09
655           4678.62        4840.09
656           4678.62        4840.09
657           4678.62        4840.08
658           4678.62        4840.08
659           4678.62        4840.08
660           4678.62        4840.08
661           4678.62        4840.08
662           4678.62        4840.08
663           4678.62        4840.08
664           4678.62        4840.08
665           4678.62        4840.08
666           4678.62        4840.08
667           4678.62        4840.08
668           4678.62        4840.08
669           4678.62        4840.08
670            4678.6        4840.08
671            4678.6        4840.08
672            4678.6        4840.08
673            4678.6        4840.08
674            4678.6        4840.08
675            4678.6        4840.08
676            4678.6        4840.08
677            4678.6        4840.08
678            4678.6        4840.08
679            4678.6        4840.08
680            4678.6        4840.08
681            4678.6        4840.08
682            4678.6        4840.07
683            4678.6        4840.07
684            4678.6        4840.07
685            4678.6        4840.07
686            4678.6        4840.07
687            4678.6        4840.07
688            4678.6        4840.07
689            4678.6        4840.07
690            4678.6        4840.06
691            4678.6        4840.06
692            4678.6        4840.06
693           4678.56        4840.06
694           4678.56        4840.06
695           4678.56        4840.06
696           4678.53        4840.05
697           4678.53        4840.05
698           4678.53        4840.05
699           4678.53        4840.05
700           4678.53        4840.05
701           4678.53        4840.05
702           4678.53        4840.05
703           4678.53        4840.05
704           4678.53        4840.05
705           4678.53        4840.05
706           4678.52        4840.04
707           4678.52        4840.03
708           4678.52        4840.03
709           4678.52        4840.03
710           4678.52        4840.03
711           4678.52        4840.03
712           4678.52        4840.03
713            4678.5        4840.03
714            4678.5        4840.03
715            4678.5        4840.03
716            4678.5        4840.03
717            4678.5        4840.03
718            4678.5        4840.03
719            4678.5        4840.03
720           4678.44        4840.03
721           4678.44        4840.03
722           4678.44        4840.03
723           4678.44        4840.02
724           4678.44        4840.02
725           4678.36        4840.02
726           4678.36        4840.02
727           4678.36        4840.02
728           4678.36        4840.02
729           4678.36        4840.01
730           4678.36        4840.01
731           4678.36        4840.01
732           4678.36        4840.01
733           4678.36        4840.01
734           4678.36        4840.01
735           4678.36           4840
736           4678.36           4840
737           4678.36           4840
738           4678.36           4840
739           4678.36           4840
740           4678.36           4840
741           4678.36           4840
742           4678.36           4840
743           4678.36           4840
744           4678.36           4840
745           4678.36           4840
746           4678.36        4839.99
747           4678.36        4839.99
748           4678.36        4839.99
749           4678.36        4839.99
750           4678.27        4839.98
751           4678.27        4839.98
752           4678.27        4839.98
753           4678.27        4839.98
754           4678.27        4839.97
755           4678.27        4839.97
756           4678.27        4839.97
757           4678.27        4839.97
758           4678.27        4839.97
759           4678.27        4839.97
760           4678.27        4839.97
761           4678.27        4839.97
762           4678.27        4839.97
763           4678.27        4839.96
764           4678.27        4839.96
765           4678.27        4839.94
766           4678.27        4839.94
767           4678.27        4839.94
768           4678.27        4839.94
769           4678.27        4839.94
770           4678.27        4839.94
771           4678.27        4839.94
772           4678.27        4839.94
773           4678.27        4839.94
774           4678.27        4839.94
775           4678.27        4839.94
776           4678.27        4839.94
777           4678.27        4839.94
778           4678.27        4839.93
779           4678.27        4839.93
780           4678.27        4839.92
781           4678.27        4839.92
782           4678.27        4839.92
783           4678.27        4839.91
784           4678.27        4839.91
785           4678.27        4839.91
786           4678.27         4839.9
787           4678.27         4839.9
788           4678.27         4839.9
789           4678.27         4839.9
790           4678.27         4839.9
791           4678.27         4839.9
792           4678.27         4839.9
793           4678.27         4839.9
794           4678.27         4839.9
795           4678.27         4839.9
796           4678.27        4839.89
797           4678.18        4839.89
798           4678.18        4839.89
799           4678.18        4839.89
800           4678.18        4839.88
801           4678.18        4839.88
802           4678.18        4839.88
803           4678.18        4839.86
804           4678.18        4839.86
805           4678.18        4839.86
806           4678.18        4839.86
807           4678.18        4839.85
808           4678.18        4839.85
809           4678.18        4839.85
810           4678.18        4839.85
811           4678.18        4839.85
812           4678.18        4839.85
813           4678.18        4839.85
814           4678.18        4839.85
815           4678.18        4839.85
816           4678.18        4839.85
817           4678.18        4839.84
818           4678.18        4839.84
819           4678.18        4839.84
820           4678.18        4839.84
821           4678.18        4839.84
822           4678.18        4839.84
823           4678.18        4839.84
824           4678.18        4839.84
825           4678.18        4839.84
826           4678.18        4839.84
827           4678.18        4839.83
828           4678.18        4839.83
829           4678.18        4839.83
830           4678.18        4839.83
831           4678.18        4839.83
832           4678.18        4839.83
833           4678.18        4839.83
834           4678.18        4839.83
835           4678.18        4839.83
836           4678.18        4839.83
837           4678.18        4839.83
838           4678.18        4839.83
839           4678.18        4839.83
840           4678.18        4839.83
841           4678.18        4839.83
842           4678.18        4839.83
843           4678.18        4839.82
844           4678.18        4839.82
845           4678.18        4839.82
846           4678.13        4839.82
847           4678.13        4839.82
848           4678.13        4839.82
849           4678.13        4839.82
850           4678.13        4839.81
851           4678.13        4839.81
852           4678.13        4839.81
853           4678.13        4839.81
854           4678.13        4839.81
855           4678.13        4839.81
856           4678.13        4839.81
857           4678.13        4839.81
858           4678.13        4839.81
859           4678.13        4839.81
860           4678.13        4839.81
861            4678.1         4839.8
862            4678.1         4839.8
863            4678.1         4839.8
864            4678.1        4839.78
865            4678.1        4839.78
866           4678.09        4839.78
867           4678.09        4839.78
868           4678.09        4839.78
869           4678.09        4839.78
870           4678.09        4839.78
871           4678.09        4839.78
872           4678.09        4839.78
873           4678.09        4839.78
874           4678.09        4839.78
875           4678.09        4839.78
876           4678.09        4839.77
877           4678.09        4839.77
878           4678.09        4839.77
879           4678.09        4839.77
880           4678.09        4839.77
881           4678.09        4839.77
882           4678.09        4839.77
883           4678.09        4839.76
884           4678.09        4839.76
885           4678.09        4839.76
886           4678.09        4839.76
887           4678.09        4839.75
888           4678.09        4839.75
889           4678.09        4839.75
890           4678.09        4839.75
891           4678.09        4839.75
892           4678.09        4839.74
893           4678.09        4839.74
894           4678.09        4839.74
895           4678.09        4839.74
896           4678.09        4839.74
897           4678.09        4839.74
898           4678.09        4839.74
899           4678.09        4839.73
900           4678.09        4839.73
901           4678.09        4839.73
902           4678.09        4839.73
903           4678.09        4839.73
904           4678.09        4839.73
905           4678.09        4839.73
906           4678.09        4839.73
907           4678.09        4839.73
908           4678.09        4839.73
909           4678.09        4839.73
910           4678.09        4839.73
911           4678.09        4839.73
912           4678.09        4839.73
913           4678.09        4839.73
914           4678.09        4839.72
915           4678.09        4839.72
916           4678.09        4839.72
917           4678.06        4839.71
918           4678.06        4839.71
919           4678.06        4839.71
920           4678.06        4839.71
921           4678.06        4839.71
922           4678.06        4839.71
923           4678.06        4839.71
924           4678.06        4839.71
925           4678.06        4839.71
926           4678.06        4839.71
927           4678.06        4839.71
928           4678.06        4839.71
929           4678.06        4839.71
930           4678.05        4839.71
931           4678.05        4839.71
932           4678.05        4839.71
933           4678.05        4839.71
934           4678.05        4839.71
935           4678.05        4839.71
936           4678.05         4839.7
937           4678.05         4839.7
938           4678.05         4839.7
939           4678.05         4839.7
940           4678.05         4839.7
941           4678.05         4839.7
942           4678.05         4839.7
943           4678.05         4839.7
944           4678.05         4839.7
945           4678.05         4839.7
946           4678.05        4839.69
947           4678.05        4839.69
948           4678.05        4839.69
949           4678.05        4839.69
950           4678.05        4839.69
951           4678.05        4839.69
952           4678.05        4839.69
953           4678.05        4839.69
954           4678.05        4839.69
955           4678.05        4839.69
956           4678.05        4839.69
957           4678.05        4839.68
958           4678.05        4839.68
959           4678.04        4839.67
960           4678.04        4839.67
961           4678.04        4839.67
962           4678.04        4839.67
963           4678.04        4839.67
964           4678.04        4839.66
965           4678.04        4839.66
966           4678.04        4839.65
967           4678.04        4839.65
968           4678.04        4839.65
969           4678.04        4839.64
970           4678.01        4839.64
971           4678.01        4839.64
972           4678.01        4839.64
973           4678.01        4839.64
974           4678.01        4839.64
975           4678.01        4839.64
976           4678.01        4839.63
977           4678.01        4839.62
978           4678.01        4839.62
979           4678.01        4839.62
980           4678.01        4839.62
981           4678.01        4839.62
982           4678.01        4839.62
983           4678.01        4839.62
984           4678.01        4839.62
985           4678.01        4839.62
986           4678.01        4839.62
987           4678.01        4839.62
988              4678        4839.62
989              4678        4839.62
990              4678        4839.62
991              4678        4839.62
992              4678        4839.62
993              4678        4839.62
994              4678        4839.62
995              4678        4839.62
996              4678        4839.62
997              4678        4839.61
998              4678        4839.61
999              4678        4839.61
1000              4678        4839.61
1001              4678        4839.61
1002              4678         4839.6
1003              4678         4839.6
1004              4678         4839.6
1005              4678         4839.6
1006              4678         4839.6
1007              4678         4839.6
1008              4678         4839.6
1009              4678         4839.6
1010              4678         4839.6
1011              4678         4839.6
1012              4678         4839.6
1013              4678         4839.6
1014           4677.97         4839.6
1015           4677.97        4839.58
1016           4677.97        4839.57
1017           4677.97        4839.56
1018           4677.97        4839.56
1019           4677.97        4839.56
1020           4677.97        4839.56
1021           4677.97        4839.56
1022           4677.97        4839.56
1023           4677.97        4839.56
1024           4677.97        4839.56
1025           4677.97        4839.55
1026           4677.97        4839.55
1027           4677.97        4839.55
1028           4677.97        4839.55
1029           4677.97        4839.54
1030           4677.97        4839.54
1031           4677.97        4839.53
1032           4677.97        4839.53
1033           4677.97        4839.53
1034           4677.97        4839.53
1035           4677.97        4839.53
1036           4677.97        4839.53
1037           4677.97        4839.53
1038           4677.97        4839.53
1039           4677.97        4839.53
1040           4677.97        4839.53
1041           4677.97        4839.53
1042           4677.97        4839.52
1043           4677.97        4839.52
1044           4677.97        4839.52
1045           4677.97        4839.51
1046           4677.97         4839.5
1047           4677.97         4839.5
1048           4677.97        4839.49
1049           4677.97        4839.49
1050           4677.97        4839.49
1051           4677.97        4839.48
1052           4677.97        4839.48
1053           4677.97        4839.48
1054           4677.97        4839.48
1055           4677.97        4839.48
1056           4677.97        4839.47
1057           4677.97        4839.47
1058           4677.97        4839.47
1059           4677.97        4839.47
1060           4677.97        4839.47
1061           4677.97        4839.47
1062           4677.97        4839.47
1063           4677.97        4839.47
1064           4677.97        4839.47
1065           4677.97        4839.47
1066           4677.97        4839.47
1067           4677.97        4839.47
1068           4677.97        4839.47
1069           4677.97        4839.47
1070           4677.97        4839.47
1071           4677.97        4839.47
1072           4677.97        4839.47
1073           4677.97        4839.47
1074           4677.97        4839.47
1075           4677.97        4839.47
1076           4677.97        4839.47
1077           4677.97        4839.47
1078           4677.97        4839.47
1079           4677.97        4839.47
1080           4677.97        4839.47
1081           4677.97        4839.47
1082           4677.97        4839.47
1083           4677.97        4839.46
1084           4677.97        4839.46
1085           4677.97        4839.46
1086           4677.97        4839.46
1087           4677.97        4839.46
1088           4677.97        4839.46
1089           4677.97        4839.46
1090           4677.97        4839.46
1091           4677.97        4839.45
1092           4677.97        4839.45
1093           4677.97        4839.45
1094           4677.97        4839.45
1095           4677.97        4839.45
1096           4677.97        4839.45
1097           4677.97        4839.45
1098           4677.97        4839.45
1099           4677.97        4839.45
1100           4677.97        4839.45
1101           4677.97        4839.45
1102           4677.97        4839.45
1103           4677.97        4839.45
1104           4677.97        4839.45
1105           4677.97        4839.45
1106           4677.97        4839.45
1107           4677.97        4839.45
1108           4677.97        4839.45
1109           4677.97        4839.45
1110           4677.97        4839.45
1111           4677.97        4839.45
1112           4677.97        4839.45
1113           4677.97        4839.45
1114           4677.97        4839.45
1115           4677.97        4839.45
1116           4677.97        4839.45
1117           4677.97        4839.45
1118           4677.97        4839.45
1119           4677.97        4839.44
1120           4677.97        4839.44
1121           4677.97        4839.44
1122           4677.97        4839.44
1123           4677.97        4839.44
1124           4677.97        4839.44
1125           4677.97        4839.44
1126           4677.97        4839.44
1127           4677.97        4839.44
1128           4677.97        4839.44
1129           4677.97        4839.44
1130           4677.97        4839.44
1131           4677.97        4839.44
1132           4677.97        4839.44
1133           4677.97        4839.44
1134           4677.97        4839.44
1135           4677.97        4839.44
1136           4677.97        4839.44
1137           4677.97        4839.44
1138           4677.97        4839.44
1139           4677.97        4839.44
1140           4677.97        4839.44
1141           4677.97        4839.44
1142           4677.97        4839.44
1143           4677.97        4839.44
1144           4677.97        4839.44
1145           4677.97        4839.44
1146           4677.97        4839.44
1147           4677.97        4839.44
1148           4677.97        4839.44
1149           4677.97        4839.44
1150           4677.97        4839.44
1151           4677.97        4839.44
1152           4677.97        4839.44
1153           4677.97        4839.44
1154           4677.97        4839.44
1155           4677.97        4839.44
1156           4677.97        4839.44
1157           4677.97        4839.44
1158           4677.97        4839.44
1159           4677.97        4839.44
1160           4677.97        4839.44
1161           4677.97        4839.44
1162           4677.97        4839.44
1163           4677.97        4839.44
1164           4677.97        4839.44
1165           4677.97        4839.44
1166           4677.97        4839.44
1167           4677.97        4839.44
1168           4677.97        4839.44
1169           4677.97        4839.44
1170           4677.97        4839.44
1171           4677.97        4839.44
1172           4677.97        4839.44
1173           4677.97        4839.44
1174           4677.97        4839.44
1175           4677.97        4839.44
1176           4677.97        4839.44
1177           4677.95        4839.44
1178           4677.95        4839.44
1179           4677.95        4839.44
1180           4677.92        4839.44
1181           4677.92        4839.44
1182           4677.92        4839.43
1183           4677.92        4839.43
1184           4677.92        4839.43
1185           4677.92        4839.43
1186           4677.92        4839.43
1187           4677.92        4839.42
1188           4677.92        4839.42
1189           4677.92        4839.42
1190           4677.92        4839.42
1191           4677.92        4839.42
1192           4677.92        4839.42
1193           4677.92        4839.42
1194           4677.92        4839.42
1195           4677.92        4839.42
1196           4677.92        4839.42
1197           4677.92        4839.42
1198           4677.92        4839.42
1199           4677.92        4839.42
1200           4677.92        4839.42
1201           4677.92        4839.42
1202           4677.92        4839.42
1203           4677.92        4839.42
1204           4677.92        4839.42
1205           4677.92        4839.42
1206           4677.92        4839.42
1207           4677.92        4839.42
1208           4677.92        4839.42
1209           4677.92        4839.42
1210           4677.92        4839.42
1211           4677.92        4839.42
1212           4677.92        4839.42
1213           4677.92        4839.42
1214           4677.92        4839.42
1215           4677.92        4839.42
1216           4677.92        4839.42
1217           4677.92        4839.42
1218           4677.92        4839.42
1219           4677.92        4839.42
1220           4677.92        4839.42
1221           4677.92        4839.42
1222           4677.92        4839.42
1223           4677.92        4839.42
1224           4677.92        4839.42
1225           4677.92        4839.42
1226           4677.92        4839.42
1227           4677.92        4839.41
1228           4677.92        4839.41
1229           4677.92        4839.41
1230           4677.92        4839.41
1231           4677.92        4839.41
1232           4677.92        4839.41
1233           4677.92        4839.41
1234           4677.92        4839.41
1235           4677.92        4839.41
1236           4677.92        4839.41
1237           4677.92         4839.4
1238           4677.92         4839.4
1239           4677.92         4839.4
1240           4677.91         4839.4
1241           4677.91         4839.4
1242           4677.91         4839.4
1243           4677.91         4839.4
1244           4677.91         4839.4
1245           4677.91         4839.4
1246           4677.91         4839.4
1247           4677.91         4839.4
1248           4677.91         4839.4
1249           4677.91         4839.4
1250           4677.91         4839.4
1251           4677.91         4839.4
1252           4677.91         4839.4
1253           4677.91         4839.4
1254           4677.91         4839.4
1255           4677.91         4839.4
1256           4677.91         4839.4
1257           4677.91         4839.4
1258           4677.91         4839.4
1259           4677.91         4839.4
1260           4677.91         4839.4
1261           4677.91         4839.4
1262           4677.91         4839.4
1263           4677.91         4839.4
1264           4677.91         4839.4
1265           4677.91         4839.4
1266           4677.91        4839.38
1267           4677.91        4839.38
1268           4677.91        4839.38
1269           4677.91        4839.38
1270           4677.91        4839.38
1271           4677.91        4839.38
1272           4677.91        4839.38
1273           4677.91        4839.37
1274           4677.91        4839.37
1275           4677.91        4839.37
1276           4677.91        4839.37
1277           4677.91        4839.37
1278           4677.91        4839.37
1279           4677.91        4839.37
1280           4677.91        4839.37
1281           4677.91        4839.37
1282           4677.91        4839.37
1283           4677.91        4839.37
1284           4677.91        4839.37
1285           4677.91        4839.37
1286           4677.91        4839.37
1287           4677.91        4839.37
1288           4677.91        4839.37
1289           4677.91        4839.37
1290           4677.91        4839.37
1291           4677.91        4839.37
1292           4677.91        4839.37
1293           4677.91        4839.37
1294           4677.91        4839.37
1295           4677.91        4839.37
1296           4677.91        4839.37
1297           4677.91        4839.37
1298           4677.91        4839.37
1299           4677.91        4839.37
1300           4677.91        4839.37
1301           4677.91        4839.37
1302           4677.91        4839.37
1303           4677.91        4839.37
1304           4677.91        4839.37
1305           4677.91        4839.37
1306           4677.91        4839.37
1307           4677.91        4839.37
1308           4677.91        4839.37
1309           4677.91        4839.37
1310           4677.91        4839.37
1311           4677.91        4839.36
1312           4677.91        4839.36
1313           4677.91        4839.36
1314           4677.91        4839.36
1315           4677.91        4839.36
1316           4677.91        4839.36
1317           4677.91        4839.36
1318           4677.91        4839.36
1319           4677.91        4839.36
1320           4677.91        4839.36
1321           4677.91        4839.36
1322           4677.91        4839.36
1323           4677.91        4839.36
1324           4677.91        4839.36
1325           4677.91        4839.36
1326           4677.91        4839.36
1327           4677.91        4839.36
1328           4677.91        4839.36
1329           4677.91        4839.36
1330           4677.91        4839.36
1331           4677.91        4839.36
1332           4677.91        4839.36
1333           4677.91        4839.35
1334           4677.91        4839.35
1335           4677.91        4839.35
1336           4677.91        4839.35
1337           4677.91        4839.35
1338           4677.91        4839.35
1339           4677.91        4839.34
1340           4677.91        4839.34
1341           4677.91        4839.34
1342           4677.91        4839.33
1343           4677.91        4839.33
1344           4677.91        4839.33
1345           4677.91        4839.33
1346           4677.91        4839.33
1347           4677.91        4839.33
1348           4677.91        4839.33
1349           4677.91        4839.33
1350           4677.91        4839.32
1351           4677.91        4839.32
1352           4677.91        4839.32
1353           4677.91        4839.32
1354           4677.91        4839.32
1355           4677.91        4839.32
1356           4677.91        4839.32
1357           4677.91        4839.32
1358           4677.91        4839.32
1359           4677.91        4839.32
1360           4677.91        4839.32
1361           4677.91        4839.32
1362           4677.91        4839.32
1363           4677.91        4839.32
1364           4677.91        4839.32
1365           4677.91        4839.32
1366           4677.91        4839.32
1367           4677.91        4839.32
1368           4677.91        4839.32
1369           4677.91        4839.32
1370           4677.91        4839.32
1371           4677.91        4839.32
1372           4677.91        4839.32
1373           4677.91        4839.32
1374           4677.91        4839.32
1375           4677.91        4839.32
1376           4677.91        4839.32
1377           4677.91        4839.32
1378           4677.91        4839.32
1379            4677.9        4839.31
1380            4677.9        4839.31
1381            4677.9        4839.31
1382            4677.9        4839.31
1383            4677.9        4839.31
1384            4677.9        4839.31
1385            4677.9        4839.31
1386            4677.9        4839.31
1387            4677.9        4839.31
1388            4677.9        4839.31
1389            4677.9        4839.31
1390            4677.9        4839.31
1391            4677.9        4839.31
1392            4677.9        4839.31
1393            4677.9        4839.31
1394            4677.9        4839.31
1395            4677.9        4839.31
1396            4677.9        4839.31
1397            4677.9        4839.31
1398            4677.9        4839.31
1399            4677.9        4839.31
1400            4677.9        4839.31
1401            4677.9        4839.31
1402            4677.9        4839.31
1403            4677.9        4839.31
1404            4677.9        4839.31
1405            4677.9        4839.31
1406            4677.9        4839.31
1407            4677.9        4839.31
1408            4677.9        4839.31
1409            4677.9        4839.31
1410            4677.9        4839.31
1411            4677.9        4839.31
1412            4677.9        4839.31
1413            4677.9        4839.31
1414            4677.9        4839.31
1415            4677.9        4839.31
1416            4677.9        4839.31
1417            4677.9        4839.31
1418            4677.9        4839.31
1419            4677.9        4839.31
1420            4677.9        4839.31
1421            4677.9        4839.31
1422            4677.9        4839.31
1423            4677.9        4839.31
1424            4677.9        4839.31
1425            4677.9        4839.31
1426            4677.9        4839.31
1427            4677.9        4839.31
1428            4677.9        4839.31
1429            4677.9        4839.31
1430            4677.9        4839.31
1431            4677.9        4839.31
1432            4677.9        4839.31
1433            4677.9        4839.31
1434            4677.9        4839.31
1435            4677.9        4839.31
1436            4677.9        4839.31
1437            4677.9        4839.31
1438            4677.9        4839.31
1439            4677.9        4839.31
1440            4677.9        4839.31
1441            4677.9        4839.31
1442            4677.9        4839.31
1443            4677.9        4839.31
1444            4677.9        4839.31
1445            4677.9        4839.31
1446            4677.9        4839.31
1447            4677.9        4839.31
1448            4677.9        4839.31
1449            4677.9        4839.31
1450            4677.9        4839.31
1451            4677.9        4839.31
1452            4677.9        4839.31
1453            4677.9        4839.31
1454            4677.9        4839.31
1455            4677.9        4839.31
1456            4677.9        4839.31
1457            4677.9        4839.31
1458            4677.9        4839.31
1459            4677.9        4839.31
1460            4677.9        4839.31
1461            4677.9        4839.31
1462            4677.9        4839.31
1463            4677.9        4839.31
1464            4677.9        4839.31
1465            4677.9        4839.31
1466            4677.9        4839.31
1467            4677.9        4839.31
1468            4677.9        4839.31
1469            4677.9        4839.31
1470            4677.9        4839.31
1471            4677.9        4839.31
1472            4677.9        4839.31
1473            4677.9        4839.31
1474            4677.9         4839.3
1475            4677.9         4839.3
1476            4677.9         4839.3
1477            4677.9         4839.3
1478            4677.9         4839.3
1479            4677.9         4839.3
1480            4677.9         4839.3
1481            4677.9         4839.3
1482            4677.9         4839.3
1483            4677.9         4839.3
1484            4677.9         4839.3
1485            4677.9         4839.3
1486            4677.9         4839.3
1487            4677.9         4839.3
1488            4677.9         4839.3
1489            4677.9         4839.3
1490            4677.9         4839.3
1491            4677.9         4839.3
1492            4677.9         4839.3
1493            4677.9         4839.3
1494            4677.9         4839.3
1495            4677.9        4839.29
1496            4677.9        4839.29
1497            4677.9        4839.29
1498            4677.9        4839.29
1499            4677.9        4839.29
1500            4677.9        4839.29
1501            4677.9        4839.29
1502            4677.9        4839.29
1503            4677.9        4839.29
1504            4677.9        4839.29
1505            4677.9        4839.29
1506            4677.9        4839.29
1507            4677.9        4839.29
1508            4677.9        4839.29
1509            4677.9        4839.29
1510            4677.9        4839.29
1511            4677.9        4839.29
1512            4677.9        4839.29
1513            4677.9        4839.29
1514            4677.9        4839.29
1515            4677.9        4839.29
1516            4677.9        4839.29
1517            4677.9        4839.29
1518            4677.9        4839.29
1519            4677.9        4839.29
1520            4677.9        4839.29
1521            4677.9        4839.29
1522            4677.9        4839.29
1523            4677.9        4839.29
1524            4677.9        4839.29
1525            4677.9        4839.29
1526            4677.9        4839.29
1527            4677.9        4839.29
1528            4677.9        4839.29
1529            4677.9        4839.29
1530            4677.9        4839.29
1531            4677.9        4839.29
1532            4677.9        4839.29
1533            4677.9        4839.29
1534            4677.9        4839.29
1535            4677.9        4839.29
1536            4677.9        4839.29
1537            4677.9        4839.29
1538            4677.9        4839.29
1539            4677.9        4839.29
1540            4677.9        4839.29
1541            4677.9        4839.29
1542            4677.9        4839.29
1543            4677.9        4839.29
1544            4677.9        4839.29
1545            4677.9        4839.29
1546            4677.9        4839.29
1547            4677.9        4839.29
1548            4677.9        4839.29
1549            4677.9        4839.29
1550            4677.9        4839.29
1551            4677.9        4839.29
1552            4677.9        4839.29
1553            4677.9        4839.29
1554            4677.9        4839.29
1555            4677.9        4839.29
1556            4677.9        4839.29
1557            4677.9        4839.29
1558            4677.9        4839.29
1559            4677.9        4839.29
1560            4677.9        4839.29
1561            4677.9        4839.29
1562            4677.9        4839.29
1563            4677.9        4839.29
1564            4677.9        4839.29
1565            4677.9        4839.29
1566            4677.9        4839.29
1567            4677.9        4839.29
1568            4677.9        4839.29
1569            4677.9        4839.29
1570            4677.9        4839.29
1571            4677.9        4839.29
1572            4677.9        4839.29
1573            4677.9        4839.29
1574            4677.9        4839.29
1575            4677.9        4839.29
1576            4677.9        4839.29
1577            4677.9        4839.29
1578            4677.9        4839.29
1579            4677.9        4839.29
1580            4677.9        4839.29
1581            4677.9        4839.29
1582            4677.9        4839.29
1583            4677.9        4839.29
1584            4677.9        4839.29
1585            4677.9        4839.29
1586            4677.9        4839.29
1587            4677.9        4839.29
1588            4677.9        4839.29
1589            4677.9        4839.29
1590            4677.9        4839.29
1591            4677.9        4839.29
1592            4677.9        4839.29
1593            4677.9        4839.29
1594            4677.9        4839.29
1595            4677.9        4839.29
1596            4677.9        4839.29
1597            4677.9        4839.29
1598            4677.9        4839.29
1599            4677.9        4839.29
1600            4677.9        4839.29
1601            4677.9        4839.29
1602            4677.9        4839.29
1603            4677.9        4839.29
1604            4677.9        4839.28
1605            4677.9        4839.28
1606            4677.9        4839.28
1607            4677.9        4839.28
1608            4677.9        4839.28
1609            4677.9        4839.28
1610            4677.9        4839.28
1611            4677.9        4839.28
1612            4677.9        4839.28
1613            4677.9        4839.28
1614            4677.9        4839.28
1615            4677.9        4839.28
1616           4677.88        4839.28
1617           4677.88        4839.27
1618           4677.88        4839.27
1619           4677.88        4839.27
1620           4677.88        4839.27
1621           4677.88        4839.27
1622           4677.88        4839.27
1623           4677.88        4839.27
1624           4677.88        4839.27
1625           4677.88        4839.27
1626           4677.88        4839.27
1627           4677.88        4839.27
1628           4677.88        4839.27
1629           4677.88        4839.27
1630           4677.88        4839.27
1631           4677.88        4839.27
1632           4677.88        4839.27
1633           4677.88        4839.27
1634           4677.88        4839.27
1635           4677.88        4839.27
1636           4677.88        4839.27
1637           4677.87        4839.26
1638           4677.87        4839.26
1639           4677.87        4839.26
1640           4677.87        4839.26
1641           4677.85        4839.26
1642           4677.85        4839.26
1643           4677.85        4839.26
1644           4677.85        4839.26
1645           4677.85        4839.26
1646           4677.85        4839.26
1647           4677.85        4839.26
1648           4677.85        4839.26
1649           4677.85        4839.26
1650           4677.85        4839.26
1651           4677.85        4839.25
1652           4677.83        4839.25
1653           4677.83        4839.25
1654           4677.83        4839.25
1655           4677.83        4839.25
1656           4677.83        4839.25
1657           4677.83        4839.25
1658           4677.83        4839.25
1659           4677.83        4839.25
1660           4677.83        4839.25
1661           4677.83        4839.25
1662           4677.79        4839.24
1663           4677.79        4839.24
1664           4677.79        4839.24
1665           4677.79        4839.24
1666           4677.79        4839.24
1667           4677.79        4839.24
1668           4677.79        4839.24
1669           4677.79        4839.24
1670           4677.79        4839.24
1671           4677.79        4839.24
1672           4677.79        4839.24
1673           4677.79        4839.24
1674           4677.79        4839.24
1675           4677.79        4839.24
1676           4677.76        4839.24
1677           4677.75        4839.24
1678           4677.75        4839.24
1679           4677.75        4839.24
1680           4677.75        4839.24
1681           4677.75        4839.24
1682           4677.75        4839.24
1683           4677.75        4839.24
1684           4677.75        4839.24
1685           4677.75        4839.24
1686           4677.75        4839.24
1687           4677.75        4839.24
1688           4677.75        4839.24
1689           4677.75        4839.23
1690           4677.75        4839.23
1691           4677.75        4839.23
1692           4677.75        4839.23
1693           4677.75        4839.23
1694           4677.75        4839.23
1695           4677.75        4839.23
1696           4677.75        4839.23
1697           4677.75        4839.23
1698           4677.75        4839.23
1699           4677.75        4839.23
1700           4677.75        4839.23
1701           4677.75        4839.23
1702           4677.75        4839.23
1703           4677.75        4839.23
1704           4677.75        4839.23
1705           4677.75        4839.23
1706           4677.75        4839.23
1707           4677.75        4839.23
1708           4677.75        4839.23
1709           4677.75        4839.23
1710           4677.75        4839.23
1711           4677.75        4839.23
1712           4677.75        4839.23
1713           4677.75        4839.22
1714           4677.75        4839.22
1715           4677.75        4839.22
1716           4677.75        4839.22
1717           4677.75        4839.22
1718           4677.75        4839.22
1719           4677.75        4839.22
1720           4677.75        4839.22
1721           4677.75        4839.22
1722           4677.75        4839.22
1723           4677.75        4839.22
1724           4677.75        4839.22
1725           4677.75        4839.21
1726           4677.75        4839.21
1727           4677.74        4839.21
1728           4677.74        4839.21
1729           4677.74        4839.21
1730           4677.74        4839.21
1731           4677.74        4839.21
1732           4677.74        4839.21
1733           4677.74        4839.21
1734           4677.74         4839.2
1735           4677.74         4839.2
1736           4677.74         4839.2
1737           4677.74         4839.2
1738           4677.74         4839.2
1739           4677.74         4839.2
1740           4677.74         4839.2
1741           4677.74         4839.2
1742           4677.74         4839.2
1743           4677.74         4839.2
1744           4677.74         4839.2
1745           4677.74         4839.2
1746           4677.74         4839.2
1747           4677.74         4839.2
1748           4677.74         4839.2
1749           4677.74         4839.2
1750           4677.74         4839.2
1751           4677.74         4839.2
1752           4677.74         4839.2
1753           4677.74        4839.19
1754            4677.7        4839.19
1755            4677.7        4839.19
1756           4677.66        4839.19
1757           4677.66        4839.19
1758           4677.66        4839.18
1759           4677.66        4839.18
1760           4677.66        4839.18
1761           4677.66        4839.18
1762           4677.66        4839.18
1763           4677.66        4839.18
1764           4677.66        4839.18
1765           4677.66        4839.18
1766           4677.66        4839.18
1767           4677.66        4839.18
1768           4677.66        4839.18
1769           4677.66        4839.18
1770           4677.66        4839.17
1771           4677.64        4839.16
1772           4677.64        4839.16
1773           4677.64        4839.16
1774           4677.64        4839.16
1775           4677.64        4839.16
1776           4677.64        4839.16
1777           4677.64        4839.16
1778           4677.64        4839.16
1779           4677.64        4839.16
1780           4677.64        4839.16
1781           4677.64        4839.15
1782           4677.64        4839.15
1783           4677.64        4839.15
1784           4677.62        4839.15
1785           4677.62        4839.15
1786           4677.57        4839.14
1787           4677.47        4839.13
1788           4677.47        4839.13
1789           4677.47        4839.13
1790           4677.47        4839.13
1791           4677.47        4839.13
1792           4677.47        4839.13
1793           4677.47        4839.13
1794           4677.47        4839.13
1795           4677.47        4839.13
1796           4677.47        4839.13
1797           4677.47        4839.13
1798           4677.47        4839.13
1799           4677.47        4839.12
1800           4677.47        4839.12
1801           4677.47        4839.12
1802           4677.47        4839.12
1803           4677.47        4839.12
1804           4677.47        4839.12
1805           4677.39        4839.12
1806           4677.39        4839.11
1807           4677.39        4839.11
1808           4677.39        4839.11
1809           4677.39        4839.11
1810           4677.39        4839.11
1811           4677.39        4839.11
1812           4677.39        4839.11
1813           4677.39        4839.11
1814           4677.39         4839.1
1815           4677.39         4839.1
1816           4677.39         4839.1
1817           4677.39         4839.1
1818           4677.39         4839.1
1819           4677.39         4839.1
1820           4677.39         4839.1
1821           4677.39         4839.1
1822           4677.39         4839.1
1823           4677.39         4839.1
1824           4677.39         4839.1
1825           4677.39        4839.09
1826           4677.39        4839.09
1827           4677.39        4839.09
1828           4677.39        4839.09
1829           4677.39        4839.09
1830           4677.39        4839.09
1831           4677.39        4839.09
1832           4677.39        4839.09
1833           4677.39        4839.07
1834           4677.39        4839.07
1835           4677.39        4839.07
1836           4677.39        4839.07
1837           4677.39        4839.07
1838           4677.39        4839.06
1839           4677.39        4839.06
1840           4677.39        4839.05
1841           4677.39        4839.03
1842           4677.39        4839.03
1843           4677.27        4839.01
1844           4677.27        4838.99
1845           4677.27        4838.99
1846           4677.27        4838.99
1847           4677.27        4838.99
1848           4677.27        4838.99
1849           4677.27        4838.99
1850           4677.27        4838.99
1851           4677.27        4838.99
1852           4677.27        4838.99
1853           4677.27        4838.99
1854           4677.27        4838.98
1855           4677.27        4838.98
1856           4677.27        4838.98
1857           4677.27        4838.98
1858           4677.27        4838.98
1859           4677.27        4838.98
1860           4677.27        4838.98
1861           4677.27        4838.98
1862           4677.27        4838.98
1863           4677.27        4838.98
1864           4677.27        4838.98
1865           4677.27        4838.98
1866           4677.27        4838.98
1867           4677.27        4838.98
1868           4677.27        4838.98
1869           4677.27        4838.98
1870           4677.27        4838.98
1871           4677.27        4838.98
1872           4677.27        4838.98
1873           4677.27        4838.98
1874           4677.27        4838.96
1875           4677.27        4838.96
1876           4677.27        4838.96
1877           4677.27        4838.96
1878           4677.27        4838.96
1879           4677.27        4838.96
1880           4677.27        4838.95
1881           4677.27        4838.95
1882           4677.27        4838.95
1883           4677.27        4838.95
1884           4677.27        4838.95
1885           4677.27        4838.95
1886           4677.27        4838.95
1887           4677.27        4838.95
1888           4677.27        4838.95
1889           4677.27        4838.95
1890           4677.27        4838.95
1891           4677.27        4838.95
1892           4677.27        4838.95
1893           4677.27        4838.95
1894           4677.27        4838.95
1895           4677.27        4838.95
1896           4677.27        4838.95
1897           4677.27        4838.95
1898           4677.27        4838.95
1899           4677.27        4838.95
1900           4677.27        4838.95
1901           4677.27        4838.95
1902           4677.27        4838.95
1903           4677.27        4838.95
1904           4677.27        4838.94
1905           4677.27        4838.94
1906           4677.27        4838.94
1907           4677.27        4838.94
1908           4677.27        4838.94
1909           4677.27        4838.94
1910           4677.27        4838.94
1911           4677.27        4838.94
1912           4677.27        4838.94
1913           4677.27        4838.93
1914           4677.27        4838.93
1915           4677.27        4838.93
1916           4677.27        4838.93
1917           4677.27        4838.92
1918           4677.27        4838.92
1919           4677.27        4838.92
1920           4677.27        4838.91
1921           4677.27        4838.91
1922           4677.27        4838.91
1923           4677.27        4838.91
1924           4677.27        4838.91
1925           4677.27        4838.91
1926           4677.27        4838.91
1927           4677.27        4838.91
1928           4677.27        4838.91
1929           4677.27        4838.91
1930           4677.27        4838.91
1931           4677.27         4838.9
1932           4677.27         4838.9
1933           4677.27         4838.9
1934           4677.27         4838.9
1935           4677.27         4838.9
1936           4677.27         4838.9
1937           4677.27         4838.9
1938           4677.27         4838.9
1939           4677.27         4838.9
1940           4677.27         4838.9
1941           4677.27         4838.9
1942           4677.27         4838.9
1943           4677.27         4838.9
1944           4677.27        4838.88
1945           4677.27        4838.88
1946           4677.27        4838.88
1947           4677.27        4838.88
1948           4677.27        4838.88
1949           4677.27        4838.88
1950           4677.27        4838.88
1951           4677.27        4838.88
1952           4677.27        4838.87
1953           4677.27        4838.87
1954           4677.27        4838.87
1955           4677.27        4838.87
1956           4677.27        4838.86
1957           4677.27        4838.86
1958           4677.27        4838.86
1959           4677.27        4838.86
1960           4677.27        4838.86
1961           4677.27        4838.86
1962           4677.27        4838.86
1963           4677.27        4838.85
1964           4677.27        4838.84
1965           4677.27        4838.84
1966           4677.27        4838.84
1967           4677.27        4838.84
1968           4677.27        4838.84
1969           4677.27        4838.84
1970           4677.27        4838.83
1971           4677.27        4838.83
1972           4677.27        4838.83
1973           4677.27        4838.83
1974           4677.27        4838.83
1975           4677.27        4838.83
1976           4677.27        4838.83
1977           4677.27        4838.83
1978           4677.27        4838.83
1979           4677.27        4838.83
1980           4677.27        4838.83
1981           4677.27        4838.83
1982           4677.27        4838.83
1983           4677.27        4838.83
1984           4677.27        4838.83
1985           4677.27        4838.82
1986           4677.27        4838.82
1987           4677.27        4838.82
1988           4677.27        4838.82
1989           4677.27        4838.82
1990           4677.27        4838.81
1991           4677.27        4838.79
1992           4677.27        4838.79
1993           4677.27        4838.79
1994           4677.27        4838.79
1995           4677.27        4838.79
1996           4677.27        4838.79
1997           4677.27        4838.79
1998           4677.27        4838.79
1999           4677.27        4838.79
2000           4677.27        4838.79
2001           4677.27        4838.79
2002           4677.27        4838.79
2003           4677.27        4838.79
2004           4677.27        4838.79
2005           4677.27        4838.79
2006           4677.25        4838.79
2007           4677.25        4838.79
2008           4677.25        4838.79
2009           4677.25        4838.79
2010           4677.25        4838.79
2011           4677.25        4838.78
2012           4677.25        4838.78
2013           4677.25        4838.78
2014           4677.25        4838.78
2015           4677.25        4838.78
2016           4677.25        4838.77
2017           4677.25        4838.77
2018           4677.25        4838.77
2019           4677.25        4838.77
2020           4677.25        4838.77
2021           4677.25        4838.77
2022           4677.25        4838.77
2023           4677.25        4838.76
2024           4677.25        4838.76
2025           4677.25        4838.76
2026           4677.25        4838.76
2027           4677.25        4838.76
2028           4677.25        4838.76
2029           4677.25        4838.76
2030           4677.25        4838.76
2031           4677.25        4838.76
2032           4677.25        4838.76
2033           4677.25        4838.76
2034           4677.25        4838.76
2035           4677.25        4838.76
2036           4677.25        4838.76
2037           4677.25        4838.76
2038           4677.25        4838.76
2039           4677.25        4838.76
2040           4677.25        4838.75
2041           4677.25        4838.75
2042           4677.25        4838.75
2043           4677.25        4838.75
2044           4677.25        4838.75
2045           4677.25        4838.75
2046           4677.25        4838.75
2047           4677.25        4838.75
2048           4677.25        4838.75
2049           4677.25        4838.75
2050           4677.25        4838.75
2051           4677.25        4838.75
2052           4677.25        4838.75
2053           4677.25        4838.75
2054           4677.25        4838.75
2055           4677.25        4838.75
2056           4677.25        4838.75
2057           4677.25        4838.75
2058           4677.25        4838.74
2059           4677.25        4838.74
2060           4677.25        4838.74
2061           4677.25        4838.74
2062           4677.25        4838.74
2063           4677.25        4838.74
2064           4677.25        4838.74
2065           4677.25        4838.74
2066           4677.25        4838.74
2067           4677.25        4838.74
2068           4677.25        4838.74
2069           4677.25        4838.73
2070           4677.25        4838.73
2071           4677.25        4838.73
2072           4677.25        4838.73
2073           4677.25        4838.73
2074           4677.25        4838.73
2075           4677.25        4838.73
2076           4677.25        4838.73
2077           4677.25        4838.72
2078           4677.25        4838.72
2079           4677.25        4838.72
2080           4677.25        4838.72
2081           4677.25        4838.72
2082           4677.25        4838.72
2083           4677.25        4838.72
2084           4677.25        4838.72
2085           4677.25        4838.72
2086           4677.25        4838.72
2087           4677.25        4838.72
2088           4677.25        4838.72
2089           4677.25        4838.72
2090           4677.25        4838.71
2091           4677.25        4838.71
2092           4677.25        4838.71
2093           4677.25        4838.71
2094           4677.25        4838.71
2095           4677.25        4838.71
2096           4677.25        4838.71
2097           4677.25         4838.7
2098           4677.25         4838.7
2099           4677.25         4838.7
2100           4677.25         4838.7
2101           4677.25         4838.7
2102           4677.25        4838.69
2103           4677.25        4838.69
2104           4677.25        4838.68
2105           4677.25        4838.68
2106           4677.25        4838.68
2107           4677.25        4838.68
2108           4677.25        4838.68
2109           4677.25        4838.68
2110           4677.25        4838.68
2111           4677.25        4838.68
2112           4677.25        4838.68
2113           4677.25        4838.68
2114           4677.25        4838.68
2115           4677.25        4838.68
2116           4677.25        4838.67
2117           4677.25        4838.67
2118           4677.25        4838.67
2119           4677.25        4838.67
2120           4677.25        4838.67
2121           4677.25        4838.67
2122           4677.25        4838.67
2123           4677.25        4838.66
2124           4677.25        4838.66
2125           4677.25        4838.66
2126           4677.25        4838.66
2127           4677.25        4838.66
2128           4677.25        4838.66
2129           4677.25        4838.66
2130           4677.25        4838.66
2131           4677.25        4838.66
2132           4677.25        4838.66
2133           4677.25        4838.66
2134           4677.25        4838.66
2135           4677.25        4838.66
2136           4677.25        4838.66
2137           4677.25        4838.66
2138           4677.25        4838.66
2139           4677.25        4838.66
2140           4677.25        4838.66
2141           4677.25        4838.66
2142           4677.25        4838.66
2143           4677.25        4838.65
2144           4677.25        4838.65
2145           4677.25        4838.65
2146           4677.25        4838.65
2147           4677.25        4838.65
2148           4677.25        4838.64
2149           4677.25        4838.64
2150           4677.25        4838.64
2151           4677.25        4838.64
2152           4677.25        4838.64
2153           4677.25        4838.64
2154           4677.25        4838.64
2155           4677.25        4838.64
2156           4677.25        4838.64
2157           4677.25        4838.64
2158           4677.25        4838.64
2159           4677.25        4838.64
2160           4677.25        4838.64
2161           4677.25        4838.64
2162           4677.25        4838.64
2163           4677.25        4838.64
2164           4677.25        4838.64
2165           4677.23        4838.63
2166           4677.23        4838.63
2167           4677.23        4838.63
2168           4677.23        4838.63
2169           4677.23        4838.63
2170           4677.23        4838.63
2171           4677.23        4838.63
2172           4677.23        4838.63
2173           4677.23        4838.63
2174           4677.23        4838.63
2175           4677.23        4838.63
2176           4677.23        4838.63
2177           4677.23        4838.63
2178           4677.23        4838.63
2179           4677.23        4838.62
2180           4677.23        4838.62
2181           4677.23        4838.62
2182           4677.23        4838.62
2183           4677.23        4838.62
2184           4677.23        4838.62
2185           4677.23        4838.61
2186           4677.23        4838.61
2187           4677.23        4838.61
2188           4677.23        4838.61
2189           4677.23        4838.61
2190           4677.23        4838.61
2191           4677.23        4838.61
2192           4677.23        4838.61
2193           4677.23        4838.61
2194           4677.23        4838.61
2195           4677.23        4838.61
2196           4677.23        4838.61
2197           4677.23        4838.61
2198           4677.23        4838.61
2199           4677.23        4838.61
2200           4677.23         4838.6
2201           4677.23         4838.6
2202           4677.23         4838.6
2203           4677.23         4838.6
2204           4677.23         4838.6
2205           4677.23         4838.6
2206           4677.23         4838.6
2207           4677.23         4838.6
2208           4677.23         4838.6
2209           4677.23         4838.6
2210           4677.23         4838.6
2211           4677.23         4838.6
2212           4677.23         4838.6
2213           4677.23         4838.6
2214           4677.23         4838.6
2215           4677.23         4838.6
2216           4677.22        4838.59
2217           4677.22        4838.59
2218           4677.22        4838.59
2219           4677.22        4838.59
2220           4677.22        4838.59
2221           4677.22        4838.59
2222           4677.22        4838.59
2223           4677.22        4838.58
2224           4677.22        4838.58
2225           4677.22        4838.58
2226           4677.22        4838.58
2227           4677.22        4838.58
2228           4677.22        4838.58
2229           4677.22        4838.58
2230           4677.22        4838.58
2231           4677.22        4838.58
2232           4677.22        4838.58
2233           4677.22        4838.58
2234           4677.22        4838.58
2235           4677.22        4838.58
2236           4677.22        4838.58
2237           4677.22        4838.58
2238           4677.22        4838.58
2239           4677.22        4838.58
2240           4677.22        4838.58
2241           4677.22        4838.58
2242           4677.22        4838.58
2243           4677.22        4838.58
2244           4677.22        4838.58
2245           4677.22        4838.58
2246           4677.22        4838.58
2247           4677.22        4838.58
2248           4677.22        4838.58
2249           4677.22        4838.58
2250           4677.22        4838.58
2251           4677.22        4838.58
2252           4677.22        4838.58
2253           4677.22        4838.58
2254           4677.22        4838.58
2255           4677.22        4838.58
2256           4677.22        4838.58
2257           4677.22        4838.58
2258           4677.22        4838.58
2259           4677.22        4838.58
2260           4677.22        4838.58
2261           4677.22        4838.58
2262           4677.22        4838.58
2263           4677.22        4838.57
2264           4677.22        4838.57
2265           4677.22        4838.57
2266           4677.22        4838.57
2267           4677.22        4838.57
2268           4677.22        4838.57
2269           4677.22        4838.57
2270           4677.22        4838.57
2271           4677.22        4838.57
2272           4677.22        4838.57
2273           4677.22        4838.57
2274           4677.22        4838.57
2275           4677.22        4838.57
2276           4677.22        4838.57
2277           4677.22        4838.57
2278           4677.22        4838.57
2279           4677.22        4838.57
2280           4677.22        4838.56
2281           4677.22        4838.56
2282           4677.22        4838.56
2283           4677.22        4838.56
2284           4677.22        4838.56
2285           4677.22        4838.56
2286           4677.22        4838.56
2287           4677.22        4838.56
2288           4677.22        4838.56
2289           4677.22        4838.56
2290           4677.22        4838.56
2291           4677.22        4838.56
2292           4677.22        4838.56
2293           4677.22        4838.56
2294           4677.22        4838.56
2295           4677.22        4838.56
2296           4677.22        4838.56
2297           4677.22        4838.56
2298           4677.22        4838.56
2299           4677.22        4838.56
2300           4677.22        4838.56
2301           4677.22        4838.56
2302           4677.22        4838.56
2303           4677.22        4838.56
2304           4677.22        4838.56
2305           4677.22        4838.56
2306           4677.22        4838.56
2307           4677.22        4838.56
2308           4677.22        4838.56
2309           4677.22        4838.56
2310           4677.22        4838.56
2311           4677.22        4838.56
2312           4677.22        4838.56
2313           4677.22        4838.56
2314           4677.22        4838.56
2315           4677.22        4838.56
2316           4677.22        4838.56
2317           4677.22        4838.56
2318           4677.22        4838.56
2319           4677.22        4838.56
2320           4677.22        4838.56
2321           4677.22        4838.56
2322           4677.22        4838.56
2323           4677.22        4838.56
2324           4677.22        4838.56
2325           4677.22        4838.56
2326           4677.22        4838.56
2327           4677.22        4838.56
2328           4677.22        4838.56
2329           4677.22        4838.56
2330           4677.22        4838.56
2331           4677.22        4838.56
2332           4677.22        4838.56
2333           4677.22        4838.56
2334           4677.22        4838.56
2335           4677.22        4838.56
2336           4677.22        4838.56
2337           4677.22        4838.56
2338           4677.22        4838.56
2339           4677.22        4838.56
2340           4677.22        4838.56
2341           4677.22        4838.56
2342           4677.22        4838.56
2343           4677.22        4838.56
2344           4677.22        4838.56
2345           4677.22        4838.55
2346           4677.22        4838.55
2347           4677.22        4838.55
2348           4677.22        4838.55
2349           4677.22        4838.55
2350           4677.22        4838.55
2351           4677.22        4838.55
2352           4677.22        4838.55
2353           4677.22        4838.55
2354           4677.22        4838.55
2355           4677.22        4838.55
2356           4677.22        4838.55
2357           4677.22        4838.55
2358           4677.22        4838.55
2359           4677.22        4838.55
2360           4677.22        4838.55
2361           4677.22        4838.55
2362           4677.22        4838.55
2363           4677.22        4838.55
2364           4677.22        4838.55
2365           4677.22        4838.55
2366           4677.22        4838.55
2367           4677.22        4838.55
2368           4677.22        4838.55
2369           4677.22        4838.55
2370           4677.21        4838.55
2371           4677.21        4838.55
2372           4677.21        4838.55
2373           4677.21        4838.55
2374           4677.21        4838.55
2375           4677.21        4838.55
2376           4677.21        4838.55
2377           4677.21        4838.55
2378           4677.21        4838.55
2379           4677.21        4838.55
2380           4677.21        4838.55
2381           4677.21        4838.55
2382           4677.21        4838.55
2383           4677.21        4838.55
2384           4677.21        4838.55
2385           4677.21        4838.55
2386           4677.21        4838.55
2387           4677.21        4838.55
2388           4677.21        4838.55
2389           4677.21        4838.55
2390           4677.21        4838.55
2391           4677.21        4838.55
2392           4677.21        4838.55
2393           4677.21        4838.55
2394           4677.21        4838.55
2395           4677.21        4838.55
2396           4677.21        4838.55
2397           4677.21        4838.55
2398           4677.21        4838.55
2399           4677.21        4838.55
2400           4677.21        4838.55
2401           4677.21        4838.55
2402           4677.21        4838.55
2403           4677.21        4838.55
2404           4677.21        4838.55
2405           4677.21        4838.55
2406           4677.21        4838.55
2407           4677.21        4838.55
2408           4677.21        4838.55
2409           4677.21        4838.55
2410           4677.21        4838.55
2411           4677.21        4838.55
2412           4677.21        4838.55
2413           4677.21        4838.55
2414           4677.21        4838.55
2415           4677.21        4838.55
2416           4677.21        4838.55
2417           4677.21        4838.55
2418           4677.21        4838.54
2419           4677.21        4838.54
2420           4677.21        4838.54
2421           4677.21        4838.54
2422           4677.21        4838.54
2423           4677.21        4838.54
2424           4677.21        4838.54
2425           4677.21        4838.54
2426           4677.21        4838.54
2427           4677.21        4838.54
2428           4677.21        4838.54
2429           4677.21        4838.54
2430           4677.21        4838.54
2431           4677.21        4838.54
2432           4677.21        4838.54
2433           4677.21        4838.54
2434           4677.21        4838.54
2435           4677.21        4838.54
2436           4677.21        4838.54
2437           4677.21        4838.54
2438           4677.21        4838.54
2439           4677.21        4838.54
2440           4677.21        4838.54
2441           4677.21        4838.54
2442           4677.21        4838.54
2443           4677.21        4838.54
2444           4677.21        4838.54
2445           4677.21        4838.54
2446           4677.21        4838.54
2447           4677.21        4838.54
2448           4677.21        4838.54
2449           4677.21        4838.54
2450           4677.21        4838.54
2451           4677.21        4838.54
2452           4677.21        4838.54
2453           4677.21        4838.54
2454           4677.21        4838.54
2455           4677.21        4838.54
2456           4677.21        4838.54
2457           4677.21        4838.54
2458           4677.21        4838.54
2459           4677.21        4838.54
2460           4677.21        4838.54
2461           4677.21        4838.54
2462           4677.21        4838.54
2463           4677.21        4838.54
2464           4677.21        4838.54
2465           4677.21        4838.54
2466           4677.21        4838.54
2467           4677.21        4838.54
2468           4677.21        4838.54
2469           4677.21        4838.54
2470           4677.21        4838.54
2471           4677.21        4838.54
2472           4677.21        4838.54
2473           4677.21        4838.54
2474           4677.21        4838.54
2475           4677.21        4838.54
2476           4677.21        4838.54
2477           4677.21        4838.54
2478           4677.21        4838.54
2479           4677.21        4838.54
2480           4677.21        4838.54
2481           4677.21        4838.54
2482           4677.21        4838.54
2483           4677.21        4838.54
2484           4677.21        4838.54
2485           4677.21        4838.54
2486           4677.21        4838.54
2487           4677.21        4838.54
2488           4677.21        4838.54
2489           4677.21        4838.54
2490           4677.21        4838.54
2491           4677.21        4838.54
2492           4677.21        4838.54
2493           4677.21        4838.54
2494           4677.21        4838.54
2495           4677.21        4838.54
2496           4677.21        4838.54
2497           4677.21        4838.54
2498           4677.21        4838.54
2499           4677.21        4838.54
2500           4677.21        4838.54
