#ITER       #BEST_FO       #MEDIA_FO
1           7463.31        23521.3
2           6083.66        10042.7
3           5659.27        7831.35
4           5465.36        7201.91
5           5410.98        6572.62
6           5038.32         6211.6
7           5026.57        5894.13
8           4979.99        5613.96
9           4901.51         5406.7
10           4864.96        5257.44
11           4855.97         5183.4
12           4828.64         5108.4
13           4765.38        5072.37
14           4765.38        5038.31
15           4765.38        5002.35
16           4762.16        4986.92
17           4733.53        4969.97
18           4728.85        4948.13
19           4716.26        4932.18
20            4709.3        4921.29
21            4709.3         4914.8
22            4709.3         4905.4
23           4701.37        4898.62
24           4701.37        4892.76
25           4698.15        4887.48
26           4696.14        4880.06
27           4696.14        4874.09
28           4693.17        4869.82
29           4693.17        4867.34
30           4692.89        4864.05
31           4690.43        4862.03
32           4690.43        4859.41
33           4690.43        4858.25
34           4690.43        4857.76
35           4690.43        4857.61
36           4689.74        4856.85
37           4687.31        4855.95
38           4687.31        4855.01
39           4686.57        4854.53
40           4685.12        4853.66
41           4685.12        4853.27
42           4685.09         4852.7
43           4685.09        4852.14
44           4685.09        4851.95
45           4685.09        4851.73
46           4684.43        4851.33
47           4684.43        4850.69
48           4684.39        4850.33
49           4684.23        4849.82
50           4683.68        4849.48
51           4683.68        4849.08
52           4683.68        4848.52
53           4683.68        4848.23
54           4683.68        4848.01
55           4683.68        4847.78
56           4682.78        4847.57
57           4681.06        4846.99
58           4681.05        4846.61
59           4681.05         4846.4
60           4680.33        4846.05
61           4680.33        4845.69
62           4680.33        4845.56
63           4680.33        4845.55
64           4679.82        4845.25
65           4679.82           4845
66           4679.82        4844.98
67           4679.82        4844.84
68           4679.82        4844.61
69           4679.82        4844.42
70           4679.82        4844.37
71           4679.82        4844.25
72           4679.82        4844.04
73           4679.82        4843.89
74           4679.82        4843.82
75           4679.82        4843.77
76           4679.82        4843.69
77           4679.82        4843.65
78           4679.53         4843.5
79            4679.4        4843.34
80            4679.4        4843.25
81            4679.4        4843.24
82            4679.4        4843.13
83            4679.4         4843.1
84            4679.4        4843.05
85            4679.4        4843.05
86           4679.26        4842.95
87           4679.26        4842.89
88           4679.26        4842.81
89           4679.26        4842.72
90           4679.26        4842.72
91           4679.26        4842.69
92           4679.26        4842.52
93           4679.26        4842.35
94           4679.26        4842.31
95           4678.71        4842.27
96           4678.71         4842.2
97           4678.49        4842.14
98           4678.49         4842.1
99           4678.49        4841.93
100           4678.49        4841.88
101           4678.49        4841.88
102           4678.49        4841.86
103           4678.49        4841.84
104           4678.49         4841.8
105           4678.49        4841.73
106           4678.49        4841.66
107           4678.49        4841.62
108           4678.49        4841.54
109           4678.49        4841.39
110           4678.49        4841.34
111           4678.18        4841.28
112           4678.18        4841.19
113           4678.18        4841.12
114           4678.18        4841.12
115           4678.18        4841.08
116           4678.18        4841.07
117           4678.16           4841
118           4678.16        4840.98
119           4678.16         4840.9
120           4678.16        4840.88
121           4678.16         4840.8
122           4678.13        4840.76
123           4678.13        4840.76
124           4678.13        4840.67
125           4678.04        4840.64
126           4678.04        4840.63
127           4678.04        4840.62
128           4678.04        4840.59
129           4678.04        4840.58
130           4678.04        4840.54
131           4678.04        4840.53
132           4678.04        4840.52
133           4678.04        4840.49
134           4678.04        4840.48
135           4678.04        4840.47
136           4678.04        4840.45
137           4678.04        4840.45
138            4677.9        4840.35
139            4677.9        4840.34
140            4677.9        4840.34
141            4677.9        4840.34
142            4677.9        4840.34
143           4677.84        4840.28
144           4677.84        4840.28
145           4677.84        4840.28
146           4677.84        4840.28
147           4677.84        4840.28
148           4677.84        4840.24
149           4677.84        4840.22
150           4677.84        4840.22
151           4677.84        4840.19
152           4677.84        4840.19
153           4677.84        4840.19
154           4677.84        4840.19
155           4677.84        4840.17
156           4677.84        4840.17
157           4677.84        4840.17
158           4677.84        4840.15
159           4677.84        4840.13
160           4677.84        4840.12
161           4677.84        4840.12
162           4677.84         4840.1
163           4677.84        4840.09
164           4677.84        4840.09
165           4677.84        4840.09
166           4677.84        4840.09
167           4677.84        4840.09
168           4677.84        4840.09
169           4677.84        4840.06
170           4677.84        4840.06
171           4677.84        4840.04
172           4677.84        4840.01
173           4677.84           4840
174           4677.84        4839.96
175           4677.84        4839.96
176           4677.84        4839.96
177           4677.84        4839.94
178           4677.74        4839.94
179           4677.74        4839.92
180           4677.74         4839.9
181           4677.74        4839.89
182           4677.74        4839.89
183           4677.74        4839.89
184           4677.74        4839.89
185           4677.74        4839.89
186           4677.74        4839.89
187           4677.74        4839.88
188           4677.74        4839.82
189           4677.74        4839.81
190           4677.74        4839.81
191           4677.74        4839.81
192           4677.74        4839.81
193           4677.74        4839.81
194           4677.74        4839.79
195           4677.74        4839.79
196           4677.74        4839.79
197           4677.74        4839.77
198           4677.74        4839.77
199           4677.74        4839.76
200           4677.74        4839.74
201           4677.74        4839.71
202           4677.74        4839.71
203           4677.74        4839.69
204           4677.74        4839.69
205           4677.74        4839.68
206           4677.74        4839.68
207           4677.74        4839.67
208           4677.74        4839.66
209           4677.74        4839.66
210           4677.74        4839.65
211           4677.74        4839.62
212           4677.74        4839.62
213           4677.74        4839.61
214           4677.74         4839.6
215           4677.74         4839.6
216           4677.74         4839.6
217           4677.74        4839.59
218           4677.74        4839.59
219           4677.74        4839.59
220           4677.74        4839.58
221           4677.74        4839.58
222           4677.74        4839.58
223           4677.74        4839.58
224           4677.74        4839.57
225           4677.74        4839.56
226           4677.74        4839.56
227           4677.74        4839.56
228           4677.74        4839.56
229           4677.74        4839.55
230           4677.74        4839.55
231           4677.74        4839.55
232           4677.74        4839.55
233           4677.74        4839.55
234           4677.74        4839.55
235           4677.74        4839.55
236           4677.74        4839.53
237           4677.68        4839.53
238           4677.68        4839.53
239           4677.63        4839.52
240           4677.63        4839.52
241           4677.63        4839.51
242           4677.63        4839.51
243           4677.63        4839.51
244           4677.63        4839.51
245           4677.63        4839.51
246           4677.63         4839.5
247           4677.63         4839.5
248           4677.63         4839.5
249           4677.63         4839.5
250           4677.63         4839.5
251           4677.63         4839.5
252           4677.63         4839.5
253           4677.63        4839.49
254           4677.63        4839.48
255           4677.63        4839.48
256           4677.63        4839.47
257           4677.63        4839.47
258           4677.63        4839.46
259           4677.63        4839.46
260           4677.63        4839.45
261           4677.63        4839.45
262           4677.63        4839.41
263           4677.63        4839.41
264           4677.63        4839.41
265           4677.63        4839.41
266           4677.63        4839.41
267           4677.63         4839.4
268           4677.63        4839.38
269           4677.63        4839.37
270           4677.63        4839.37
271           4677.63        4839.37
272           4677.63        4839.37
273           4677.63        4839.35
274           4677.63        4839.35
275           4677.63        4839.34
276           4677.63        4839.29
277           4677.63        4839.24
278           4677.63        4839.24
279           4677.63        4839.24
280           4677.63        4839.24
281           4677.63        4839.24
282           4677.62        4839.23
283           4677.62        4839.23
284           4677.62        4839.23
285           4677.62        4839.23
286           4677.62        4839.23
287           4677.62        4839.23
288           4677.62        4839.23
289           4677.62        4839.22
290           4677.62        4839.21
291           4677.62        4839.21
292           4677.62        4839.21
293           4677.62        4839.21
294           4677.62        4839.21
295           4677.62        4839.21
296           4677.62        4839.19
297           4677.62        4839.19
298           4677.62        4839.19
299           4677.62        4839.19
300           4677.62        4839.19
301           4677.62        4839.19
302           4677.62        4839.19
303           4677.62        4839.19
304           4677.62        4839.19
305           4677.62        4839.19
306            4677.6        4839.18
307            4677.6        4839.18
308            4677.6        4839.17
309            4677.6        4839.17
310            4677.6        4839.17
311            4677.6        4839.17
312            4677.6        4839.17
313            4677.6        4839.17
314            4677.6        4839.16
315            4677.6        4839.14
316            4677.6        4839.14
317            4677.6        4839.13
318           4677.58        4839.13
319           4677.58        4839.13
320           4677.58        4839.13
321           4677.58        4839.13
322           4677.58        4839.13
323           4677.58        4839.13
324           4677.58        4839.13
325           4677.58        4839.13
326           4677.58        4839.13
327           4677.58        4839.12
328           4677.54        4839.12
329           4677.54        4839.12
330           4677.54        4839.12
331           4677.54        4839.12
332           4677.54        4839.12
333           4677.54        4839.12
334           4677.54        4839.12
335           4677.54        4839.12
336           4677.54        4839.11
337           4677.54        4839.11
338           4677.54        4839.11
339           4677.54        4839.11
340           4677.54         4839.1
341           4677.54         4839.1
342           4677.54         4839.1
343           4677.54         4839.1
344           4677.54        4839.09
345           4677.54        4839.09
346           4677.54        4839.09
347           4677.54        4839.08
348           4677.54        4839.08
349           4677.54        4839.08
350           4677.54        4839.08
351           4677.54        4839.06
352           4677.54        4839.05
353           4677.54        4839.05
354            4677.5        4839.05
355            4677.5        4839.05
356            4677.5        4839.05
357            4677.5        4839.05
358            4677.5        4839.05
359            4677.5        4839.05
360            4677.5        4839.05
361            4677.5        4839.05
362            4677.5        4839.03
363            4677.5        4839.03
364            4677.5        4839.03
365            4677.5        4839.03
366            4677.5        4839.03
367            4677.5        4839.03
368            4677.5        4839.02
369            4677.5        4839.02
370            4677.5        4839.02
371            4677.5        4839.02
372            4677.5        4839.02
373            4677.5        4839.02
374            4677.5        4839.02
375            4677.5        4839.02
376            4677.5        4839.01
377           4677.48        4839.01
378           4677.48        4839.01
379           4677.48        4839.01
380           4677.48        4839.01
381           4677.48        4839.01
382           4677.48        4839.01
383           4677.48        4839.01
384           4677.48        4839.01
385           4677.48        4839.01
386           4677.48        4839.01
387           4677.48        4839.01
388           4677.48        4839.01
389           4677.48        4839.01
390           4677.48        4839.01
391           4677.48        4839.01
392           4677.48        4839.01
393           4677.48        4839.01
394           4677.48           4839
395           4677.48           4839
396           4677.48           4839
397           4677.48           4839
398           4677.48           4839
399           4677.48           4839
400           4677.47           4839
401           4677.47           4839
402           4677.47           4839
403           4677.47           4839
404           4677.47           4839
405           4677.47           4839
406           4677.47           4839
407           4677.47        4838.99
408           4677.47        4838.99
409           4677.47        4838.99
410           4677.47        4838.99
411           4677.47        4838.99
412           4677.47        4838.99
413           4677.47        4838.99
414           4677.47        4838.99
415           4677.47        4838.99
416           4677.47        4838.99
417           4677.47        4838.99
418           4677.47        4838.99
419           4677.47        4838.99
420           4677.47        4838.98
421           4677.47        4838.98
422           4677.47        4838.98
423           4677.47        4838.98
424           4677.47        4838.98
425           4677.47        4838.98
426           4677.47        4838.98
427           4677.47        4838.98
428           4677.47        4838.98
429           4677.47        4838.98
430           4677.47        4838.98
431           4677.47        4838.98
432           4677.47        4838.98
433           4677.47        4838.98
434           4677.47        4838.98
435           4677.47        4838.98
436           4677.47        4838.98
437           4677.47        4838.98
438           4677.47        4838.98
439           4677.47        4838.98
440           4677.47        4838.98
441           4677.47        4838.98
442           4677.47        4838.98
443           4677.47        4838.98
444           4677.47        4838.98
445           4677.47        4838.98
446           4677.47        4838.98
447           4677.47        4838.97
448           4677.47        4838.97
449           4677.47        4838.97
450           4677.47        4838.97
451           4677.47        4838.97
452           4677.47        4838.97
453           4677.47        4838.97
454           4677.47        4838.97
455           4677.47        4838.97
456           4677.47        4838.97
457           4677.47        4838.97
458           4677.47        4838.97
459           4677.47        4838.96
460           4677.47        4838.96
461           4677.47        4838.96
462           4677.47        4838.96
463           4677.47        4838.96
464           4677.46        4838.96
465           4677.46        4838.95
466           4677.46        4838.95
467           4677.46        4838.95
468           4677.46        4838.95
469           4677.46        4838.95
470           4677.46        4838.95
471           4677.46        4838.95
472           4677.46        4838.95
473           4677.46        4838.95
474           4677.46        4838.95
475           4677.46        4838.95
476           4677.46        4838.94
477           4677.46        4838.94
478           4677.46        4838.94
479           4677.46        4838.94
480           4677.46        4838.94
481           4677.46        4838.94
482           4677.46        4838.94
483           4677.46        4838.94
484           4677.46        4838.94
485           4677.46        4838.94
486           4677.46        4838.94
487           4677.46        4838.94
488           4677.46        4838.94
489           4677.46        4838.94
490           4677.46        4838.93
491           4677.43        4838.93
492           4677.41        4838.93
493           4677.41        4838.93
494           4677.41        4838.93
495           4677.41        4838.93
496           4677.41        4838.93
497           4677.41        4838.93
498           4677.41        4838.93
499           4677.41        4838.93
500           4677.41        4838.93
501           4677.41        4838.93
502           4677.41        4838.93
503           4677.41        4838.93
504           4677.41        4838.93
505           4677.41        4838.93
506           4677.41        4838.93
507           4677.41        4838.93
508           4677.41        4838.93
509           4677.41        4838.93
510           4677.41        4838.93
511           4677.41        4838.93
512           4677.41        4838.93
513           4677.41        4838.93
514           4677.41        4838.93
515           4677.41        4838.93
516           4677.41        4838.93
517           4677.41        4838.93
518           4677.41        4838.93
519           4677.41        4838.93
520           4677.41        4838.93
521           4677.41        4838.93
522           4677.41        4838.93
523           4677.41        4838.93
524           4677.41        4838.93
525           4677.41        4838.93
526           4677.41        4838.93
527           4677.41        4838.93
528           4677.41        4838.93
529           4677.41        4838.93
530           4677.41        4838.93
531           4677.41        4838.93
532           4677.41        4838.93
533           4677.41        4838.93
534           4677.41        4838.92
535           4677.41        4838.92
536           4677.41        4838.92
537           4677.41        4838.92
538           4677.41        4838.92
539           4677.41        4838.92
540           4677.41        4838.92
541           4677.41        4838.92
542           4677.41        4838.92
543           4677.41        4838.92
544           4677.41        4838.92
545           4677.41        4838.92
546           4677.41        4838.92
547           4677.41        4838.92
548           4677.41        4838.92
549           4677.41        4838.92
550           4677.41        4838.92
551           4677.41        4838.92
552           4677.41        4838.91
553           4677.41        4838.91
554           4677.41        4838.91
555           4677.41        4838.91
556           4677.41        4838.91
557           4677.41        4838.91
558           4677.41        4838.91
559           4677.41        4838.91
560           4677.41        4838.91
561           4677.41        4838.91
562           4677.41         4838.9
563            4677.4        4838.89
564            4677.4        4838.89
565            4677.4        4838.89
566            4677.4        4838.89
567            4677.4        4838.89
568            4677.4        4838.89
569            4677.4        4838.89
570            4677.4        4838.89
571            4677.4        4838.89
572            4677.4        4838.89
573            4677.4        4838.89
574            4677.4        4838.89
575            4677.4        4838.89
576            4677.4        4838.89
577            4677.4        4838.89
578            4677.4        4838.89
579            4677.4        4838.89
580            4677.4        4838.89
581            4677.4        4838.89
582            4677.4        4838.89
583            4677.4        4838.89
584            4677.4        4838.89
585            4677.4        4838.89
586            4677.4        4838.89
587            4677.4        4838.89
588            4677.4        4838.89
589            4677.4        4838.89
590            4677.4        4838.89
591            4677.4        4838.89
592            4677.4        4838.89
593            4677.4        4838.89
594            4677.4        4838.89
595            4677.4        4838.89
596            4677.4        4838.89
597            4677.4        4838.88
598            4677.4        4838.88
599            4677.4        4838.88
600            4677.4        4838.88
601            4677.4        4838.88
602            4677.4        4838.88
603            4677.4        4838.88
604            4677.4        4838.88
605            4677.4        4838.88
606            4677.4        4838.88
607            4677.4        4838.88
608            4677.4        4838.88
609            4677.4        4838.88
610            4677.4        4838.88
611           4677.37        4838.87
612           4677.37        4838.87
613           4677.37        4838.87
614           4677.37        4838.87
615           4677.37        4838.87
616           4677.37        4838.87
617           4677.37        4838.87
618           4677.37        4838.87
619           4677.37        4838.87
620           4677.37        4838.87
621           4677.37        4838.87
622           4677.37        4838.87
623           4677.37        4838.87
624           4677.37        4838.87
625           4677.37        4838.87
626           4677.37        4838.87
627           4677.37        4838.87
628           4677.37        4838.87
629           4677.37        4838.87
630           4677.37        4838.87
631           4677.37        4838.87
632           4677.37        4838.87
633           4677.37        4838.87
634           4677.37        4838.87
635           4677.37        4838.87
636           4677.37        4838.87
637           4677.37        4838.87
638           4677.37        4838.87
639           4677.37        4838.87
640           4677.37        4838.87
641           4677.37        4838.87
642           4677.37        4838.87
643           4677.37        4838.87
644           4677.37        4838.87
645           4677.37        4838.87
646           4677.37        4838.87
647           4677.37        4838.87
648           4677.37        4838.87
649           4677.37        4838.87
650           4677.37        4838.87
651           4677.37        4838.87
652           4677.37        4838.87
653           4677.37        4838.87
654           4677.37        4838.87
655           4677.37        4838.87
656           4677.37        4838.87
657           4677.37        4838.87
658           4677.37        4838.87
659           4677.37        4838.87
660           4677.37        4838.87
661           4677.37        4838.86
662           4677.37        4838.86
663           4677.37        4838.86
664           4677.37        4838.86
665           4677.37        4838.86
666           4677.37        4838.86
667           4677.37        4838.86
668           4677.37        4838.86
669           4677.37        4838.86
670           4677.37        4838.86
671           4677.37        4838.86
672           4677.37        4838.86
673           4677.37        4838.86
674           4677.37        4838.86
675           4677.37        4838.86
676           4677.37        4838.86
677           4677.37        4838.86
678           4677.37        4838.86
679           4677.37        4838.86
680           4677.37        4838.86
681           4677.37        4838.86
682           4677.37        4838.86
683           4677.37        4838.86
684           4677.37        4838.86
685           4677.37        4838.86
686           4677.37        4838.86
687           4677.37        4838.86
688           4677.37        4838.86
689           4677.37        4838.86
690           4677.37        4838.86
691           4677.37        4838.86
692           4677.37        4838.85
693           4677.37        4838.85
694           4677.37        4838.85
695           4677.37        4838.85
696           4677.37        4838.85
697           4677.37        4838.85
698           4677.37        4838.85
699           4677.37        4838.85
700           4677.37        4838.85
701           4677.37        4838.85
702           4677.37        4838.85
703           4677.37        4838.85
704           4677.37        4838.85
705           4677.37        4838.85
706           4677.37        4838.85
707           4677.37        4838.85
708           4677.37        4838.85
709           4677.37        4838.84
710           4677.37        4838.84
711           4677.37        4838.84
712           4677.37        4838.84
713           4677.37        4838.84
714           4677.37        4838.84
715           4677.37        4838.84
716           4677.37        4838.84
717           4677.37        4838.84
718           4677.37        4838.84
719           4677.37        4838.84
720           4677.37        4838.84
721           4677.37        4838.84
722           4677.37        4838.84
723           4677.37        4838.84
724           4677.37        4838.84
725           4677.37        4838.84
726           4677.37        4838.84
727           4677.37        4838.84
728           4677.37        4838.84
729           4677.37        4838.84
730           4677.37        4838.84
731           4677.37        4838.84
732           4677.37        4838.84
733           4677.37        4838.84
734           4677.37        4838.84
735           4677.37        4838.84
736           4677.37        4838.84
737           4677.37        4838.84
738           4677.37        4838.84
739           4677.37        4838.84
740           4677.37        4838.84
741           4677.37        4838.84
742           4677.37        4838.84
743           4677.37        4838.84
744           4677.37        4838.84
745           4677.37        4838.84
746           4677.37        4838.83
747           4677.37        4838.83
748           4677.37        4838.83
749           4677.37        4838.83
750           4677.36        4838.83
751           4677.36        4838.83
752           4677.36        4838.83
753           4677.36        4838.83
754           4677.36        4838.83
755           4677.36        4838.83
756           4677.36        4838.83
757           4677.36        4838.83
758           4677.36        4838.83
759           4677.36        4838.83
760           4677.36        4838.83
761           4677.36        4838.83
762           4677.36        4838.83
763           4677.36        4838.83
764           4677.36        4838.83
765           4677.36        4838.83
766           4677.36        4838.83
767           4677.36        4838.82
768           4677.36        4838.82
769           4677.36        4838.82
770           4677.32        4838.82
771           4677.32        4838.82
772           4677.32        4838.82
773           4677.32        4838.82
774           4677.31        4838.82
775           4677.31        4838.81
776           4677.31        4838.81
777           4677.31        4838.81
778           4677.31        4838.81
779           4677.31         4838.8
780           4677.31         4838.8
781           4677.31         4838.8
782           4677.31         4838.8
783           4677.31         4838.8
784           4677.31         4838.8
785           4677.31         4838.8
786           4677.31         4838.8
787           4677.31        4838.79
788           4677.31        4838.79
789           4677.31        4838.79
790           4677.31        4838.79
791           4677.31        4838.79
792           4677.31        4838.79
793           4677.31        4838.79
794           4677.31        4838.79
795           4677.31        4838.79
796           4677.31        4838.79
797           4677.31        4838.79
798           4677.31        4838.79
799           4677.31        4838.79
800           4677.31        4838.79
801           4677.31        4838.79
802           4677.31        4838.79
803           4677.31        4838.79
804           4677.31        4838.79
805           4677.31        4838.79
806           4677.31        4838.79
807           4677.31        4838.78
808           4677.31        4838.78
809           4677.31        4838.78
810           4677.31        4838.78
811           4677.31        4838.78
812           4677.31        4838.78
813           4677.31        4838.78
814           4677.31        4838.78
815           4677.31        4838.78
816           4677.31        4838.78
817           4677.31        4838.77
818           4677.31        4838.77
819           4677.31        4838.77
820           4677.31        4838.77
821           4677.23        4838.77
822           4677.23        4838.76
823           4677.23        4838.76
824           4677.23        4838.76
825           4677.23        4838.76
826           4677.23        4838.76
827           4677.23        4838.76
828           4677.23        4838.76
829           4677.23        4838.76
830           4677.23        4838.76
831           4677.23        4838.76
832           4677.23        4838.76
833           4677.23        4838.76
834           4677.23        4838.76
835           4677.23        4838.76
836           4677.23        4838.76
837           4677.23        4838.76
838           4677.23        4838.76
839           4677.23        4838.76
840           4677.23        4838.76
841           4677.23        4838.76
842           4677.23        4838.76
843           4677.23        4838.76
844           4677.23        4838.76
845           4677.23        4838.76
846           4677.23        4838.76
847           4677.23        4838.76
848           4677.23        4838.76
849           4677.23        4838.76
850           4677.23        4838.76
851           4677.23        4838.76
852           4677.23        4838.76
853           4677.23        4838.76
854           4677.23        4838.76
855           4677.23        4838.76
856           4677.23        4838.76
857           4677.23        4838.76
858           4677.23        4838.76
859           4677.23        4838.75
860           4677.23        4838.75
861           4677.23        4838.75
862           4677.23        4838.75
863           4677.23        4838.75
864           4677.22        4838.75
865           4677.22        4838.75
866           4677.18        4838.74
867           4677.18        4838.74
868           4677.18        4838.74
869           4677.18        4838.74
870           4677.18        4838.74
871           4677.18        4838.74
872           4677.18        4838.73
873           4677.18        4838.73
874           4677.18        4838.73
875           4677.18        4838.72
876           4677.18        4838.72
877           4677.18        4838.72
878           4677.18        4838.72
879           4677.18        4838.72
880           4677.18        4838.72
881           4677.18        4838.72
882           4677.18        4838.72
883           4677.18        4838.72
884           4677.18        4838.71
885           4677.18        4838.71
886           4677.18        4838.71
887           4677.18        4838.71
888           4677.18        4838.71
889           4677.18        4838.71
890           4677.18        4838.71
891           4677.18        4838.71
892           4677.18        4838.71
893           4677.18        4838.71
894           4677.18        4838.71
895           4677.18        4838.71
896           4677.18        4838.71
897           4677.18        4838.71
898           4677.18         4838.7
899           4677.18         4838.7
900           4677.18         4838.7
901           4677.18         4838.7
902           4677.18        4838.69
903           4677.18        4838.69
904           4677.18        4838.69
905           4677.18        4838.69
906           4677.18        4838.68
907           4677.18        4838.68
908           4677.18        4838.68
909           4677.18        4838.68
910           4677.18        4838.68
911           4677.12        4838.67
912           4677.12        4838.67
913           4677.12        4838.67
914           4677.12        4838.67
915           4677.12        4838.67
916           4677.12        4838.67
917           4677.12        4838.67
918           4677.12        4838.67
919           4677.12        4838.67
920           4677.12        4838.67
921           4677.12        4838.67
922           4677.12        4838.67
923           4677.12        4838.67
924           4677.12        4838.67
925           4677.12        4838.67
926           4677.12        4838.67
927           4677.12        4838.67
928           4677.12        4838.67
929           4677.12        4838.66
930           4677.12        4838.66
931           4677.12        4838.66
932           4677.12        4838.66
933           4677.12        4838.66
934           4677.12        4838.65
935           4677.12        4838.65
936           4677.12        4838.65
937           4677.12        4838.65
938           4677.12        4838.65
939           4677.12        4838.65
940           4677.12        4838.65
941           4677.12        4838.65
942           4677.12        4838.65
943           4677.12        4838.65
944           4677.12        4838.65
945           4677.12        4838.65
946           4677.12        4838.65
947           4677.12        4838.65
948           4677.12        4838.65
949           4677.12        4838.65
950           4677.12        4838.65
951           4677.12        4838.65
952           4677.12        4838.65
953           4677.12        4838.65
954           4677.12        4838.65
955           4677.12        4838.65
956           4677.12        4838.65
957           4677.12        4838.65
958           4677.11        4838.65
959           4677.11        4838.65
960           4677.11        4838.65
961           4677.11        4838.64
962           4677.11        4838.64
963           4677.11        4838.64
964           4677.11        4838.64
965           4677.11        4838.64
966           4677.11        4838.64
967           4677.11        4838.64
968           4677.11        4838.64
969           4677.11        4838.64
970           4677.11        4838.64
971           4677.11        4838.64
972           4677.11        4838.64
973           4677.11        4838.64
974           4677.11        4838.64
975           4677.11        4838.64
976           4677.11        4838.64
977           4677.11        4838.64
978           4677.11        4838.64
979           4677.11        4838.64
980           4677.11        4838.64
981            4677.1        4838.63
982            4677.1        4838.63
983            4677.1        4838.63
984            4677.1        4838.63
985            4677.1        4838.63
986            4677.1        4838.63
987            4677.1        4838.63
988            4677.1        4838.63
989            4677.1        4838.63
990            4677.1        4838.63
991            4677.1        4838.63
992            4677.1        4838.62
993            4677.1        4838.62
994            4677.1        4838.62
995            4677.1        4838.62
996            4677.1        4838.62
997            4677.1        4838.62
998            4677.1        4838.62
999            4677.1        4838.62
1000            4677.1        4838.62
1001            4677.1        4838.62
1002            4677.1        4838.62
1003            4677.1        4838.62
1004            4677.1        4838.62
1005            4677.1        4838.61
1006            4677.1        4838.61
1007            4677.1         4838.6
1008            4677.1         4838.6
1009            4677.1         4838.6
1010            4677.1         4838.6
1011            4677.1         4838.6
1012            4677.1         4838.6
1013            4677.1         4838.6
1014            4677.1         4838.6
1015            4677.1         4838.6
1016            4677.1         4838.6
1017            4677.1         4838.6
1018            4677.1         4838.6
1019            4677.1         4838.6
1020            4677.1         4838.6
1021           4677.05        4838.59
1022           4677.05        4838.59
1023           4677.05        4838.59
1024           4677.05        4838.59
1025           4677.05        4838.58
1026           4677.05        4838.58
1027           4677.05        4838.58
1028           4677.05        4838.58
1029           4677.05        4838.58
1030           4677.05        4838.58
1031           4677.05        4838.58
1032           4677.05        4838.58
1033           4677.05        4838.58
1034           4677.05        4838.58
1035           4677.05        4838.58
1036           4677.05        4838.58
1037           4677.05        4838.58
1038           4677.05        4838.58
1039           4677.05        4838.58
1040           4677.05        4838.58
1041           4677.05        4838.58
1042           4677.05        4838.58
1043           4677.05        4838.58
1044           4677.05        4838.58
1045           4677.05        4838.58
1046           4677.05        4838.57
1047           4677.05        4838.57
1048           4677.05        4838.57
1049           4677.05        4838.57
1050           4677.05        4838.57
1051           4677.05        4838.57
1052           4677.05        4838.57
1053           4677.05        4838.57
1054           4677.05        4838.57
1055           4677.05        4838.57
1056           4677.05        4838.57
1057           4677.05        4838.57
1058           4677.05        4838.57
1059           4677.05        4838.57
1060           4677.05        4838.57
1061           4677.05        4838.57
1062           4677.05        4838.57
1063           4677.05        4838.57
1064           4677.05        4838.57
1065           4677.05        4838.57
1066           4677.05        4838.57
1067           4677.05        4838.57
1068           4677.05        4838.57
1069           4677.05        4838.57
1070           4677.05        4838.57
1071           4677.05        4838.57
1072           4677.05        4838.57
1073           4677.05        4838.57
1074           4677.05        4838.57
1075           4677.05        4838.57
1076           4677.05        4838.57
1077           4677.05        4838.57
1078           4677.05        4838.57
1079           4677.05        4838.57
1080           4677.05        4838.56
1081           4677.05        4838.56
1082           4677.05        4838.56
1083           4677.05        4838.56
1084           4677.05        4838.56
1085           4677.05        4838.56
1086           4677.05        4838.56
1087           4677.05        4838.55
1088           4677.05        4838.55
1089           4677.05        4838.55
1090           4677.05        4838.55
1091           4677.05        4838.55
1092           4677.05        4838.55
1093           4677.05        4838.55
1094           4677.05        4838.55
1095           4677.05        4838.55
1096           4677.05        4838.55
1097           4677.05        4838.55
1098           4677.05        4838.55
1099           4677.05        4838.55
1100           4677.05        4838.55
1101           4677.05        4838.55
1102           4677.05        4838.55
1103           4677.05        4838.55
1104           4677.05        4838.54
1105           4677.05        4838.54
1106           4677.05        4838.54
1107           4677.05        4838.54
1108           4677.05        4838.54
1109           4677.05        4838.54
1110           4677.05        4838.54
1111           4677.05        4838.54
1112           4677.05        4838.54
1113           4677.05        4838.54
1114           4677.05        4838.54
1115           4677.05        4838.54
1116           4677.05        4838.54
1117           4677.05        4838.54
1118           4677.05        4838.54
1119           4677.05        4838.54
1120           4677.05        4838.54
1121           4677.05        4838.54
1122           4677.05        4838.54
1123           4677.05        4838.54
1124           4677.05        4838.54
1125           4677.05        4838.54
1126           4677.05        4838.54
1127           4677.05        4838.54
1128           4677.05        4838.54
1129           4677.05        4838.54
1130           4677.05        4838.54
1131           4677.05        4838.54
1132           4677.05        4838.53
1133           4677.05        4838.53
1134           4677.05        4838.53
1135           4677.05        4838.53
1136           4677.05        4838.53
1137           4677.05        4838.53
1138           4677.05        4838.53
1139           4677.05        4838.52
1140           4677.05        4838.52
1141           4677.05        4838.52
1142           4677.05        4838.52
1143           4677.05        4838.52
1144           4677.05        4838.52
1145           4677.05        4838.52
1146           4677.05        4838.52
1147           4677.05        4838.52
1148           4677.05        4838.52
1149           4677.05        4838.52
1150           4677.05        4838.52
1151           4677.05        4838.52
1152           4677.05        4838.52
1153           4677.05        4838.52
1154           4677.05        4838.52
1155           4677.05        4838.52
1156           4677.05        4838.52
1157           4677.05        4838.52
1158           4677.05        4838.52
1159           4677.05        4838.52
1160           4677.05        4838.52
1161           4677.05        4838.52
1162           4677.05        4838.52
1163           4677.05        4838.52
1164           4677.05        4838.52
1165           4677.05        4838.52
1166           4677.05        4838.52
1167           4677.05        4838.52
1168           4677.05        4838.52
1169           4677.05        4838.52
1170           4677.05        4838.52
1171           4677.05        4838.52
1172           4677.05        4838.51
1173           4677.05        4838.51
1174           4677.05        4838.51
1175           4677.05        4838.51
1176           4677.05        4838.51
1177           4677.05        4838.51
1178           4677.05        4838.51
1179           4677.05        4838.51
1180           4677.05        4838.51
1181           4677.05        4838.51
1182           4677.05        4838.51
1183           4677.05        4838.51
1184           4677.05        4838.51
1185           4677.05        4838.51
1186           4677.05        4838.51
1187           4677.05        4838.51
1188           4677.05         4838.5
1189           4677.05         4838.5
1190           4677.05         4838.5
1191           4677.05         4838.5
1192           4677.05        4838.49
1193           4677.05        4838.49
1194           4677.05        4838.49
1195           4677.05        4838.49
1196           4677.05        4838.49
1197           4677.05        4838.49
1198           4677.05        4838.49
1199           4677.05        4838.49
1200           4677.05        4838.49
1201           4677.05        4838.49
1202           4677.05        4838.49
1203           4677.05        4838.49
1204           4677.05        4838.49
1205           4677.05        4838.49
1206           4677.05        4838.49
1207           4677.05        4838.49
1208           4677.05        4838.49
1209           4677.05        4838.49
1210           4677.05        4838.49
1211           4677.05        4838.49
1212           4677.05        4838.48
1213           4677.05        4838.48
1214           4677.05        4838.48
1215           4677.05        4838.48
1216           4677.05        4838.48
1217           4677.05        4838.48
1218           4677.05        4838.48
1219           4677.05        4838.48
1220           4677.05        4838.48
1221           4677.05        4838.48
1222           4677.05        4838.48
1223           4677.05        4838.48
1224           4677.05        4838.48
1225           4677.05        4838.48
1226           4677.05        4838.48
1227           4677.05        4838.48
1228           4677.05        4838.48
1229           4677.05        4838.48
1230           4677.05        4838.48
1231           4677.05        4838.48
1232           4677.05        4838.48
1233           4677.05        4838.48
1234           4677.05        4838.48
1235           4677.05        4838.48
1236           4677.05        4838.48
1237           4677.05        4838.48
1238           4677.05        4838.48
1239           4677.05        4838.48
1240           4677.05        4838.48
1241           4677.05        4838.48
1242           4677.05        4838.47
1243           4677.05        4838.47
1244           4677.05        4838.47
1245           4677.05        4838.47
1246           4677.05        4838.47
1247           4677.05        4838.47
1248           4677.05        4838.47
1249           4677.05        4838.47
1250           4677.05        4838.47
1251           4677.05        4838.47
1252           4677.05        4838.47
1253           4677.05        4838.47
1254           4677.05        4838.47
1255           4677.05        4838.47
1256           4677.05        4838.47
1257           4677.05        4838.47
1258           4677.05        4838.47
1259           4677.05        4838.47
1260           4677.05        4838.47
1261           4677.05        4838.47
1262           4677.05        4838.47
1263           4677.05        4838.47
1264           4677.05        4838.47
1265           4677.05        4838.47
1266           4677.05        4838.47
1267           4677.05        4838.47
1268           4677.05        4838.47
1269           4677.05        4838.47
1270           4677.05        4838.47
1271           4677.05        4838.47
1272           4677.05        4838.47
1273           4677.05        4838.47
1274           4677.05        4838.47
1275           4677.05        4838.47
1276           4677.05        4838.47
1277           4677.05        4838.47
1278           4677.05        4838.46
1279           4677.05        4838.46
1280           4677.05        4838.46
1281           4677.05        4838.46
1282           4677.05        4838.46
1283           4677.05        4838.46
1284           4677.05        4838.46
1285           4677.05        4838.46
1286           4677.05        4838.46
1287           4677.05        4838.46
1288           4677.05        4838.46
1289           4677.05        4838.46
1290           4677.05        4838.46
1291           4677.05        4838.46
1292           4677.05        4838.46
1293           4677.05        4838.46
1294           4677.05        4838.46
1295           4677.05        4838.46
1296           4677.05        4838.46
1297           4677.05        4838.46
1298           4677.05        4838.46
1299           4677.05        4838.46
1300           4677.05        4838.46
1301           4677.05        4838.46
1302           4677.05        4838.46
1303           4677.05        4838.46
1304           4677.05        4838.46
1305           4677.05        4838.46
1306           4677.05        4838.46
1307           4677.05        4838.46
1308           4677.05        4838.46
1309           4677.05        4838.46
1310           4677.05        4838.46
1311           4677.05        4838.46
1312           4677.05        4838.46
1313           4677.05        4838.46
1314           4677.05        4838.46
1315           4677.05        4838.46
1316           4677.05        4838.46
1317           4677.05        4838.46
1318           4677.05        4838.46
1319           4677.05        4838.46
1320           4677.05        4838.46
1321           4677.05        4838.46
1322           4677.05        4838.46
1323           4677.05        4838.45
1324           4677.05        4838.45
1325           4677.05        4838.45
1326           4677.05        4838.45
1327           4677.05        4838.45
1328           4677.05        4838.45
1329           4677.05        4838.45
1330           4677.05        4838.45
1331           4677.05        4838.45
1332           4677.05        4838.45
1333           4677.05        4838.45
1334           4677.05        4838.45
1335           4677.05        4838.45
1336           4677.05        4838.45
1337           4677.05        4838.45
1338           4677.05        4838.45
1339           4677.05        4838.45
1340           4677.05        4838.45
1341           4677.05        4838.45
1342           4677.05        4838.45
1343           4677.05        4838.45
1344           4677.05        4838.44
1345           4677.05        4838.44
1346           4677.05        4838.44
1347           4677.05        4838.44
1348           4677.05        4838.44
1349           4677.05        4838.44
1350           4677.05        4838.44
1351           4677.05        4838.44
1352           4677.05        4838.44
1353           4677.05        4838.44
1354           4677.05        4838.44
1355           4677.05        4838.44
1356           4677.05        4838.43
1357           4677.05        4838.43
1358           4677.05        4838.43
1359           4677.05        4838.43
1360           4677.05        4838.43
1361           4677.05        4838.43
1362           4677.05        4838.43
1363           4677.05        4838.43
1364           4677.05        4838.43
1365           4677.05        4838.43
1366           4677.05        4838.43
1367           4677.04        4838.43
1368           4677.04        4838.43
1369           4677.04        4838.43
1370           4677.04        4838.43
1371           4677.04        4838.43
1372           4677.04        4838.43
1373           4677.04        4838.43
1374           4677.04        4838.43
1375           4677.04        4838.43
1376           4677.04        4838.43
1377           4677.04        4838.43
1378           4677.04        4838.43
1379           4677.04        4838.43
1380           4677.04        4838.43
1381           4677.04        4838.43
1382           4677.04        4838.43
1383           4677.04        4838.43
1384           4677.04        4838.43
1385           4677.04        4838.43
1386           4677.04        4838.43
1387           4677.04        4838.43
1388           4677.04        4838.43
1389           4677.04        4838.43
1390           4677.04        4838.43
1391           4677.04        4838.43
1392           4677.04        4838.43
1393           4677.04        4838.43
1394           4677.04        4838.43
1395           4677.04        4838.43
1396           4677.04        4838.43
1397           4677.04        4838.43
1398           4677.04        4838.43
1399           4677.04        4838.43
1400           4677.04        4838.43
1401           4677.04        4838.43
1402           4677.04        4838.42
1403           4677.04        4838.42
1404           4677.04        4838.42
1405           4677.04        4838.42
1406           4677.04        4838.42
1407           4677.04        4838.42
1408           4677.04        4838.42
1409           4677.04        4838.42
1410           4677.04        4838.42
1411           4677.04        4838.42
1412           4677.04        4838.42
1413           4677.04        4838.42
1414           4677.04        4838.42
1415           4677.04        4838.42
1416           4677.04        4838.42
1417           4677.04        4838.42
1418           4677.04        4838.42
1419           4677.04        4838.42
1420           4677.04        4838.42
1421           4677.04        4838.42
1422           4677.04        4838.42
1423           4677.04        4838.41
1424           4677.04        4838.41
1425           4677.04        4838.41
1426           4677.04        4838.41
1427           4677.04        4838.41
1428           4677.04        4838.41
1429           4677.04        4838.41
1430           4677.04        4838.41
1431           4677.04        4838.41
1432           4677.04        4838.41
1433           4677.04        4838.41
1434           4677.04        4838.41
1435           4677.04        4838.41
1436           4677.04        4838.41
1437           4677.04        4838.41
1438           4677.04        4838.41
1439           4677.04        4838.41
1440           4677.04        4838.41
1441           4677.04        4838.41
1442           4677.04        4838.41
1443           4677.04        4838.41
1444           4677.04        4838.41
1445           4677.03        4838.41
1446           4677.03        4838.41
1447           4677.03        4838.41
1448           4677.03        4838.41
1449           4677.03        4838.41
1450           4677.03        4838.41
1451           4677.03        4838.41
1452           4677.03        4838.41
1453           4677.03         4838.4
1454           4677.03         4838.4
1455           4677.03         4838.4
1456           4677.03         4838.4
1457           4677.03         4838.4
1458           4677.03         4838.4
1459           4677.03         4838.4
1460           4677.03         4838.4
1461           4677.03         4838.4
1462           4677.03         4838.4
1463           4677.03         4838.4
1464           4677.03         4838.4
1465           4677.03         4838.4
1466           4677.03         4838.4
1467           4677.03         4838.4
1468           4677.03         4838.4
1469           4677.03         4838.4
1470           4677.03         4838.4
1471           4677.03         4838.4
1472           4677.03         4838.4
1473           4677.03         4838.4
1474           4677.03         4838.4
1475           4677.03         4838.4
1476           4677.03         4838.4
1477           4677.03         4838.4
1478           4677.03         4838.4
1479           4677.03         4838.4
1480           4677.03         4838.4
1481           4677.03         4838.4
1482           4677.03         4838.4
1483           4677.03         4838.4
1484           4677.03         4838.4
1485           4677.03         4838.4
1486           4677.03         4838.4
1487           4677.03         4838.4
1488           4677.03         4838.4
1489           4677.03         4838.4
1490           4677.03         4838.4
1491           4677.03         4838.4
1492           4677.03         4838.4
1493           4677.03         4838.4
1494           4677.03         4838.4
1495           4677.03         4838.4
1496           4677.03         4838.4
1497           4677.03         4838.4
1498           4677.03         4838.4
1499           4677.03         4838.4
1500           4677.03         4838.4
1501           4677.03         4838.4
1502           4677.03         4838.4
1503           4677.03         4838.4
1504           4677.03         4838.4
1505           4677.03         4838.4
1506           4677.03         4838.4
1507           4677.03        4838.39
1508           4677.03        4838.39
1509           4677.03        4838.39
1510           4677.03        4838.39
1511           4677.03        4838.39
1512           4677.03        4838.39
1513           4677.03        4838.39
1514           4677.03        4838.39
1515           4677.03        4838.39
1516           4677.03        4838.39
1517           4677.03        4838.39
1518           4677.03        4838.39
1519           4677.03        4838.39
1520           4677.03        4838.39
1521           4677.03        4838.39
1522           4677.03        4838.39
1523           4677.03        4838.39
1524           4677.03        4838.39
1525           4677.03        4838.39
1526           4677.03        4838.39
1527           4677.03        4838.39
1528           4677.03        4838.39
1529           4677.03        4838.39
1530           4677.03        4838.39
1531           4677.03        4838.39
1532           4677.03        4838.39
1533           4677.03        4838.39
1534           4677.03        4838.39
1535           4677.03        4838.39
1536           4677.03        4838.39
1537           4677.03        4838.39
1538           4677.03        4838.39
1539           4677.03        4838.39
1540           4677.03        4838.39
1541           4677.03        4838.39
1542           4677.03        4838.39
1543           4677.03        4838.39
1544           4677.03        4838.39
1545           4677.03        4838.39
1546           4677.03        4838.39
1547           4677.03        4838.39
1548           4677.03        4838.39
1549           4677.03        4838.39
1550           4677.03        4838.39
1551           4677.03        4838.39
1552           4677.03        4838.39
1553           4677.03        4838.39
1554           4677.03        4838.39
1555           4677.03        4838.39
1556           4677.03        4838.39
1557           4677.03        4838.39
1558           4677.03        4838.39
1559           4677.03        4838.39
1560           4677.03        4838.38
1561           4677.03        4838.38
1562           4677.03        4838.38
1563           4677.03        4838.38
1564           4677.03        4838.38
1565           4677.03        4838.38
1566           4677.03        4838.38
1567           4677.03        4838.38
1568           4677.03        4838.38
1569           4677.03        4838.38
1570           4677.03        4838.38
1571           4677.03        4838.38
1572           4677.03        4838.38
1573           4677.03        4838.38
1574           4677.03        4838.38
1575           4677.03        4838.38
1576           4677.03        4838.38
1577           4677.03        4838.38
1578           4677.03        4838.38
1579           4677.03        4838.38
1580           4677.03        4838.38
1581           4677.03        4838.38
1582           4677.03        4838.38
1583           4677.03        4838.38
1584           4677.03        4838.38
1585           4677.03        4838.38
1586           4677.03        4838.38
1587           4677.03        4838.38
1588           4677.03        4838.38
1589           4677.03        4838.38
1590           4677.03        4838.38
1591              4677        4838.38
1592              4677        4838.38
1593              4677        4838.38
1594              4677        4838.38
1595              4677        4838.38
1596              4677        4838.38
1597              4677        4838.38
1598              4677        4838.38
1599              4677        4838.38
1600              4677        4838.38
1601              4677        4838.38
1602              4677        4838.38
1603              4677        4838.38
1604              4677        4838.38
1605              4677        4838.38
1606              4677        4838.38
1607              4677        4838.38
1608              4677        4838.38
1609              4677        4838.38
1610              4677        4838.38
1611              4677        4838.38
1612              4677        4838.38
1613              4677        4838.38
1614              4677        4838.38
1615              4677        4838.38
1616              4677        4838.38
1617              4677        4838.38
1618              4677        4838.38
1619              4677        4838.38
1620              4677        4838.38
1621              4677        4838.38
1622              4677        4838.38
1623              4677        4838.38
1624              4677        4838.38
1625              4677        4838.38
1626              4677        4838.38
1627              4677        4838.38
1628              4677        4838.38
1629              4677        4838.38
1630              4677        4838.38
1631              4677        4838.38
1632              4677        4838.38
1633              4677        4838.38
1634              4677        4838.38
1635              4677        4838.38
1636              4677        4838.38
1637              4677        4838.37
1638              4677        4838.37
1639              4677        4838.37
1640              4677        4838.37
1641              4677        4838.37
1642              4677        4838.37
1643              4677        4838.37
1644              4677        4838.37
1645              4677        4838.37
1646              4677        4838.37
1647              4677        4838.37
1648              4677        4838.37
1649              4677        4838.37
1650              4677        4838.37
1651              4677        4838.37
1652              4677        4838.37
1653              4677        4838.37
1654              4677        4838.37
1655              4677        4838.37
1656              4677        4838.37
1657              4677        4838.37
1658              4677        4838.37
1659              4677        4838.37
1660              4677        4838.37
1661              4677        4838.37
1662              4677        4838.37
1663              4677        4838.37
1664              4677        4838.37
1665              4677        4838.37
1666              4677        4838.37
1667              4677        4838.37
1668              4677        4838.37
1669              4677        4838.37
1670              4677        4838.37
1671              4677        4838.37
1672              4677        4838.37
1673              4677        4838.37
1674              4677        4838.37
1675              4677        4838.37
1676              4677        4838.37
1677              4677        4838.37
1678              4677        4838.37
1679              4677        4838.37
1680              4677        4838.37
1681              4677        4838.37
1682              4677        4838.37
1683              4677        4838.37
1684              4677        4838.37
1685              4677        4838.37
1686              4677        4838.37
1687              4677        4838.37
1688              4677        4838.37
1689              4677        4838.37
1690              4677        4838.37
1691              4677        4838.37
1692              4677        4838.37
1693              4677        4838.37
1694              4677        4838.37
1695              4677        4838.37
1696              4677        4838.37
1697              4677        4838.37
1698              4677        4838.37
1699              4677        4838.37
1700              4677        4838.37
1701              4677        4838.37
1702              4677        4838.37
1703              4677        4838.37
1704              4677        4838.37
1705              4677        4838.37
1706              4677        4838.37
1707              4677        4838.37
1708              4677        4838.37
1709              4677        4838.37
1710              4677        4838.37
1711              4677        4838.37
1712              4677        4838.37
1713              4677        4838.37
1714              4677        4838.37
1715              4677        4838.37
1716              4677        4838.37
1717              4677        4838.37
1718              4677        4838.37
1719              4677        4838.37
1720              4677        4838.37
1721              4677        4838.37
1722              4677        4838.37
1723              4677        4838.37
1724              4677        4838.37
1725              4677        4838.37
1726              4677        4838.37
1727              4677        4838.37
1728              4677        4838.37
1729              4677        4838.37
1730              4677        4838.37
1731              4677        4838.37
1732              4677        4838.36
1733              4677        4838.36
1734              4677        4838.36
1735              4677        4838.36
1736              4677        4838.36
1737              4677        4838.36
1738              4677        4838.36
1739              4677        4838.36
1740              4677        4838.36
1741              4677        4838.36
1742              4677        4838.36
1743              4677        4838.36
1744              4677        4838.36
1745              4677        4838.36
1746              4677        4838.36
1747              4677        4838.36
1748              4677        4838.36
1749              4677        4838.36
1750              4677        4838.36
1751              4677        4838.36
1752              4677        4838.36
1753              4677        4838.36
1754              4677        4838.36
1755              4677        4838.36
1756              4677        4838.36
1757              4677        4838.36
1758              4677        4838.36
1759              4677        4838.36
1760              4677        4838.36
1761              4677        4838.36
1762              4677        4838.36
1763              4677        4838.36
1764              4677        4838.36
1765              4677        4838.36
1766              4677        4838.36
1767              4677        4838.36
1768              4677        4838.36
1769              4677        4838.36
1770              4677        4838.36
1771              4677        4838.36
1772              4677        4838.36
1773              4677        4838.36
1774              4677        4838.36
1775              4677        4838.36
1776              4677        4838.36
1777              4677        4838.36
1778              4677        4838.36
1779              4677        4838.36
1780              4677        4838.36
1781              4677        4838.36
1782              4677        4838.36
1783              4677        4838.36
1784              4677        4838.36
1785              4677        4838.36
1786              4677        4838.36
1787              4677        4838.36
1788              4677        4838.36
1789              4677        4838.36
1790              4677        4838.35
1791              4677        4838.35
1792              4677        4838.35
1793              4677        4838.35
1794              4677        4838.35
1795              4677        4838.35
1796              4677        4838.35
1797              4677        4838.35
1798              4677        4838.35
1799              4677        4838.35
1800              4677        4838.35
1801              4677        4838.35
1802              4677        4838.35
1803              4677        4838.35
1804              4677        4838.35
1805              4677        4838.35
1806              4677        4838.35
1807              4677        4838.35
1808              4677        4838.35
1809              4677        4838.35
1810              4677        4838.35
1811              4677        4838.35
1812              4677        4838.35
1813              4677        4838.35
1814              4677        4838.35
1815              4677        4838.35
1816              4677        4838.35
1817              4677        4838.35
1818              4677        4838.35
1819              4677        4838.35
1820              4677        4838.35
1821              4677        4838.35
1822              4677        4838.35
1823              4677        4838.35
1824              4677        4838.35
1825              4677        4838.35
1826              4677        4838.35
1827              4677        4838.35
1828              4677        4838.34
1829              4677        4838.34
1830              4677        4838.34
1831              4677        4838.34
1832              4677        4838.34
1833              4677        4838.34
1834              4677        4838.34
1835              4677        4838.34
1836              4677        4838.34
1837              4677        4838.34
1838              4677        4838.34
1839              4677        4838.34
1840              4677        4838.34
1841              4677        4838.34
1842              4677        4838.34
1843              4677        4838.34
1844              4677        4838.34
1845              4677        4838.34
1846              4677        4838.34
1847              4677        4838.34
1848              4677        4838.34
1849              4677        4838.34
1850              4677        4838.34
1851              4677        4838.34
1852              4677        4838.34
1853              4677        4838.34
1854              4677        4838.34
1855              4677        4838.34
1856              4677        4838.34
1857              4677        4838.34
1858              4677        4838.34
1859              4677        4838.34
1860              4677        4838.34
1861              4677        4838.34
1862              4677        4838.34
1863              4677        4838.34
1864              4677        4838.34
1865              4677        4838.34
1866              4677        4838.34
1867              4677        4838.34
1868              4677        4838.34
1869              4677        4838.34
1870              4677        4838.34
1871              4677        4838.34
1872              4677        4838.34
1873              4677        4838.34
1874              4677        4838.34
1875              4677        4838.34
1876              4677        4838.34
1877              4677        4838.34
1878              4677        4838.34
1879              4677        4838.34
1880              4677        4838.34
1881              4677        4838.34
1882              4677        4838.34
1883              4677        4838.34
1884              4677        4838.34
1885              4677        4838.34
1886              4677        4838.34
1887              4677        4838.34
1888              4677        4838.34
1889              4677        4838.34
1890              4677        4838.34
1891              4677        4838.34
1892              4677        4838.34
1893              4677        4838.34
1894              4677        4838.34
1895              4677        4838.34
1896              4677        4838.34
1897              4677        4838.34
1898              4677        4838.34
1899              4677        4838.34
1900              4677        4838.34
1901              4677        4838.34
1902              4677        4838.34
1903              4677        4838.34
1904              4677        4838.34
1905              4677        4838.34
1906              4677        4838.34
1907              4677        4838.34
1908              4677        4838.34
1909              4677        4838.34
1910              4677        4838.33
1911              4677        4838.33
1912              4677        4838.33
1913              4677        4838.33
1914              4677        4838.33
1915              4677        4838.33
1916              4677        4838.33
1917              4677        4838.33
1918              4677        4838.33
1919              4677        4838.33
1920              4677        4838.33
1921              4677        4838.33
1922              4677        4838.33
1923              4677        4838.33
1924              4677        4838.33
1925              4677        4838.33
1926              4677        4838.33
1927              4677        4838.33
1928              4677        4838.33
1929              4677        4838.33
1930              4677        4838.33
1931              4677        4838.33
1932              4677        4838.33
1933              4677        4838.33
1934              4677        4838.33
1935              4677        4838.33
1936              4677        4838.33
1937              4677        4838.33
1938              4677        4838.33
1939              4677        4838.33
1940              4677        4838.33
1941              4677        4838.33
1942              4677        4838.33
1943              4677        4838.33
1944              4677        4838.33
1945              4677        4838.33
1946              4677        4838.33
1947              4677        4838.33
1948              4677        4838.33
1949              4677        4838.33
1950              4677        4838.33
1951              4677        4838.33
1952              4677        4838.33
1953              4677        4838.33
1954              4677        4838.33
1955              4677        4838.33
1956              4677        4838.33
1957              4677        4838.33
1958              4677        4838.33
1959              4677        4838.33
1960              4677        4838.33
1961              4677        4838.33
1962              4677        4838.33
1963              4677        4838.33
1964              4677        4838.33
1965              4677        4838.33
1966              4677        4838.33
1967              4677        4838.33
1968              4677        4838.33
1969              4677        4838.33
1970              4677        4838.33
1971              4677        4838.33
1972              4677        4838.33
1973              4677        4838.33
1974              4677        4838.33
1975              4677        4838.33
1976              4677        4838.33
1977              4677        4838.33
1978              4677        4838.33
1979              4677        4838.33
1980              4677        4838.33
1981              4677        4838.33
1982              4677        4838.33
1983              4677        4838.33
1984              4677        4838.33
1985              4677        4838.33
1986              4677        4838.33
1987              4677        4838.33
1988              4677        4838.33
1989              4677        4838.33
1990              4677        4838.33
1991              4677        4838.33
1992              4677        4838.33
1993              4677        4838.33
1994              4677        4838.33
1995              4677        4838.33
1996              4677        4838.33
1997              4677        4838.33
1998              4677        4838.33
1999              4677        4838.33
2000              4677        4838.33
2001              4677        4838.33
2002              4677        4838.33
2003              4677        4838.33
2004              4677        4838.33
2005              4677        4838.33
2006              4677        4838.33
2007              4677        4838.33
2008              4677        4838.33
2009              4677        4838.33
2010              4677        4838.33
2011              4677        4838.33
2012              4677        4838.33
2013              4677        4838.33
2014              4677        4838.33
2015              4677        4838.33
2016              4677        4838.33
2017              4677        4838.33
2018              4677        4838.33
2019              4677        4838.33
2020              4677        4838.33
2021              4677        4838.33
2022              4677        4838.33
2023              4677        4838.33
2024              4677        4838.33
2025              4677        4838.33
2026              4677        4838.33
2027              4677        4838.33
2028              4677        4838.33
2029              4677        4838.33
2030              4677        4838.33
2031              4677        4838.33
2032              4677        4838.33
2033              4677        4838.33
2034              4677        4838.33
2035              4677        4838.33
2036              4677        4838.33
2037              4677        4838.33
2038              4677        4838.33
2039              4677        4838.33
2040              4677        4838.33
2041              4677        4838.33
2042              4677        4838.33
2043              4677        4838.33
2044              4677        4838.33
2045              4677        4838.33
2046              4677        4838.33
2047              4677        4838.33
2048              4677        4838.33
2049              4677        4838.33
2050              4677        4838.33
2051              4677        4838.33
2052              4677        4838.33
2053              4677        4838.33
2054              4677        4838.33
2055              4677        4838.33
2056              4677        4838.33
2057              4677        4838.33
2058              4677        4838.33
2059              4677        4838.33
2060              4677        4838.33
2061              4677        4838.33
2062              4677        4838.33
2063              4677        4838.33
2064              4677        4838.33
2065              4677        4838.33
2066              4677        4838.33
2067              4677        4838.33
2068              4677        4838.33
2069              4677        4838.33
2070              4677        4838.33
2071              4677        4838.33
2072              4677        4838.33
2073              4677        4838.33
2074              4677        4838.33
2075              4677        4838.33
2076              4677        4838.33
2077              4677        4838.33
2078              4677        4838.33
2079              4677        4838.33
2080              4677        4838.33
2081              4677        4838.33
2082              4677        4838.33
2083              4677        4838.33
2084              4677        4838.33
2085              4677        4838.33
2086              4677        4838.33
2087              4677        4838.33
2088              4677        4838.33
2089              4677        4838.33
2090              4677        4838.33
2091              4677        4838.33
2092              4677        4838.33
2093              4677        4838.33
2094              4677        4838.33
2095              4677        4838.33
2096              4677        4838.33
2097              4677        4838.33
2098              4677        4838.33
2099              4677        4838.33
2100              4677        4838.33
2101              4677        4838.33
2102              4677        4838.33
2103              4677        4838.33
2104              4677        4838.33
2105              4677        4838.33
2106              4677        4838.33
2107              4677        4838.33
2108              4677        4838.33
2109              4677        4838.33
2110              4677        4838.33
2111              4677        4838.33
2112              4677        4838.33
2113              4677        4838.33
2114              4677        4838.33
2115              4677        4838.33
2116              4677        4838.33
2117              4677        4838.33
2118              4677        4838.33
2119              4677        4838.33
2120              4677        4838.33
2121              4677        4838.33
2122              4677        4838.33
2123              4677        4838.33
2124              4677        4838.33
2125              4677        4838.33
2126              4677        4838.33
2127              4677        4838.33
2128              4677        4838.33
2129              4677        4838.33
2130              4677        4838.33
2131              4677        4838.33
2132              4677        4838.33
2133              4677        4838.33
2134              4677        4838.33
2135              4677        4838.33
2136              4677        4838.33
2137              4677        4838.33
2138              4677        4838.33
2139              4677        4838.33
2140              4677        4838.33
2141              4677        4838.33
2142              4677        4838.33
2143              4677        4838.33
2144              4677        4838.33
2145              4677        4838.33
2146              4677        4838.33
2147              4677        4838.33
2148              4677        4838.33
2149              4677        4838.33
2150              4677        4838.33
2151              4677        4838.33
2152              4677        4838.33
2153              4677        4838.33
2154              4677        4838.33
2155              4677        4838.33
2156              4677        4838.33
2157              4677        4838.33
2158              4677        4838.33
2159              4677        4838.33
2160              4677        4838.33
2161              4677        4838.33
2162              4677        4838.33
2163              4677        4838.33
2164              4677        4838.33
2165              4677        4838.33
2166              4677        4838.33
2167              4677        4838.33
2168              4677        4838.33
2169              4677        4838.33
2170              4677        4838.33
2171              4677        4838.33
2172              4677        4838.33
2173              4677        4838.33
2174              4677        4838.33
2175              4677        4838.33
2176              4677        4838.33
2177              4677        4838.33
2178              4677        4838.33
2179              4677        4838.33
2180              4677        4838.33
2181              4677        4838.33
2182              4677        4838.33
2183              4677        4838.33
2184              4677        4838.33
2185              4677        4838.33
2186              4677        4838.33
2187              4677        4838.33
2188              4677        4838.33
2189              4677        4838.33
2190              4677        4838.33
2191              4677        4838.33
2192              4677        4838.33
2193              4677        4838.33
2194              4677        4838.33
2195              4677        4838.33
2196              4677        4838.33
2197              4677        4838.33
2198              4677        4838.33
2199              4677        4838.33
2200              4677        4838.33
2201              4677        4838.33
2202              4677        4838.32
2203              4677        4838.32
2204              4677        4838.32
2205              4677        4838.32
2206              4677        4838.32
2207              4677        4838.32
2208              4677        4838.32
2209              4677        4838.32
2210              4677        4838.32
2211              4677        4838.32
2212              4677        4838.32
2213              4677        4838.32
2214              4677        4838.32
2215              4677        4838.32
2216              4677        4838.32
2217              4677        4838.32
2218              4677        4838.32
2219              4677        4838.32
2220              4677        4838.32
2221              4677        4838.32
2222              4677        4838.32
2223              4677        4838.32
2224              4677        4838.32
2225              4677        4838.32
2226              4677        4838.32
2227              4677        4838.32
2228              4677        4838.32
2229              4677        4838.32
2230              4677        4838.32
2231              4677        4838.32
2232              4677        4838.32
2233              4677        4838.32
2234              4677        4838.32
2235              4677        4838.32
2236              4677        4838.32
2237              4677        4838.32
2238              4677        4838.32
2239              4677        4838.32
2240              4677        4838.32
2241              4677        4838.32
2242              4677        4838.32
2243              4677        4838.32
2244              4677        4838.32
2245              4677        4838.32
2246              4677        4838.32
2247              4677        4838.32
2248              4677        4838.32
2249              4677        4838.32
2250              4677        4838.32
2251              4677        4838.32
2252              4677        4838.32
2253              4677        4838.32
2254              4677        4838.32
2255              4677        4838.32
2256              4677        4838.32
2257              4677        4838.32
2258              4677        4838.32
2259              4677        4838.32
2260              4677        4838.32
2261              4677        4838.32
2262              4677        4838.32
2263              4677        4838.32
2264              4677        4838.32
2265              4677        4838.32
2266              4677        4838.32
2267              4677        4838.32
2268              4677        4838.32
2269              4677        4838.32
2270              4677        4838.32
2271              4677        4838.32
2272              4677        4838.32
2273              4677        4838.32
2274              4677        4838.32
2275              4677        4838.32
2276              4677        4838.32
2277              4677        4838.32
2278              4677        4838.32
2279              4677        4838.32
2280              4677        4838.32
2281              4677        4838.32
2282              4677        4838.32
2283              4677        4838.32
2284              4677        4838.32
2285              4677        4838.32
2286              4677        4838.32
2287              4677        4838.32
2288              4677        4838.32
2289              4677        4838.32
2290              4677        4838.32
2291              4677        4838.32
2292              4677        4838.32
2293              4677        4838.32
2294              4677        4838.32
2295              4677        4838.32
2296              4677        4838.32
2297              4677        4838.32
2298              4677        4838.32
2299              4677        4838.32
2300              4677        4838.32
2301              4677        4838.32
2302              4677        4838.32
2303              4677        4838.32
2304              4677        4838.32
2305              4677        4838.32
2306              4677        4838.32
2307              4677        4838.32
2308              4677        4838.32
2309              4677        4838.32
2310              4677        4838.32
2311              4677        4838.32
2312              4677        4838.32
2313              4677        4838.32
2314              4677        4838.32
2315              4677        4838.32
2316              4677        4838.32
2317              4677        4838.32
2318              4677        4838.32
2319              4677        4838.32
2320              4677        4838.32
2321              4677        4838.32
2322              4677        4838.32
2323              4677        4838.32
2324              4677        4838.32
2325              4677        4838.32
2326              4677        4838.32
2327              4677        4838.32
2328              4677        4838.32
2329              4677        4838.32
2330              4677        4838.32
2331              4677        4838.32
2332              4677        4838.32
2333              4677        4838.32
2334              4677        4838.32
2335              4677        4838.32
2336              4677        4838.32
2337              4677        4838.32
2338              4677        4838.32
2339              4677        4838.32
2340              4677        4838.32
2341              4677        4838.32
2342              4677        4838.32
2343              4677        4838.32
2344              4677        4838.32
2345              4677        4838.32
2346              4677        4838.32
2347              4677        4838.32
2348              4677        4838.32
2349              4677        4838.32
2350              4677        4838.32
2351              4677        4838.32
2352              4677        4838.32
2353              4677        4838.32
2354              4677        4838.32
2355              4677        4838.32
2356              4677        4838.32
2357              4677        4838.32
2358              4677        4838.32
2359              4677        4838.32
2360              4677        4838.32
2361              4677        4838.32
2362              4677        4838.32
2363              4677        4838.32
2364              4677        4838.32
2365              4677        4838.32
2366              4677        4838.32
2367              4677        4838.32
2368              4677        4838.32
2369              4677        4838.32
2370              4677        4838.32
2371              4677        4838.32
2372              4677        4838.32
2373              4677        4838.32
2374              4677        4838.32
2375              4677        4838.32
2376              4677        4838.32
2377              4677        4838.32
2378              4677        4838.32
2379              4677        4838.32
2380              4677        4838.32
2381              4677        4838.32
2382              4677        4838.32
2383              4677        4838.32
2384              4677        4838.32
2385              4677        4838.32
2386              4677        4838.32
2387              4677        4838.32
2388              4677        4838.32
2389              4677        4838.32
2390              4677        4838.32
2391              4677        4838.32
2392              4677        4838.32
2393              4677        4838.32
2394              4677        4838.32
2395              4677        4838.32
2396              4677        4838.32
2397              4677        4838.32
2398              4677        4838.32
2399              4677        4838.32
2400              4677        4838.32
2401              4677        4838.32
2402              4677        4838.32
2403              4677        4838.32
2404              4677        4838.32
2405              4677        4838.32
2406              4677        4838.32
2407              4677        4838.32
2408              4677        4838.32
2409              4677        4838.32
2410              4677        4838.32
2411              4677        4838.32
2412              4677        4838.32
2413              4677        4838.32
2414              4677        4838.32
2415              4677        4838.32
2416              4677        4838.32
2417              4677        4838.32
2418              4677        4838.32
2419              4677        4838.32
2420              4677        4838.32
2421              4677        4838.32
2422              4677        4838.32
2423              4677        4838.32
2424              4677        4838.32
2425              4677        4838.32
2426              4677        4838.32
2427              4677        4838.32
2428              4677        4838.32
2429              4677        4838.32
2430              4677        4838.32
2431              4677        4838.32
2432              4677        4838.32
2433              4677        4838.32
2434              4677        4838.32
2435              4677        4838.32
2436              4677        4838.32
2437              4677        4838.32
2438              4677        4838.32
2439              4677        4838.32
2440              4677        4838.32
2441              4677        4838.32
2442              4677        4838.32
2443              4677        4838.32
2444              4677        4838.32
2445              4677        4838.32
2446              4677        4838.32
2447              4677        4838.32
2448              4677        4838.32
2449              4677        4838.32
2450              4677        4838.32
2451              4677        4838.32
2452              4677        4838.32
2453              4677        4838.32
2454              4677        4838.32
2455              4677        4838.32
2456              4677        4838.32
2457              4677        4838.32
2458              4677        4838.32
2459              4677        4838.32
2460              4677        4838.32
2461              4677        4838.32
2462              4677        4838.32
2463              4677        4838.32
2464              4677        4838.32
2465              4677        4838.32
2466              4677        4838.32
2467              4677        4838.32
2468              4677        4838.32
2469              4677        4838.32
2470              4677        4838.32
2471              4677        4838.32
2472              4677        4838.32
2473              4677        4838.32
2474              4677        4838.32
2475              4677        4838.32
2476              4677        4838.32
2477              4677        4838.32
2478              4677        4838.32
2479              4677        4838.32
2480              4677        4838.32
2481              4677        4838.32
2482              4677        4838.32
2483              4677        4838.32
2484              4677        4838.32
2485              4677        4838.32
2486              4677        4838.32
2487              4677        4838.32
2488              4677        4838.32
2489              4677        4838.32
2490              4677        4838.32
2491              4677        4838.32
2492              4677        4838.32
2493              4677        4838.32
2494              4677        4838.32
2495              4677        4838.32
2496              4677        4838.32
2497              4677        4838.32
2498              4677        4838.32
2499              4677        4838.32
2500              4677        4838.32
