#ITER       #BEST_FO       #MEDIA_FO
1                 0    1.52904e+08
2                 0    2.54961e+07
3                 0    1.84235e+07
4                 0         917552
5                 0         559545
6                 0        30902.5
7                 0        17496.4
8                 0        10590.9
9                 0        10163.2
10                 0        9401.53
11                 0        9063.46
12                 0        9032.11
13                 0        8839.61
14                 0        8533.74
15                 0         8461.6
16                 0         8246.6
17                 0        7895.01
18                 0        7808.96
19                 0        7700.01
20                 0        7638.84
21                 0           7419
22                 0        7231.59
23                 0        7159.75
24                 0        7101.22
25                 0        7100.05
26                 0        7052.11
27                 0         6959.5
28                 0        6845.82
29                 0        6836.41
30                 0        6836.22
31                 0        6812.81
32                 0        6703.51
33                 0        6701.33
34                 0        6701.28
35                 0        6701.28
36                 0        6701.28
37                 0        6691.62
38                 0        6647.74
39                 0        6646.86
40                 0        6642.73
41                 0         6591.1
42                 0        6566.67
43                 0        6566.19
44                 0        6562.37
45                 0        6562.29
46                 0        6562.29
47                 0        6560.36
48                 0        6560.32
49                 0        6560.32
50                 0        6520.13
51                 0        6519.32
52                 0        6519.31
53                 0        6440.27
54                 0        6438.69
55                 0        6356.48
56                 0        6352.94
57                 0        6247.43
58                 0        6245.08
59                 0        6245.04
60                 0        6245.04
61                 0        6245.04
62                 0        6240.23
63                 0        6188.01
64                 0        6186.96
65                 0        6186.88
66                 0        6181.79
67                 0        6181.68
68                 0        6181.68
69                 0        6174.25
70                 0         6174.1
71                 0        6069.56
72                 0        6067.47
73                 0        6067.43
74                 0        6067.43
75                 0        6062.01
76                 0        6040.29
77                 0        6039.85
78                 0        6039.84
79                 0         6036.5
80                 0        6035.57
81                 0        6035.56
82                 0        6035.56
83                 0        6035.56
84                 0        6035.56
85                 0        6035.56
86                 0        6035.56
87                 0        6035.56
88                 0        6035.56
89                 0        6035.56
90                 0        6035.56
91                 0        6035.56
92                 0        6035.56
93                 0        6032.98
94                 0        6032.93
95                 0        6032.92
96                 0        6032.92
97                 0        6032.92
98                 0        6032.92
99                 0        6032.92
100                 0        6030.76
101                 0        6025.82
102                 0        6022.41
103                 0        6022.34
104                 0        6022.34
105                 0        6022.34
106                 0        6022.34
107                 0        6022.34
108                 0        6022.34
109                 0        5994.94
110                 0        5994.39
111                 0        5994.38
112                 0        5989.12
113                 0        5989.02
114                 0           5972
115                 0        5971.66
116                 0        5971.65
117                 0        5955.27
118                 0        5954.95
119                 0        5954.94
120                 0        5954.94
121                 0        5954.94
122                 0        5948.64
123                 0        5940.84
124                 0        5940.68
125                 0        5926.22
126                 0        5925.93
127                 0        5925.93
128                 0        5925.93
129                 0        5925.93
130                 0        5909.44
131                 0        5909.11
132                 0        5894.43
133                 0        5894.14
134                 0        5894.13
135                 0        5894.13
136                 0           5892
137                 0        5891.96
138                 0        5891.96
139                 0        5891.96
140                 0         5883.6
141                 0        5883.44
142                 0        5883.43
143                 0        5870.71
144                 0        5870.45
145                 0         5864.2
146                 0        5864.07
147                 0        5856.39
148                 0        5856.23
149                 0        5856.23
150                 0        5856.23
151                 0        5856.23
152                 0        5845.68
153                 0        5845.47
154                 0        5845.46
155                 0        5845.46
156                 0        5845.46
157                 0        5845.46
158                 0        5845.46
159                 0        5845.46
160                 0        5845.46
161                 0        5845.46
162                 0        5845.46
163                 0        5842.74
164                 0        5842.68
165                 0        5842.68
166                 0        5842.68
167                 0        5842.68
168                 0        5842.68
169                 0        5842.68
170                 0        5842.68
171                 0        5842.68
172                 0        5842.68
173                 0        5842.68
174                 0        5842.68
175                 0        5842.68
176                 0        5842.68
177                 0        5842.68
178                 0        5842.68
179                 0        5840.99
180                 0        5835.96
181                 0        5835.86
182                 0        5831.59
183                 0         5831.5
184                 0         5831.5
185                 0         5831.5
186                 0         5831.5
187                 0         5831.5
188                 0         5831.5
189                 0        5830.88
190                 0        5830.86
191                 0        5830.86
192                 0        5830.86
193                 0        5830.86
194                 0        5830.86
195                 0        5830.86
196                 0        5830.86
197                 0        5829.18
198                 0        5829.15
199                 0        5829.15
200                 0        5829.15
201                 0        5829.15
202                 0         5825.8
203                 0        5814.56
204                 0        5814.33
205                 0        5814.33
206                 0        5814.33
207                 0        5814.33
208                 0        5814.33
209                 0        5814.33
210                 0        5814.33
211                 0        5814.33
212                 0        5814.33
213                 0        5814.33
214                 0        5814.33
215                 0        5814.33
216                 0        5814.33
217                 0        5814.33
218                 0        5814.33
219                 0        5814.33
220                 0        5814.33
221                 0        5814.33
222                 0        5814.33
223                 0        5814.33
224                 0        5814.33
225                 0        5814.33
226                 0        5814.33
227                 0        5814.33
228                 0        5814.33
229                 0        5814.33
230                 0        5814.33
231                 0        5814.33
232                 0        5814.33
233                 0        5814.33
234                 0        5814.33
235                 0        5814.33
236                 0        5814.33
237                 0        5814.33
238                 0        5814.33
239                 0        5814.33
240                 0        5814.33
241                 0        5811.49
242                 0        5811.43
243                 0        5807.91
244                 0        5807.84
245                 0        5807.83
246                 0        5807.83
247                 0        5807.83
248                 0        5807.83
249                 0        5807.83
250                 0        5807.83
251                 0        5807.83
252                 0        5807.83
253                 0        5807.83
254                 0        5807.83
255                 0        5807.83
256                 0        5807.83
257                 0        5807.83
258                 0        5807.83
259                 0        5807.83
260                 0        5807.83
261                 0        5807.35
262                 0        5807.34
263                 0        5807.34
264                 0        5807.34
265                 0        5807.34
266                 0        5807.34
267                 0        5807.34
268                 0        5807.34
269                 0        5803.65
270                 0        5803.57
271                 0        5803.57
272                 0        5802.09
273                 0        5802.06
274                 0        5802.06
275                 0        5802.06
276                 0        5802.06
277                 0        5802.06
278                 0        5802.06
279                 0        5802.06
280                 0        5802.06
281                 0        5802.06
282                 0        5795.89
283                 0        5795.77
284                 0        5795.77
285                 0        5795.77
286                 0        5795.77
287                 0        5795.77
288                 0        5795.77
289                 0        5795.77
290                 0        5795.77
291                 0        5795.77
292                 0        5778.49
293                 0        5778.14
294                 0        5778.13
295                 0        5778.13
296                 0        5778.13
297                 0        5778.13
298                 0        5778.13
299                 0        5778.13
300                 0        5778.13
301                 0        5761.63
302                 0         5761.3
303                 0        5761.29
304                 0        5761.29
305                 0        5761.29
306                 0        5761.29
307                 0        5756.37
308                 0        5756.27
309                 0        5756.26
310                 0        5756.26
311                 0        5756.26
312                 0        5756.26
313                 0        5756.26
314                 0        5756.26
315                 0        5756.26
316                 0        5756.26
317                 0        5756.26
318                 0        5756.26
319                 0        5756.26
320                 0        5756.26
321                 0        5756.26
322                 0        5756.26
323                 0        5756.26
324                 0        5756.26
325                 0        5756.26
326                 0        5756.26
327                 0        5756.26
328                 0        5756.26
329                 0        5756.26
330                 0        5756.26
331                 0        5756.26
332                 0        5756.26
333                 0        5756.26
334                 0        5756.26
335                 0        5756.26
336                 0        5756.26
337                 0        5755.28
338                 0        5755.26
339                 0        5755.26
340                 0        5755.26
341                 0        5755.26
342                 0        5755.26
343                 0        5755.26
344                 0        5755.26
345                 0        5755.26
346                 0        5749.53
347                 0        5749.41
348                 0        5746.56
349                 0         5746.5
350                 0         5746.5
351                 0         5746.5
352                 0         5746.5
353                 0         5746.5
354                 0         5746.5
355                 0         5746.5
356                 0         5746.5
357                 0         5746.5
358                 0         5746.5
359                 0        5744.86
360                 0        5744.83
361                 0        5744.82
362                 0        5744.82
363                 0        5744.82
364                 0        5744.82
365                 0        5744.82
366                 0        5744.82
367                 0        5744.82
368                 0        5744.82
369                 0        5744.82
370                 0        5744.82
371                 0        5744.82
372                 0        5744.82
373                 0        5744.82
374                 0        5744.82
375                 0        5744.82
376                 0        5743.04
377                 0        5743.01
378                 0        5743.01
379                 0        5743.01
380                 0        5743.01
381                 0        5743.01
382                 0        5740.84
383                 0         5740.8
384                 0         5740.8
385                 0         5740.8
386                 0         5740.8
387                 0         5740.8
388                 0         5740.8
389                 0         5740.8
390                 0         5740.8
391                 0         5740.8
392                 0         5740.8
393                 0         5740.8
394                 0         5740.8
395                 0         5740.8
396                 0         5740.8
397                 0         5740.8
398                 0         5740.8
399                 0         5740.8
400                 0        5730.55
401                 0        5730.35
402                 0        5730.34
403                 0        5730.34
404                 0        5730.34
405                 0        5730.34
406                 0        5730.34
407                 0        5730.34
408                 0        5730.34
409                 0        5730.34
410                 0        5730.34
411                 0        5730.34
412                 0        5730.34
413                 0        5730.34
414                 0        5730.34
415                 0        5730.34
416                 0        5730.34
417                 0        5730.34
418                 0        5730.34
419                 0        5730.34
420                 0        5730.34
421                 0        5730.34
422                 0        5730.34
423                 0        5730.34
424                 0        5730.34
425                 0        5730.34
426                 0        5730.34
427                 0        5730.34
428                 0        5730.34
429                 0        5730.34
430                 0        5730.34
431                 0        5730.34
432                 0        5730.34
433                 0        5730.34
434                 0        5730.34
435                 0        5730.34
436                 0        5730.34
437                 0        5730.34
438                 0        5730.34
439                 0        5730.34
440                 0        5730.34
441                 0        5730.34
442                 0        5730.34
443                 0        5730.34
444                 0        5730.34
445                 0        5730.34
446                 0        5730.34
447                 0        5730.34
448                 0        5730.34
449                 0        5730.34
450                 0        5730.34
451                 0        5728.82
452                 0        5722.38
453                 0        5722.25
454                 0        5722.25
455                 0        5722.25
456                 0        5722.25
457                 0        5722.25
458                 0        5722.25
459                 0        5722.25
460                 0        5722.25
461                 0        5722.25
462                 0        5722.25
463                 0        5722.25
464                 0        5722.25
465                 0        5722.25
466                 0        5722.25
467                 0        5722.25
468                 0        5722.25
469                 0        5722.25
470                 0        5719.91
471                 0        5719.86
472                 0        5719.86
473                 0        5719.86
474                 0        5719.86
475                 0        5719.86
476                 0        5719.86
477                 0        5719.86
478                 0        5719.86
479                 0        5715.18
480                 0        5715.08
481                 0        5715.08
482                 0        5713.43
483                 0         5713.4
484                 0         5713.4
485                 0         5713.4
486                 0         5713.4
487                 0         5713.4
488                 0         5713.4
489                 0         5713.4
490                 0         5713.4
491                 0         5713.4
492                 0         5713.4
493                 0         5713.4
494                 0         5713.4
495                 0         5713.4
496                 0         5713.4
497                 0         5713.4
498                 0         5713.4
499                 0         5713.4
500                 0         5713.4
501                 0         5713.4
502                 0         5713.4
503                 0         5713.4
504                 0         5713.4
505                 0         5713.4
506                 0         5713.4
507                 0         5713.4
508                 0         5713.4
509                 0         5713.4
510                 0         5713.4
511                 0         5713.4
512                 0         5713.4
513                 0         5713.4
514                 0         5713.4
515                 0         5713.4
516                 0         5713.4
517                 0         5713.4
518                 0         5713.4
519                 0         5713.4
520                 0         5713.4
521                 0         5713.4
522                 0         5713.4
523                 0         5713.4
524                 0         5713.4
525                 0         5713.4
526                 0         5713.4
527                 0         5713.4
528                 0         5713.4
529                 0         5713.4
530                 0         5713.4
531                 0         5713.4
532                 0         5713.4
533                 0         5713.4
534                 0         5713.4
535                 0         5713.4
536                 0        5711.04
537                 0        5710.99
538                 0        5710.99
539                 0        5710.99
540                 0        5710.99
541                 0        5710.99
542                 0        5710.99
543                 0        5710.99
544                 0        5710.99
545                 0        5710.99
546                 0        5710.82
547                 0        5710.82
548                 0        5710.82
549                 0        5710.76
550                 0        5710.76
551                 0        5707.07
552                 0        5706.99
553                 0        5706.99
554                 0        5706.99
555                 0        5706.99
556                 0        5706.99
557                 0        5706.99
558                 0        5706.99
559                 0        5706.99
560                 0        5706.99
561                 0        5704.78
562                 0        5704.26
563                 0        5704.25
564                 0        5704.25
565                 0        5704.25
566                 0        5704.25
567                 0        5704.25
568                 0        5704.25
569                 0        5704.25
570                 0        5704.25
571                 0        5704.25
572                 0        5704.25
573                 0        5704.25
574                 0        5704.25
575                 0        5704.25
576                 0        5704.25
577                 0        5704.25
578                 0        5704.25
579                 0        5704.25
580                 0        5704.25
581                 0        5704.25
582                 0        5704.25
583                 0        5704.25
584                 0        5704.25
585                 0        5704.25
586                 0        5704.25
587                 0        5704.25
588                 0        5704.25
589                 0        5704.25
590                 0        5704.25
591                 0        5704.25
592                 0        5704.25
593                 0        5704.25
594                 0        5704.25
595                 0        5704.25
596                 0        5704.25
597                 0        5704.25
598                 0        5704.25
599                 0        5704.25
600                 0        5704.25
601                 0        5704.25
602                 0        5704.25
603                 0        5704.25
604                 0        5704.25
605                 0        5704.25
606                 0        5700.75
607                 0        5700.68
608                 0        5700.68
609                 0        5700.68
610                 0        5700.68
611                 0        5700.68
612                 0        5700.68
613                 0        5700.34
614                 0        5700.34
615                 0        5700.34
616                 0        5700.34
617                 0        5700.34
618                 0        5700.34
619                 0        5700.34
620                 0        5700.34
621                 0        5700.34
622                 0        5700.34
623                 0        5700.34
624                 0        5700.34
625                 0        5700.34
626                 0        5700.34
627                 0        5700.34
628                 0        5700.34
629                 0        5700.34
630                 0        5700.34
631                 0        5700.34
632                 0        5700.34
633                 0        5700.34
634                 0        5700.34
635                 0        5700.34
636                 0        5699.47
637                 0        5699.45
638                 0        5699.45
639                 0        5699.45
640                 0        5699.45
641                 0        5699.45
642                 0        5699.45
643                 0        5699.45
644                 0        5699.04
645                 0        5699.04
646                 0        5699.04
647                 0        5699.04
648                 0        5699.04
649                 0        5699.04
650                 0        5699.04
651                 0        5699.04
652                 0        5699.04
653                 0        5699.04
654                 0        5699.04
655                 0        5699.04
656                 0        5699.04
657                 0        5699.04
658                 0        5699.04
659                 0        5699.04
660                 0        5699.04
661                 0        5699.04
662                 0        5699.04
663                 0        5699.04
664                 0        5699.04
665                 0        5699.04
666                 0        5699.04
667                 0        5699.04
668                 0        5699.04
669                 0        5698.47
670                 0        5698.45
671                 0        5698.45
672                 0        5698.45
673                 0        5698.45
674                 0        5698.45
675                 0        5698.45
676                 0        5698.45
677                 0        5698.45
678                 0        5698.45
679                 0        5698.45
680                 0        5698.45
681                 0        5698.45
682                 0        5698.45
683                 0        5698.45
684                 0        5698.45
685                 0        5698.45
686                 0        5698.45
687                 0        5698.45
688                 0        5698.45
689                 0        5698.45
690                 0        5698.45
691                 0        5698.45
692                 0        5698.45
693                 0        5698.45
694                 0        5698.45
695                 0        5693.97
696                 0        5693.88
697                 0        5693.88
698                 0        5693.88
699                 0        5693.88
700                 0        5693.88
701                 0        5693.88
702                 0        5693.88
703                 0        5693.88
704                 0        5693.88
705                 0        5693.88
706                 0        5693.88
707                 0        5693.88
708                 0        5693.88
709                 0        5693.88
710                 0        5693.88
711                 0        5693.88
712                 0        5693.88
713                 0        5693.88
714                 0        5693.88
715                 0        5693.88
716                 0        5693.85
717                 0        5693.85
718                 0        5693.85
719                 0        5693.85
720                 0        5693.85
721                 0        5693.85
722                 0        5693.85
723                 0        5693.85
724                 0        5693.85
725                 0        5693.85
726                 0        5693.85
727                 0        5693.85
728                 0        5693.85
729                 0        5693.85
730                 0        5693.85
731                 0        5693.85
732                 0        5693.85
733                 0        5693.85
734                 0        5693.85
735                 0        5693.85
736                 0        5693.85
737                 0        5693.85
738                 0        5691.35
739                 0         5691.3
740                 0         5691.3
741                 0         5691.3
742                 0         5691.3
743                 0         5691.3
744                 0         5691.3
745                 0         5691.3
746                 0         5691.3
747                 0         5691.3
748                 0         5691.3
749                 0         5691.3
750                 0         5691.3
751                 0         5691.3
752                 0         5691.3
753                 0         5691.3
754                 0         5691.3
755                 0         5691.3
756                 0        5690.89
757                 0        5690.88
758                 0        5690.88
759                 0        5690.88
760                 0        5690.88
761                 0        5690.88
762                 0        5690.88
763                 0        5690.88
764                 0        5690.88
765                 0        5690.88
766                 0        5690.88
767                 0        5690.88
768                 0        5690.88
769                 0        5690.88
770                 0        5690.88
771                 0        5690.88
772                 0        5690.88
773                 0        5690.88
774                 0        5690.88
775                 0        5690.88
776                 0        5690.88
777                 0        5690.88
778                 0        5690.88
779                 0        5690.88
780                 0        5690.88
781                 0        5690.88
782                 0        5690.88
783                 0        5690.88
784                 0        5690.88
785                 0        5690.88
786                 0        5690.88
787                 0        5690.88
788                 0        5690.88
789                 0        5690.88
790                 0        5690.88
791                 0        5690.88
792                 0        5690.88
793                 0        5690.88
794                 0        5690.88
795                 0        5690.88
796                 0        5690.88
797                 0        5690.88
798                 0        5690.88
799                 0        5690.88
800                 0        5690.88
801                 0        5690.88
802                 0        5690.88
803                 0        5690.88
804                 0        5690.88
805                 0        5690.88
806                 0        5690.88
807                 0        5690.88
808                 0        5690.88
809                 0        5690.88
810                 0        5690.88
811                 0        5690.88
812                 0        5690.88
813                 0        5690.88
814                 0        5690.88
815                 0        5690.88
816                 0        5690.88
817                 0        5690.88
818                 0        5690.88
819                 0        5690.88
820                 0        5690.88
821                 0        5690.88
822                 0        5690.69
823                 0        5690.68
824                 0        5690.68
825                 0        5690.68
826                 0        5690.68
827                 0        5690.68
828                 0        5690.68
829                 0        5690.68
830                 0        5690.68
831                 0        5690.68
832                 0        5690.68
833                 0        5690.68
834                 0        5690.68
835                 0        5690.68
836                 0        5690.68
837                 0        5690.68
838                 0        5690.68
839                 0        5690.68
840                 0        5690.68
841                 0        5690.68
842                 0        5690.68
843                 0        5690.68
844                 0        5690.68
845                 0        5690.68
846                 0        5690.68
847                 0        5690.68
848                 0        5690.68
849                 0        5690.68
850                 0        5690.68
851                 0        5690.68
852                 0        5690.68
853                 0        5690.68
854                 0        5690.68
855                 0        5690.68
856                 0        5690.68
857                 0        5690.68
858                 0        5690.68
859                 0        5690.68
860                 0        5690.68
861                 0        5690.68
862                 0        5690.68
863                 0        5690.68
864                 0        5690.68
865                 0        5690.68
866                 0        5690.68
867                 0        5690.68
868                 0        5690.68
869                 0        5690.68
870                 0        5690.68
871                 0        5690.68
872                 0        5690.68
873                 0         5689.5
874                 0        5689.48
875                 0        5689.48
876                 0        5689.48
877                 0        5689.48
878                 0        5689.48
879                 0        5689.48
880                 0        5689.48
881                 0        5689.48
882                 0        5689.48
883                 0        5689.47
884                 0        5689.47
885                 0        5689.47
886                 0        5689.47
887                 0        5689.47
888                 0        5689.47
889                 0        5689.47
890                 0        5689.47
891                 0        5689.47
892                 0        5689.47
893                 0        5689.47
894                 0        5689.47
895                 0        5689.47
896                 0        5686.06
897                 0        5685.99
898                 0        5685.99
899                 0        5685.99
900                 0        5685.99
901                 0        5685.99
902                 0        5685.99
903                 0        5685.99
904                 0        5685.99
905                 0        5685.99
906                 0        5685.99
907                 0        5685.99
908                 0        5685.99
909                 0        5685.99
910                 0        5685.99
911                 0        5685.99
912                 0        5685.99
913                 0        5685.99
914                 0        5685.99
915                 0        5685.99
916                 0        5685.99
917                 0        5685.99
918                 0        5685.99
919                 0        5685.99
920                 0        5685.99
921                 0        5685.99
922                 0        5685.99
923                 0        5685.99
924                 0        5685.99
925                 0        5685.99
926                 0        5685.99
927                 0        5685.99
928                 0        5682.21
929                 0        5682.13
930                 0        5682.13
931                 0        5682.13
932                 0        5682.13
933                 0        5682.13
934                 0        5682.13
935                 0        5682.13
936                 0        5682.13
937                 0        5682.13
938                 0        5682.13
939                 0        5682.13
940                 0        5682.13
941                 0        5682.13
942                 0        5682.13
943                 0        5682.13
944                 0        5682.13
945                 0        5682.13
946                 0        5682.13
947                 0        5682.13
948                 0        5682.13
949                 0        5682.13
950                 0        5682.13
951                 0        5682.13
952                 0        5682.13
953                 0        5682.13
954                 0        5682.13
955                 0        5682.13
956                 0        5682.13
957                 0        5682.13
958                 0        5682.13
959                 0        5682.13
960                 0        5682.13
961                 0        5682.13
962                 0        5682.13
963                 0        5682.13
964                 0        5682.13
965                 0        5682.13
966                 0        5682.13
967                 0        5682.13
968                 0        5682.13
969                 0        5682.13
970                 0        5682.13
971                 0        5682.13
972                 0        5682.13
973                 0        5682.13
974                 0        5682.13
975                 0        5682.13
976                 0        5682.13
977                 0        5682.13
978                 0        5682.13
979                 0        5682.13
980                 0        5682.13
981                 0        5682.13
982                 0        5682.13
983                 0        5682.13
984                 0        5682.13
985                 0        5682.13
986                 0        5682.13
987                 0        5682.13
988                 0        5682.13
989                 0        5682.13
990                 0        5682.13
991                 0        5682.13
992                 0        5682.13
993                 0        5682.13
994                 0        5682.13
995                 0        5682.13
996                 0        5682.13
997                 0        5682.13
998                 0        5682.13
999                 0        5682.13
1000                 0        5682.13
1001                 0        5682.13
1002                 0        5682.13
1003                 0        5682.13
1004                 0        5682.13
1005                 0        5682.13
1006                 0        5682.13
1007                 0        5682.13
1008                 0        5682.13
1009                 0        5682.13
1010                 0        5682.13
1011                 0        5682.13
1012                 0        5682.13
1013                 0        5682.13
1014                 0        5682.13
1015                 0        5682.13
1016                 0        5682.13
1017                 0        5682.13
1018                 0        5682.13
1019                 0        5682.13
1020                 0        5682.13
1021                 0        5682.13
1022                 0        5682.13
1023                 0        5682.13
1024                 0        5682.13
1025                 0        5682.13
1026                 0        5682.13
1027                 0        5682.13
1028                 0        5682.13
1029                 0        5682.13
1030                 0        5682.13
1031                 0        5682.13
1032                 0        5682.13
1033                 0        5682.13
1034                 0        5682.13
1035                 0        5682.13
1036                 0        5682.13
1037                 0        5682.13
1038                 0        5682.13
1039                 0        5682.13
1040                 0        5682.13
1041                 0        5682.13
1042                 0        5682.13
1043                 0        5682.13
1044                 0        5682.13
1045                 0        5680.51
1046                 0        5680.48
1047                 0        5680.48
1048                 0        5680.48
1049                 0        5680.48
1050                 0        5680.48
1051                 0        5680.48
1052                 0        5680.48
1053                 0        5680.48
1054                 0        5680.48
1055                 0        5680.48
1056                 0        5680.48
1057                 0        5680.48
1058                 0        5680.48
1059                 0        5680.48
1060                 0        5680.48
1061                 0        5680.48
1062                 0        5680.48
1063                 0        5680.48
1064                 0        5680.48
1065                 0        5680.48
1066                 0        5679.35
1067                 0        5679.32
1068                 0        5679.32
1069                 0        5679.32
1070                 0        5679.32
1071                 0        5679.32
1072                 0        5679.32
1073                 0        5679.32
1074                 0        5679.32
1075                 0        5679.32
1076                 0        5679.32
1077                 0        5679.32
1078                 0        5677.49
1079                 0        5677.45
1080                 0        5677.45
1081                 0        5677.45
1082                 0        5677.45
1083                 0        5677.45
1084                 0        5677.45
1085                 0        5677.45
1086                 0        5677.45
1087                 0        5677.45
1088                 0        5677.45
1089                 0        5677.45
1090                 0        5677.45
1091                 0        5677.45
1092                 0        5677.45
1093                 0        5677.45
1094                 0        5677.45
1095                 0        5677.45
1096                 0        5677.45
1097                 0        5677.45
1098                 0        5677.45
1099                 0        5677.45
1100                 0        5677.45
1101                 0        5677.45
1102                 0        5677.45
1103                 0        5677.45
1104                 0        5677.45
1105                 0        5677.45
1106                 0        5677.45
1107                 0        5677.45
1108                 0        5677.45
1109                 0        5677.45
1110                 0        5677.45
1111                 0        5677.45
1112                 0        5677.11
1113                 0         5677.1
1114                 0         5677.1
1115                 0         5677.1
1116                 0         5677.1
1117                 0         5677.1
1118                 0         5677.1
1119                 0         5677.1
1120                 0         5677.1
1121                 0         5677.1
1122                 0         5677.1
1123                 0         5677.1
1124                 0         5677.1
1125                 0         5677.1
1126                 0         5677.1
1127                 0         5677.1
1128                 0         5677.1
1129                 0         5677.1
1130                 0         5677.1
1131                 0         5677.1
1132                 0         5677.1
1133                 0         5677.1
1134                 0         5677.1
1135                 0         5677.1
1136                 0         5677.1
1137                 0         5677.1
1138                 0         5677.1
1139                 0         5677.1
1140                 0         5677.1
1141                 0         5677.1
1142                 0         5677.1
1143                 0         5677.1
1144                 0         5677.1
1145                 0         5677.1
1146                 0         5677.1
1147                 0         5677.1
1148                 0         5677.1
1149                 0         5677.1
1150                 0         5677.1
1151                 0         5677.1
1152                 0         5677.1
1153                 0         5677.1
1154                 0         5677.1
1155                 0         5677.1
1156                 0         5677.1
1157                 0         5677.1
1158                 0         5677.1
1159                 0         5677.1
1160                 0         5677.1
1161                 0         5677.1
1162                 0         5677.1
1163                 0         5677.1
1164                 0         5677.1
1165                 0         5677.1
1166                 0         5677.1
1167                 0        5676.68
1168                 0        5676.67
1169                 0        5676.67
1170                 0        5676.67
1171                 0        5676.67
1172                 0        5676.67
1173                 0        5676.67
1174                 0        5676.67
1175                 0        5676.67
1176                 0        5676.67
1177                 0        5676.67
1178                 0        5676.67
1179                 0        5676.67
1180                 0        5676.67
1181                 0        5676.67
1182                 0        5676.67
1183                 0        5676.67
1184                 0        5676.67
1185                 0        5676.67
1186                 0        5676.67
1187                 0        5676.67
1188                 0        5676.67
1189                 0        5676.67
1190                 0        5676.67
1191                 0        5676.67
1192                 0        5676.67
1193                 0        5676.67
1194                 0        5676.67
1195                 0        5676.67
1196                 0        5676.67
1197                 0        5676.67
1198                 0        5676.67
1199                 0        5676.67
1200                 0        5676.67
1201                 0        5676.67
1202                 0        5676.67
1203                 0        5676.67
1204                 0        5676.45
1205                 0        5676.44
1206                 0        5676.44
1207                 0        5676.44
1208                 0        5676.44
1209                 0        5676.44
1210                 0        5676.44
1211                 0        5676.44
1212                 0        5676.44
1213                 0        5676.44
1214                 0        5676.44
1215                 0        5676.44
1216                 0        5676.44
1217                 0        5676.44
1218                 0        5676.44
1219                 0        5676.44
1220                 0        5676.44
1221                 0        5676.44
1222                 0        5676.44
1223                 0        5676.44
1224                 0        5676.44
1225                 0        5676.44
1226                 0        5676.44
1227                 0        5676.44
1228                 0        5676.44
1229                 0        5676.44
1230                 0        5676.44
1231                 0        5676.44
1232                 0        5676.44
1233                 0        5676.44
1234                 0        5676.44
1235                 0        5676.44
1236                 0        5676.44
1237                 0        5676.44
1238                 0        5676.44
1239                 0        5676.44
1240                 0        5676.44
1241                 0        5676.44
1242                 0        5676.44
1243                 0        5675.39
1244                 0        5675.37
1245                 0        5675.37
1246                 0        5674.68
1247                 0        5674.67
1248                 0        5674.67
1249                 0        5674.67
1250                 0        5674.67
1251                 0        5674.67
1252                 0        5674.67
1253                 0        5672.86
1254                 0        5672.82
1255                 0        5672.82
1256                 0        5672.82
1257                 0        5672.82
1258                 0        5672.82
1259                 0        5672.82
1260                 0        5672.82
1261                 0        5672.82
1262                 0        5672.82
1263                 0        5672.82
1264                 0        5672.82
1265                 0        5672.82
1266                 0        5672.82
1267                 0        5672.82
1268                 0        5672.82
1269                 0        5672.82
1270                 0        5672.82
1271                 0        5672.82
1272                 0        5672.82
1273                 0        5672.82
1274                 0        5672.82
1275                 0        5672.82
1276                 0        5672.82
1277                 0        5672.82
1278                 0        5672.82
1279                 0        5672.82
1280                 0        5672.82
1281                 0        5672.82
1282                 0        5672.82
1283                 0        5672.82
1284                 0        5672.82
1285                 0        5672.82
1286                 0        5672.82
1287                 0         5671.4
1288                 0        5671.37
1289                 0        5671.37
1290                 0        5671.37
1291                 0        5671.37
1292                 0        5671.37
1293                 0        5671.37
1294                 0        5671.37
1295                 0        5671.37
1296                 0        5671.37
1297                 0        5671.37
1298                 0        5671.37
1299                 0        5671.37
1300                 0        5671.37
1301                 0        5671.37
1302                 0        5671.37
1303                 0        5671.37
1304                 0        5671.37
1305                 0        5671.37
1306                 0        5671.29
1307                 0        5671.29
1308                 0        5671.29
1309                 0        5671.29
1310                 0        5671.29
1311                 0        5671.29
1312                 0        5671.29
1313                 0        5671.29
1314                 0        5671.29
1315                 0        5671.29
1316                 0        5671.29
1317                 0        5671.29
1318                 0        5671.29
1319                 0        5671.29
1320                 0        5671.29
1321                 0        5671.29
1322                 0        5671.29
1323                 0        5671.29
1324                 0        5671.29
1325                 0        5671.29
1326                 0        5671.29
1327                 0        5671.29
1328                 0        5671.29
1329                 0        5671.29
1330                 0        5671.29
1331                 0        5671.29
1332                 0        5671.29
1333                 0        5671.29
1334                 0        5671.29
1335                 0        5671.29
1336                 0        5671.29
1337                 0        5671.29
1338                 0        5671.29
1339                 0        5671.29
1340                 0        5671.29
1341                 0        5671.29
1342                 0        5671.29
1343                 0        5671.29
1344                 0        5671.29
1345                 0        5671.29
1346                 0        5671.29
1347                 0        5671.29
1348                 0        5671.29
1349                 0        5671.29
1350                 0        5671.29
1351                 0        5671.29
1352                 0        5671.29
1353                 0        5671.29
1354                 0        5671.29
1355                 0        5671.29
1356                 0        5671.29
1357                 0        5671.29
1358                 0        5671.29
1359                 0        5671.29
1360                 0        5671.29
1361                 0        5671.29
1362                 0        5671.29
1363                 0        5671.29
1364                 0        5671.29
1365                 0        5671.29
1366                 0        5671.29
1367                 0        5671.29
1368                 0        5671.29
1369                 0        5671.29
1370                 0        5671.29
1371                 0        5671.29
1372                 0        5671.29
1373                 0        5671.29
1374                 0        5671.29
1375                 0        5671.29
1376                 0        5671.29
1377                 0        5671.29
1378                 0        5671.29
1379                 0        5671.29
1380                 0        5671.29
1381                 0        5671.29
1382                 0        5671.29
1383                 0        5671.29
1384                 0        5671.29
1385                 0        5671.29
1386                 0        5671.29
1387                 0        5671.29
1388                 0        5671.29
1389                 0        5671.29
1390                 0        5671.29
1391                 0        5671.29
1392                 0        5671.29
1393                 0        5671.29
1394                 0        5671.29
1395                 0        5671.29
1396                 0        5671.29
1397                 0        5671.29
1398                 0        5671.29
1399                 0        5671.29
1400                 0        5671.29
1401                 0        5671.29
1402                 0        5671.29
1403                 0        5671.29
1404                 0        5671.29
1405                 0        5671.29
1406                 0        5671.29
1407                 0        5671.29
1408                 0        5671.29
1409                 0        5671.29
1410                 0        5671.29
1411                 0        5671.29
1412                 0        5671.29
1413                 0        5671.29
1414                 0        5671.29
1415                 0        5671.29
1416                 0        5671.29
1417                 0        5671.29
1418                 0        5671.29
1419                 0        5671.29
1420                 0        5671.29
1421                 0        5671.29
1422                 0        5671.29
1423                 0        5671.29
1424                 0        5671.29
1425                 0        5671.29
1426                 0        5671.29
1427                 0        5671.29
1428                 0        5671.29
1429                 0        5671.29
1430                 0        5671.29
1431                 0        5671.29
1432                 0        5671.29
1433                 0        5671.29
1434                 0        5671.29
1435                 0        5671.29
1436                 0        5671.29
1437                 0        5671.29
1438                 0        5671.29
1439                 0        5671.29
1440                 0        5671.29
1441                 0        5671.29
1442                 0        5671.29
1443                 0        5671.29
1444                 0        5671.29
1445                 0        5671.29
1446                 0        5671.29
1447                 0        5671.29
1448                 0        5671.29
1449                 0        5671.29
1450                 0        5671.29
1451                 0        5671.29
1452                 0        5671.29
1453                 0        5671.29
1454                 0        5671.29
1455                 0        5671.29
1456                 0        5671.29
1457                 0        5671.29
1458                 0        5671.29
1459                 0        5671.29
1460                 0        5671.29
1461                 0        5671.29
1462                 0        5671.29
1463                 0        5671.29
1464                 0        5671.29
1465                 0        5671.29
1466                 0        5671.29
1467                 0        5671.29
1468                 0        5671.29
1469                 0        5671.29
1470                 0        5671.29
1471                 0        5671.29
1472                 0        5671.29
1473                 0        5671.29
1474                 0        5671.29
1475                 0        5671.29
1476                 0        5671.29
1477                 0        5671.29
1478                 0        5671.29
1479                 0        5671.29
1480                 0        5671.29
1481                 0        5670.93
1482                 0        5670.93
1483                 0        5670.93
1484                 0        5670.93
1485                 0        5670.93
1486                 0        5670.93
1487                 0        5670.93
1488                 0        5670.93
1489                 0        5670.93
1490                 0        5670.93
1491                 0        5670.93
1492                 0        5670.93
1493                 0        5670.93
1494                 0        5670.93
1495                 0        5670.93
1496                 0        5670.93
1497                 0        5670.93
1498                 0        5670.93
1499                 0        5670.93
1500                 0        5670.93
1501                 0        5670.93
1502                 0        5670.93
1503                 0        5670.93
1504                 0        5670.93
1505                 0        5670.93
1506                 0        5670.93
1507                 0        5670.93
1508                 0        5670.93
1509                 0        5670.93
1510                 0        5670.93
1511                 0        5670.93
1512                 0        5670.93
1513                 0        5670.93
1514                 0        5670.93
1515                 0        5670.93
1516                 0        5670.93
1517                 0        5670.93
1518                 0        5670.93
1519                 0        5670.93
1520                 0        5670.93
1521                 0        5670.93
1522                 0        5670.93
1523                 0        5670.93
1524                 0        5670.93
1525                 0        5670.93
1526                 0        5670.93
1527                 0        5670.93
1528                 0        5670.93
1529                 0        5670.93
1530                 0        5670.93
1531                 0        5670.93
1532                 0        5670.93
1533                 0        5670.93
1534                 0        5670.93
1535                 0        5670.93
1536                 0        5670.93
1537                 0        5670.93
1538                 0        5670.93
1539                 0        5670.93
1540                 0        5670.93
1541                 0        5670.93
1542                 0        5670.93
1543                 0        5670.93
1544                 0        5670.93
1545                 0        5670.93
1546                 0        5670.93
1547                 0        5670.93
1548                 0        5670.93
1549                 0        5670.93
1550                 0        5670.93
1551                 0        5670.93
1552                 0        5670.93
1553                 0        5670.93
1554                 0        5670.93
1555                 0        5670.93
1556                 0        5670.93
1557                 0        5670.93
1558                 0        5670.93
1559                 0        5670.93
1560                 0        5670.93
1561                 0        5670.93
1562                 0        5670.93
1563                 0        5670.79
1564                 0        5670.79
1565                 0        5670.79
1566                 0        5670.59
1567                 0        5670.59
1568                 0        5670.59
1569                 0        5670.59
1570                 0        5670.59
1571                 0        5670.59
1572                 0        5670.59
1573                 0        5670.59
1574                 0        5670.59
1575                 0        5670.59
1576                 0        5670.59
1577                 0        5670.59
1578                 0        5670.59
1579                 0        5670.59
1580                 0        5670.59
1581                 0        5670.59
1582                 0        5669.93
1583                 0        5669.92
1584                 0        5669.92
1585                 0        5669.92
1586                 0         5669.3
1587                 0        5669.29
1588                 0        5669.29
1589                 0        5669.29
1590                 0        5669.29
1591                 0        5669.29
1592                 0        5669.29
1593                 0        5669.29
1594                 0        5669.29
1595                 0        5669.29
1596                 0        5669.29
1597                 0        5669.29
1598                 0        5669.29
1599                 0        5669.29
1600                 0        5669.29
1601                 0        5669.29
1602                 0        5669.29
1603                 0        5669.29
1604                 0        5669.29
1605                 0        5669.29
1606                 0        5669.29
1607                 0        5669.29
1608                 0        5669.29
1609                 0        5669.29
1610                 0        5669.29
1611                 0        5669.29
1612                 0        5669.29
1613                 0        5669.29
1614                 0        5669.29
1615                 0        5669.29
1616                 0        5669.29
1617                 0        5669.29
1618                 0        5669.29
1619                 0        5669.29
1620                 0        5669.29
1621                 0        5669.29
1622                 0        5669.29
1623                 0        5669.29
1624                 0        5669.29
1625                 0        5669.29
1626                 0        5669.29
1627                 0        5669.29
1628                 0        5669.29
1629                 0        5669.29
1630                 0        5669.29
1631                 0        5669.29
1632                 0        5669.29
1633                 0        5669.29
1634                 0        5669.29
1635                 0        5669.29
1636                 0        5669.29
1637                 0        5669.29
1638                 0        5669.29
1639                 0        5669.29
1640                 0        5669.29
1641                 0        5669.29
1642                 0        5669.29
1643                 0        5669.29
1644                 0        5669.29
1645                 0        5669.29
1646                 0        5669.29
1647                 0        5669.29
1648                 0        5669.29
1649                 0        5669.29
1650                 0        5669.29
1651                 0        5669.29
1652                 0        5669.29
1653                 0        5669.29
1654                 0        5669.29
1655                 0        5669.29
1656                 0        5669.29
1657                 0        5669.29
1658                 0        5669.29
1659                 0        5669.29
1660                 0        5669.29
1661                 0        5669.29
1662                 0        5669.29
1663                 0        5669.29
1664                 0        5668.29
1665                 0        5668.27
1666                 0        5668.27
1667                 0        5668.27
1668                 0        5668.27
1669                 0        5668.27
1670                 0        5668.27
1671                 0        5668.27
1672                 0        5668.27
1673                 0        5667.67
1674                 0        5667.66
1675                 0        5667.66
1676                 0        5667.66
1677                 0        5667.66
1678                 0        5667.66
1679                 0        5667.66
1680                 0        5667.66
1681                 0        5667.66
1682                 0        5667.66
1683                 0        5667.66
1684                 0        5667.66
1685                 0        5667.66
1686                 0        5667.66
1687                 0        5667.66
1688                 0        5667.66
1689                 0        5667.66
1690                 0        5667.66
1691                 0        5667.66
1692                 0        5667.66
1693                 0        5667.66
1694                 0        5667.66
1695                 0        5667.66
1696                 0        5667.66
1697                 0        5667.66
1698                 0        5667.66
1699                 0        5667.66
1700                 0        5667.66
1701                 0        5667.66
1702                 0        5667.66
1703                 0        5667.66
1704                 0        5667.66
1705                 0        5667.66
1706                 0        5667.66
1707                 0        5667.66
1708                 0        5667.66
1709                 0        5667.66
1710                 0        5667.66
1711                 0        5667.66
1712                 0        5667.66
1713                 0        5667.66
1714                 0        5667.66
1715                 0        5667.66
1716                 0        5667.66
1717                 0        5667.66
1718                 0        5667.66
1719                 0        5667.66
1720                 0        5667.66
1721                 0        5667.66
1722                 0        5667.66
1723                 0        5667.66
1724                 0        5667.66
1725                 0        5667.66
1726                 0        5667.66
1727                 0        5667.66
1728                 0        5667.66
1729                 0        5667.66
1730                 0        5667.66
1731                 0        5667.66
1732                 0        5667.66
1733                 0        5667.66
1734                 0        5667.66
1735                 0        5667.66
1736                 0        5667.66
1737                 0        5667.66
1738                 0        5667.66
1739                 0        5667.66
1740                 0        5667.66
1741                 0        5667.66
1742                 0        5667.66
1743                 0        5667.66
1744                 0        5667.66
1745                 0        5667.66
1746                 0        5667.66
1747                 0        5667.66
1748                 0        5667.66
1749                 0        5667.66
1750                 0        5667.66
1751                 0        5667.25
1752                 0        5667.24
1753                 0        5667.24
1754                 0        5667.24
1755                 0        5667.24
1756                 0        5667.24
1757                 0        5667.24
1758                 0        5667.24
1759                 0        5667.24
1760                 0        5667.24
1761                 0        5667.24
1762                 0        5667.24
1763                 0        5667.24
1764                 0        5667.24
1765                 0        5667.24
1766                 0        5667.24
1767                 0        5667.24
1768                 0        5667.24
1769                 0        5667.24
1770                 0        5667.24
1771                 0        5667.24
1772                 0        5667.24
1773                 0        5667.24
1774                 0        5667.24
1775                 0        5667.24
1776                 0        5667.24
1777                 0        5667.13
1778                 0        5667.13
1779                 0        5667.13
1780                 0        5667.13
1781                 0        5667.13
1782                 0        5667.13
1783                 0        5667.13
1784                 0        5667.13
1785                 0        5667.13
1786                 0        5667.13
1787                 0        5667.13
1788                 0        5667.13
1789                 0        5667.13
1790                 0        5667.13
1791                 0        5667.13
1792                 0        5667.13
1793                 0        5667.13
1794                 0        5667.13
1795                 0        5667.13
1796                 0        5667.13
1797                 0        5667.13
1798                 0        5667.13
1799                 0        5667.13
1800                 0        5667.13
1801                 0        5667.13
1802                 0        5667.13
1803                 0        5667.13
1804                 0        5667.13
1805                 0        5667.13
1806                 0        5667.13
1807                 0        5667.13
1808                 0        5667.13
1809                 0        5667.13
1810                 0        5667.13
1811                 0        5667.13
1812                 0        5667.13
1813                 0        5667.13
1814                 0        5667.13
1815                 0        5667.13
1816                 0        5667.13
1817                 0        5667.13
1818                 0        5667.13
1819                 0        5667.13
1820                 0        5667.13
1821                 0        5667.13
1822                 0        5667.13
1823                 0        5667.13
1824                 0        5667.13
1825                 0        5667.13
1826                 0        5667.13
1827                 0        5667.13
1828                 0        5667.13
1829                 0        5667.03
1830                 0        5667.02
1831                 0        5667.02
1832                 0        5667.02
1833                 0        5667.02
1834                 0        5667.02
1835                 0        5667.02
1836                 0        5667.02
1837                 0        5667.02
1838                 0        5667.02
1839                 0        5667.02
1840                 0        5667.02
1841                 0        5667.02
1842                 0        5667.02
1843                 0        5667.02
1844                 0        5667.02
1845                 0        5667.02
1846                 0        5667.02
1847                 0        5667.02
1848                 0        5667.02
1849                 0        5667.02
1850                 0        5667.02
1851                 0        5667.02
1852                 0        5667.02
1853                 0        5667.02
1854                 0        5667.02
1855                 0        5667.02
1856                 0        5667.02
1857                 0        5667.02
1858                 0        5667.02
1859                 0        5667.02
1860                 0        5667.02
1861                 0        5667.02
1862                 0        5667.02
1863                 0        5667.02
1864                 0        5667.02
1865                 0        5667.02
1866                 0        5667.02
1867                 0        5667.02
1868                 0        5667.02
1869                 0        5667.02
1870                 0        5667.02
1871                 0        5667.02
1872                 0        5667.02
1873                 0        5667.02
1874                 0        5667.02
1875                 0        5667.02
1876                 0        5667.02
1877                 0        5667.02
1878                 0        5667.02
1879                 0        5667.02
1880                 0        5667.02
1881                 0        5667.02
1882                 0        5667.02
1883                 0        5667.02
1884                 0        5667.02
1885                 0        5667.02
1886                 0        5667.02
1887                 0        5667.02
1888                 0        5667.02
1889                 0        5667.02
1890                 0        5667.02
1891                 0        5667.02
1892                 0        5667.02
1893                 0        5667.02
1894                 0        5667.02
1895                 0        5667.02
1896                 0        5667.02
1897                 0        5667.02
1898                 0        5667.02
1899                 0        5667.02
1900                 0        5667.02
1901                 0        5667.02
1902                 0        5667.02
1903                 0        5667.02
1904                 0        5667.02
1905                 0        5667.02
1906                 0        5667.02
1907                 0        5667.02
1908                 0        5667.02
1909                 0        5667.02
1910                 0        5667.02
1911                 0        5667.02
1912                 0        5667.02
1913                 0        5667.02
1914                 0        5667.02
1915                 0        5667.02
1916                 0        5667.02
1917                 0        5667.02
1918                 0        5667.02
1919                 0        5667.02
1920                 0        5667.02
1921                 0        5667.02
1922                 0        5667.02
1923                 0        5667.02
1924                 0        5667.02
1925                 0        5667.02
1926                 0        5667.02
1927                 0        5667.02
1928                 0        5667.02
1929                 0        5667.02
1930                 0        5667.02
1931                 0        5667.02
1932                 0        5667.02
1933                 0        5667.02
1934                 0        5667.02
1935                 0        5667.02
1936                 0        5667.02
1937                 0        5667.02
1938                 0        5667.02
1939                 0        5667.02
1940                 0        5667.02
1941                 0        5667.02
1942                 0        5667.02
1943                 0        5667.02
1944                 0        5667.02
1945                 0        5667.02
1946                 0        5667.02
1947                 0        5667.02
1948                 0        5667.02
1949                 0        5667.02
1950                 0        5667.02
1951                 0        5667.02
1952                 0        5667.02
1953                 0        5667.02
1954                 0        5667.02
1955                 0        5667.02
1956                 0        5667.02
1957                 0        5667.02
1958                 0        5667.02
1959                 0        5667.02
1960                 0        5667.02
1961                 0        5667.02
1962                 0        5667.02
1963                 0        5667.02
1964                 0        5667.02
1965                 0        5667.02
1966                 0        5667.02
1967                 0        5667.02
1968                 0        5667.02
1969                 0        5667.02
1970                 0        5667.02
1971                 0        5667.02
1972                 0        5667.02
1973                 0        5667.02
1974                 0        5667.02
1975                 0        5667.02
1976                 0        5667.02
1977                 0        5667.02
1978                 0        5667.02
1979                 0        5667.02
1980                 0        5667.02
1981                 0        5666.82
1982                 0        5666.82
1983                 0        5666.82
1984                 0        5666.82
1985                 0        5666.82
1986                 0        5666.82
1987                 0        5666.82
1988                 0        5666.82
1989                 0        5666.82
1990                 0        5666.82
1991                 0        5666.82
1992                 0        5666.82
1993                 0        5666.82
1994                 0        5666.82
1995                 0        5666.82
1996                 0        5666.82
1997                 0        5666.82
1998                 0        5666.36
1999                 0        5665.75
2000                 0        5665.74
2001                 0        5665.74
2002                 0        5665.74
2003                 0        5665.74
2004                 0        5665.74
2005                 0        5665.74
2006                 0        5665.74
2007                 0        5665.74
2008                 0        5665.74
2009                 0        5665.74
2010                 0        5665.74
2011                 0        5665.74
2012                 0        5665.74
2013                 0        5665.74
2014                 0        5665.74
2015                 0        5665.74
2016                 0        5665.74
2017                 0        5665.74
2018                 0        5665.74
2019                 0        5665.74
2020                 0        5665.74
2021                 0        5665.74
2022                 0        5665.27
2023                 0        5665.26
2024                 0        5665.26
2025                 0        5665.26
2026                 0        5665.26
2027                 0        5665.26
2028                 0        5665.26
2029                 0        5665.26
2030                 0        5665.26
2031                 0        5665.26
2032                 0        5665.26
2033                 0        5665.26
2034                 0        5665.26
2035                 0        5665.26
2036                 0        5665.21
2037                 0        5665.21
2038                 0        5665.21
2039                 0        5665.21
2040                 0        5665.21
2041                 0        5665.21
2042                 0        5665.21
2043                 0        5665.21
2044                 0        5665.21
2045                 0        5664.49
2046                 0        5664.12
2047                 0        5664.11
2048                 0        5664.11
2049                 0        5664.11
2050                 0        5664.11
2051                 0        5664.11
2052                 0        5664.11
2053                 0        5664.11
2054                 0        5664.11
2055                 0        5664.11
2056                 0        5664.11
2057                 0        5664.11
2058                 0        5664.11
2059                 0        5664.11
2060                 0        5664.11
2061                 0        5664.11
2062                 0        5664.11
2063                 0        5664.11
2064                 0        5664.11
2065                 0        5664.11
2066                 0        5664.11
2067                 0        5664.11
2068                 0        5664.11
2069                 0        5664.11
2070                 0        5664.11
2071                 0        5664.11
2072                 0        5664.11
2073                 0        5664.11
2074                 0        5664.11
2075                 0        5664.11
2076                 0        5664.11
2077                 0        5664.11
2078                 0        5664.11
2079                 0        5664.11
2080                 0        5664.11
2081                 0        5664.11
2082                 0        5664.11
2083                 0        5664.11
2084                 0        5664.11
2085                 0        5664.11
2086                 0        5664.11
2087                 0        5664.11
2088                 0        5664.11
2089                 0        5664.11
2090                 0        5664.11
2091                 0        5664.11
2092                 0        5664.11
2093                 0        5664.11
2094                 0        5664.11
2095                 0        5664.11
2096                 0        5664.11
2097                 0        5664.11
2098                 0        5664.11
2099                 0        5664.11
2100                 0        5664.11
2101                 0        5664.11
2102                 0        5664.11
2103                 0        5664.11
2104                 0        5664.11
2105                 0        5664.11
2106                 0        5664.11
2107                 0        5664.11
2108                 0        5664.11
2109                 0        5664.11
2110                 0        5664.11
2111                 0        5664.11
2112                 0        5664.11
2113                 0        5664.11
2114                 0        5664.11
2115                 0        5663.81
2116                 0        5663.81
2117                 0         5663.8
2118                 0         5663.8
2119                 0         5663.8
2120                 0         5663.8
2121                 0         5663.8
2122                 0         5663.8
2123                 0         5663.8
2124                 0         5663.8
2125                 0         5663.8
2126                 0         5663.8
2127                 0         5663.8
2128                 0         5663.8
2129                 0         5663.8
2130                 0         5663.8
2131                 0         5663.8
2132                 0         5663.8
2133                 0         5663.8
2134                 0         5663.8
2135                 0         5663.8
2136                 0         5663.8
2137                 0         5663.8
2138                 0         5663.8
2139                 0         5663.8
2140                 0         5663.8
2141                 0         5663.8
2142                 0         5663.8
2143                 0         5663.8
2144                 0         5663.8
2145                 0         5663.8
2146                 0         5663.8
2147                 0         5663.8
2148                 0         5663.8
2149                 0         5663.8
2150                 0         5663.8
2151                 0         5663.8
2152                 0         5663.8
2153                 0         5663.8
2154                 0         5663.8
2155                 0         5663.8
2156                 0         5663.8
2157                 0         5663.8
2158                 0         5663.8
2159                 0         5663.8
2160                 0         5663.8
2161                 0         5663.8
2162                 0         5663.8
2163                 0         5663.8
2164                 0         5663.8
2165                 0         5663.8
2166                 0         5663.8
2167                 0         5663.8
2168                 0         5663.8
2169                 0         5663.8
2170                 0         5663.8
2171                 0         5663.8
2172                 0         5663.8
2173                 0         5663.8
2174                 0         5663.8
2175                 0         5663.8
2176                 0         5663.8
2177                 0         5663.8
2178                 0         5663.8
2179                 0         5663.8
2180                 0         5663.8
2181                 0         5663.8
2182                 0         5663.8
2183                 0         5663.8
2184                 0         5663.8
2185                 0         5663.8
2186                 0         5663.8
2187                 0         5663.8
2188                 0         5663.8
2189                 0         5663.8
2190                 0         5663.8
2191                 0         5663.8
2192                 0         5663.8
2193                 0         5663.8
2194                 0         5663.8
2195                 0         5663.8
2196                 0         5663.8
2197                 0         5663.8
2198                 0         5663.8
2199                 0         5663.8
2200                 0         5663.8
2201                 0         5663.8
2202                 0         5663.8
2203                 0         5663.8
2204                 0         5663.8
2205                 0         5663.8
2206                 0         5663.8
2207                 0         5663.8
2208                 0         5663.8
2209                 0        5663.51
2210                 0        5663.51
2211                 0        5663.51
2212                 0        5663.51
2213                 0        5663.51
2214                 0        5663.51
2215                 0        5663.51
2216                 0        5663.51
2217                 0        5663.51
2218                 0        5663.51
2219                 0        5663.51
2220                 0        5663.51
2221                 0        5663.51
2222                 0        5663.51
2223                 0        5663.51
2224                 0        5663.51
2225                 0        5663.51
2226                 0        5663.51
2227                 0        5663.51
2228                 0        5663.51
2229                 0        5663.51
2230                 0        5663.51
2231                 0        5663.51
2232                 0        5663.51
2233                 0        5663.51
2234                 0        5663.51
2235                 0        5663.51
2236                 0        5663.51
2237                 0        5663.51
2238                 0        5663.51
2239                 0        5663.51
2240                 0        5663.51
2241                 0        5663.51
2242                 0        5663.51
2243                 0        5663.51
2244                 0        5663.51
2245                 0        5663.51
2246                 0        5663.51
2247                 0        5663.51
2248                 0        5663.51
2249                 0        5663.51
2250                 0        5663.51
2251                 0        5663.51
2252                 0        5663.51
2253                 0        5663.51
2254                 0        5663.51
2255                 0        5663.51
2256                 0        5663.51
2257                 0        5663.51
2258                 0        5663.51
2259                 0        5663.51
2260                 0        5663.51
2261                 0        5663.51
2262                 0        5663.51
2263                 0        5663.51
2264                 0        5663.51
2265                 0        5663.51
2266                 0        5663.51
2267                 0        5663.51
2268                 0        5663.51
2269                 0        5663.51
2270                 0        5663.51
2271                 0        5663.51
2272                 0        5663.51
2273                 0        5663.51
2274                 0        5663.51
2275                 0        5663.51
2276                 0        5663.51
2277                 0        5663.51
2278                 0        5663.51
2279                 0        5663.51
2280                 0        5663.51
2281                 0        5663.51
2282                 0        5663.51
2283                 0        5663.51
2284                 0        5663.51
2285                 0         5662.8
2286                 0        5662.78
2287                 0        5662.78
2288                 0        5662.78
2289                 0        5662.78
2290                 0        5662.78
2291                 0        5662.78
2292                 0        5662.78
2293                 0        5662.78
2294                 0        5662.78
2295                 0        5662.78
2296                 0        5662.78
2297                 0        5662.78
2298                 0        5662.78
2299                 0        5662.78
2300                 0        5662.78
2301                 0        5662.78
2302                 0        5662.78
2303                 0        5662.78
2304                 0        5662.78
2305                 0        5662.78
2306                 0        5662.78
2307                 0        5662.78
2308                 0        5662.78
2309                 0        5662.78
2310                 0        5662.78
2311                 0        5662.78
2312                 0        5662.78
2313                 0        5662.78
2314                 0        5662.78
2315                 0        5662.78
2316                 0        5662.78
2317                 0        5662.78
2318                 0        5662.78
2319                 0        5662.78
2320                 0        5662.78
2321                 0        5662.78
2322                 0        5662.78
2323                 0        5662.78
2324                 0        5662.78
2325                 0        5662.78
2326                 0        5662.78
2327                 0        5662.78
2328                 0        5662.78
2329                 0        5662.78
2330                 0        5662.78
2331                 0        5662.78
2332                 0        5662.78
2333                 0        5662.72
2334                 0        5662.72
2335                 0        5662.72
2336                 0        5662.72
2337                 0        5662.72
2338                 0        5662.72
2339                 0        5662.72
2340                 0        5662.72
2341                 0        5662.72
2342                 0        5662.72
2343                 0        5662.72
2344                 0        5662.72
2345                 0        5662.71
2346                 0        5662.71
2347                 0        5662.71
2348                 0        5662.71
2349                 0        5662.71
2350                 0        5662.71
2351                 0        5662.71
2352                 0        5662.71
2353                 0        5662.71
2354                 0        5662.71
2355                 0        5662.71
2356                 0        5662.71
2357                 0        5662.71
2358                 0        5662.71
2359                 0        5662.71
2360                 0        5662.71
2361                 0        5662.71
2362                 0        5662.71
2363                 0        5662.71
2364                 0        5662.71
2365                 0        5662.71
2366                 0        5662.71
2367                 0        5662.71
2368                 0        5662.71
2369                 0        5662.71
2370                 0        5662.71
2371                 0        5662.71
2372                 0        5662.71
2373                 0        5662.71
2374                 0        5662.71
2375                 0        5662.71
2376                 0        5662.71
2377                 0        5662.71
2378                 0        5662.71
2379                 0        5662.71
2380                 0        5662.71
2381                 0        5662.71
2382                 0        5662.71
2383                 0        5662.71
2384                 0        5662.71
2385                 0        5662.71
2386                 0        5662.71
2387                 0        5662.71
2388                 0        5662.71
2389                 0        5662.71
2390                 0        5662.71
2391                 0        5662.71
2392                 0        5662.71
2393                 0        5662.71
2394                 0        5662.71
2395                 0        5662.71
2396                 0        5662.71
2397                 0        5662.71
2398                 0        5662.71
2399                 0        5662.71
2400                 0        5662.71
2401                 0        5662.71
2402                 0        5662.71
2403                 0        5662.71
2404                 0        5662.71
2405                 0        5662.71
2406                 0        5662.71
2407                 0        5662.71
2408                 0        5662.71
2409                 0        5662.71
2410                 0        5662.71
2411                 0        5662.71
2412                 0        5662.71
2413                 0        5662.71
2414                 0        5662.71
2415                 0        5662.71
2416                 0        5662.71
2417                 0        5662.71
2418                 0        5662.71
2419                 0        5662.71
2420                 0        5662.71
2421                 0        5662.71
2422                 0        5662.71
2423                 0        5662.71
2424                 0        5662.71
2425                 0        5662.71
2426                 0        5662.71
2427                 0        5662.71
2428                 0        5662.71
2429                 0        5662.71
2430                 0        5662.71
2431                 0        5662.71
2432                 0        5662.71
2433                 0        5662.71
2434                 0        5662.71
2435                 0        5662.71
2436                 0        5662.71
2437                 0        5662.71
2438                 0        5662.71
2439                 0        5662.71
2440                 0        5662.71
2441                 0        5662.71
2442                 0        5662.71
2443                 0        5662.71
2444                 0        5662.71
2445                 0        5662.71
2446                 0        5662.71
2447                 0        5662.71
2448                 0        5662.71
2449                 0        5662.71
2450                 0        5662.71
2451                 0        5662.71
2452                 0        5662.71
2453                 0        5662.71
2454                 0        5662.71
2455                 0        5662.71
2456                 0        5662.71
2457                 0        5662.71
2458                 0        5662.71
2459                 0        5662.71
2460                 0        5662.71
2461                 0        5662.71
2462                 0        5662.71
2463                 0        5662.71
2464                 0        5662.71
2465                 0        5662.71
2466                 0        5662.71
2467                 0        5662.71
2468                 0        5662.71
2469                 0        5662.71
2470                 0        5662.71
2471                 0        5662.71
2472                 0        5662.71
2473                 0         5662.7
2474                 0         5662.7
2475                 0         5662.7
2476                 0         5662.7
2477                 0         5662.7
2478                 0         5662.7
2479                 0         5662.7
2480                 0         5662.7
2481                 0         5662.7
2482                 0        5661.98
2483                 0        5661.97
2484                 0        5661.97
2485                 0        5661.97
2486                 0        5661.97
2487                 0        5661.97
2488                 0        5661.97
2489                 0        5661.97
2490                 0        5661.97
2491                 0        5661.97
2492                 0        5661.97
2493                 0        5661.97
2494                 0        5661.97
2495                 0        5661.97
2496                 0        5661.97
2497                 0        5661.97
2498                 0        5661.97
2499                 0        5661.94
2500                 0        5661.94
