#ITER       #BEST_FO       #MEDIA_FO
1           6079.72        38948.9
2           5845.74        9989.06
3           5263.06        6672.29
4           5201.64        5970.61
5           5084.04        5730.83
6           5025.64        5560.59
7           4970.33        5408.86
8           4919.28         5302.9
9            4861.1        5230.46
10           4858.72         5169.3
11           4785.29        5082.16
12           4785.29        5044.93
13            4766.9        5017.03
14            4766.9        4996.73
15            4766.9        4978.67
16           4753.61        4970.31
17           4735.56        4949.98
18           4729.78         4935.3
19           4727.23        4927.46
20           4727.23        4922.03
21           4723.58        4914.52
22           4714.05        4908.15
23           4714.05         4901.5
24           4714.05        4896.22
25           4711.94        4891.49
26           4710.06        4888.08
27           4710.06        4885.18
28           4709.93        4883.28
29           4709.93         4882.1
30           4707.58        4879.74
31           4707.58         4878.3
32           4707.58        4877.34
33            4703.1        4876.18
34            4703.1        4875.22
35            4703.1        4874.81
36            4703.1        4873.32
37            4703.1        4872.31
38           4702.96        4871.68
39           4702.58        4870.96
40           4696.64        4870.21
41           4696.64        4869.25
42           4694.32        4868.18
43           4694.32        4867.89
44           4692.27        4866.01
45           4692.27         4865.4
46           4692.27        4865.17
47           4692.27        4864.38
48           4692.27        4863.63
49           4691.69        4863.09
50           4691.39         4862.5
51           4690.51        4862.24
52           4690.49        4861.28
53           4690.09        4859.84
54           4689.67        4858.25
55           4688.84        4857.15
56           4686.58        4856.49
57           4686.58        4855.59
58           4686.58        4854.75
59           4686.58        4854.44
60           4686.58        4853.85
61            4686.4         4853.4
62           4684.76         4852.8
63           4684.76        4852.11
64           4684.76        4851.75
65           4684.08        4851.51
66            4683.5        4851.07
67           4683.24         4850.9
68           4683.24        4850.64
69           4683.24        4850.51
70           4683.24         4850.4
71           4683.24        4850.31
72           4683.24         4850.1
73           4682.83        4849.68
74           4682.83        4849.49
75           4682.83        4848.85
76           4682.83        4848.52
77           4682.83        4848.21
78           4682.83        4848.05
79           4682.83        4847.95
80           4682.83        4847.65
81           4682.83        4847.24
82           4682.83        4846.94
83           4682.57        4846.72
84           4682.57        4846.51
85           4681.99        4846.31
86            4681.7        4846.16
87            4681.7        4846.08
88            4681.7        4846.07
89            4681.7        4845.79
90            4681.7        4845.72
91            4681.7        4845.58
92            4681.7        4845.55
93            4681.7        4845.48
94            4681.7        4845.43
95            4681.7        4845.37
96           4681.17        4845.29
97           4681.17        4845.28
98           4681.17        4845.17
99           4681.17        4845.13
100           4681.17        4845.08
101           4681.17        4845.03
102           4681.17        4844.96
103           4681.17        4844.84
104           4681.17        4844.69
105           4681.17        4844.56
106           4680.63        4844.47
107           4680.63        4844.41
108           4680.63         4844.4
109           4680.63        4844.38
110           4680.63        4844.28
111           4680.63        4844.07
112           4680.63         4843.9
113           4680.63        4843.81
114           4680.63        4843.81
115           4680.63         4843.8
116           4680.63        4843.69
117           4680.63        4843.62
118           4680.63        4843.46
119           4680.63        4843.46
120           4680.63         4843.4
121           4680.63         4843.4
122           4680.63        4843.38
123           4680.52        4843.27
124           4680.52        4843.23
125           4680.52        4843.23
126           4680.52        4843.18
127           4680.52        4843.14
128            4680.2        4843.12
129            4680.2        4843.07
130           4680.12        4843.06
131           4680.12        4843.02
132           4680.12        4842.97
133           4680.12        4842.91
134           4680.12        4842.91
135           4680.12        4842.81
136           4680.12         4842.8
137           4680.12        4842.77
138           4680.07        4842.69
139           4680.07        4842.64
140              4680        4842.64
141              4680        4842.63
142              4680        4842.63
143           4679.91         4842.6
144           4679.91         4842.6
145           4679.91        4842.59
146           4679.91        4842.59
147           4679.91        4842.55
148           4679.91        4842.55
149           4679.91        4842.53
150           4679.91        4842.51
151           4679.91        4842.51
152           4679.91        4842.46
153           4679.91        4842.46
154           4679.91        4842.43
155           4679.91        4842.38
156           4679.68        4842.34
157           4679.68        4842.27
158           4679.68        4842.24
159           4679.68        4842.21
160           4679.68        4842.21
161           4679.68        4842.19
162           4679.68        4842.18
163           4679.68        4842.18
164           4679.68        4842.18
165           4679.47        4842.12
166           4679.47        4842.11
167           4679.47        4842.11
168           4679.47         4842.1
169           4679.47         4842.1
170           4679.47        4842.09
171           4679.47        4842.06
172           4679.47        4842.04
173           4679.47        4842.03
174           4679.47        4842.03
175           4679.47           4842
176           4679.47           4842
177           4679.47        4841.97
178           4679.47        4841.92
179           4679.47        4841.88
180           4679.47        4841.88
181           4679.47        4841.85
182           4679.47        4841.84
183           4679.47        4841.84
184           4679.47        4841.84
185           4679.47        4841.83
186           4679.47         4841.8
187           4679.47        4841.78
188           4679.47        4841.76
189           4679.47        4841.76
190           4679.47        4841.72
191           4679.47         4841.7
192           4679.47         4841.7
193           4679.47        4841.68
194           4679.47        4841.68
195           4679.47        4841.68
196           4679.47        4841.66
197           4679.47        4841.64
198           4679.47        4841.59
199           4679.47        4841.59
200           4679.47        4841.58
201           4679.47        4841.58
202           4679.47        4841.57
203           4679.47        4841.56
204           4679.47        4841.55
205           4679.47        4841.55
206           4679.47        4841.54
207           4679.45        4841.51
208           4679.45        4841.51
209           4679.45        4841.49
210           4679.45        4841.49
211           4679.45        4841.49
212           4679.45        4841.49
213           4679.45        4841.49
214           4679.45        4841.49
215           4679.45        4841.49
216           4679.45        4841.49
217           4679.45        4841.49
218           4679.45        4841.49
219           4679.45        4841.49
220           4679.45        4841.49
221           4679.45        4841.49
222           4679.45        4841.49
223           4679.45        4841.48
224           4679.45        4841.48
225           4679.45        4841.48
226           4679.45        4841.48
227           4679.45        4841.48
228           4679.45        4841.48
229           4679.45        4841.48
230           4679.45        4841.47
231           4679.45        4841.46
232           4679.45        4841.45
233           4679.45        4841.45
234           4679.28        4841.43
235           4679.28        4841.43
236           4679.28        4841.43
237           4679.28        4841.43
238           4679.28        4841.43
239           4679.28        4841.43
240           4679.28        4841.43
241           4679.28        4841.43
242           4679.28        4841.43
243           4679.28        4841.43
244           4679.28        4841.42
245           4679.28         4841.4
246           4679.28         4841.4
247           4679.28         4841.4
248           4679.28         4841.4
249           4679.28         4841.4
250           4679.28         4841.4
251           4679.28        4841.38
252           4679.28        4841.38
253           4679.28        4841.38
254           4679.28        4841.38
255           4679.28        4841.36
256           4679.28        4841.36
257           4679.28        4841.36
258           4679.28        4841.32
259           4679.28        4841.31
260           4679.28        4841.31
261           4679.28        4841.31
262           4679.28         4841.3
263           4679.28        4841.27
264           4679.28        4841.27
265           4679.28        4841.27
266           4679.28        4841.26
267           4679.28        4841.24
268           4679.28        4841.24
269           4679.28        4841.24
270           4679.28        4841.24
271           4679.28        4841.24
272           4679.28        4841.24
273           4679.27        4841.23
274           4679.27        4841.22
275           4679.27        4841.22
276           4679.27        4841.21
277           4679.27        4841.19
278           4679.27        4841.19
279           4679.27        4841.19
280           4679.27        4841.18
281           4679.27        4841.18
282           4679.27        4841.18
283           4679.27        4841.16
284           4679.26        4841.12
285           4679.26        4841.12
286           4679.02         4841.1
287           4679.02         4841.1
288           4679.02        4841.09
289           4679.02        4841.07
290           4679.02        4841.07
291           4679.02        4841.07
292           4679.02        4841.07
293           4679.02        4841.06
294           4679.02        4841.06
295           4679.02        4841.06
296           4679.02        4841.06
297           4679.02        4841.06
298           4679.02        4841.06
299           4679.02        4841.04
300           4679.02        4841.04
301           4679.02        4841.04
302           4679.02        4841.04
303           4679.02        4841.02
304           4679.02        4840.99
305           4679.02        4840.98
306           4679.02        4840.97
307           4679.02        4840.97
308           4679.02        4840.96
309           4679.02        4840.96
310           4679.02        4840.93
311           4679.02        4840.93
312           4679.02        4840.92
313           4679.02        4840.92
314           4679.02        4840.91
315           4679.02        4840.91
316           4679.02        4840.88
317           4679.02        4840.88
318           4679.02        4840.88
319           4679.02        4840.87
320           4679.02        4840.87
321           4679.02        4840.87
322           4679.02        4840.87
323           4679.02        4840.86
324           4679.02        4840.84
325           4679.02        4840.83
326           4679.02        4840.83
327           4679.02        4840.83
328           4679.02        4840.83
329           4679.02        4840.83
330           4679.02        4840.82
331           4679.02        4840.82
332           4679.02        4840.82
333           4679.02        4840.82
334           4679.02        4840.82
335           4679.02        4840.81
336           4679.02        4840.81
337           4679.02         4840.8
338           4679.02         4840.8
339           4679.02         4840.8
340           4679.02         4840.8
341           4679.02         4840.8
342           4679.02         4840.8
343           4679.02        4840.78
344           4679.02        4840.77
345           4679.02        4840.76
346           4679.02        4840.76
347           4679.02        4840.76
348           4679.02        4840.75
349           4679.02        4840.75
350           4679.02        4840.74
351           4679.02        4840.74
352           4679.02        4840.72
353           4679.02        4840.72
354           4679.02        4840.72
355           4679.02         4840.7
356           4678.96        4840.69
357           4678.96        4840.69
358           4678.96        4840.69
359            4678.8        4840.67
360            4678.8        4840.67
361            4678.8        4840.67
362            4678.8        4840.67
363            4678.8        4840.66
364            4678.8        4840.66
365            4678.8        4840.65
366            4678.8        4840.63
367            4678.8        4840.63
368            4678.8        4840.63
369            4678.8        4840.63
370            4678.8        4840.62
371            4678.8        4840.62
372            4678.8         4840.6
373            4678.8         4840.6
374            4678.8         4840.6
375            4678.8        4840.58
376            4678.8        4840.57
377            4678.8        4840.57
378            4678.8        4840.57
379            4678.8        4840.56
380            4678.8        4840.56
381            4678.8        4840.56
382            4678.8        4840.55
383            4678.8        4840.55
384            4678.8        4840.55
385            4678.8        4840.54
386            4678.8        4840.52
387            4678.8        4840.52
388            4678.8        4840.52
389            4678.8        4840.52
390            4678.8        4840.52
391            4678.8        4840.52
392            4678.8        4840.52
393            4678.8        4840.52
394            4678.8        4840.52
395            4678.8        4840.52
396            4678.8        4840.52
397            4678.8        4840.51
398            4678.8         4840.5
399            4678.8         4840.5
400            4678.8         4840.5
401            4678.8        4840.49
402            4678.8        4840.48
403            4678.8        4840.48
404            4678.8        4840.48
405            4678.8        4840.47
406            4678.8        4840.47
407            4678.8        4840.45
408            4678.8        4840.45
409            4678.8        4840.45
410            4678.8        4840.45
411            4678.8        4840.45
412            4678.8        4840.43
413            4678.8        4840.43
414            4678.8        4840.43
415            4678.8        4840.43
416            4678.8        4840.43
417            4678.8        4840.43
418            4678.8        4840.43
419            4678.8        4840.42
420            4678.8        4840.42
421            4678.8        4840.42
422            4678.8        4840.42
423            4678.8        4840.42
424            4678.8        4840.42
425            4678.8        4840.42
426           4678.76        4840.42
427           4678.76        4840.41
428           4678.76        4840.41
429           4678.76        4840.41
430           4678.76        4840.41
431           4678.76        4840.41
432           4678.76         4840.4
433           4678.76         4840.4
434           4678.76        4840.39
435           4678.76        4840.39
436           4678.76        4840.39
437            4678.7        4840.38
438            4678.7        4840.38
439            4678.7        4840.38
440            4678.7        4840.38
441           4678.59        4840.37
442           4678.59        4840.37
443           4678.59        4840.37
444           4678.59        4840.36
445           4678.59        4840.36
446           4678.59        4840.36
447           4678.59        4840.36
448           4678.59        4840.36
449           4678.59        4840.36
450           4678.59        4840.35
451           4678.59        4840.35
452           4678.59        4840.35
453           4678.59        4840.35
454           4678.59        4840.33
455           4678.59        4840.33
456           4678.59        4840.32
457           4678.59        4840.31
458           4678.59        4840.31
459           4678.59         4840.3
460           4678.59        4840.29
461           4678.55        4840.28
462           4678.55        4840.28
463           4678.55        4840.27
464           4678.55        4840.27
465           4678.55        4840.27
466           4678.55        4840.27
467           4678.55        4840.27
468           4678.55        4840.27
469           4678.55        4840.27
470           4678.55        4840.27
471           4678.54        4840.26
472           4678.54        4840.26
473           4678.54        4840.26
474           4678.54        4840.25
475           4678.54        4840.25
476           4678.54        4840.25
477           4678.54        4840.25
478           4678.54        4840.24
479           4678.54        4840.24
480           4678.54        4840.24
481           4678.53        4840.23
482           4678.53        4840.23
483           4678.53        4840.23
484           4678.53        4840.23
485           4678.53        4840.23
486           4678.51        4840.22
487           4678.51        4840.22
488           4678.51        4840.22
489           4678.51        4840.22
490           4678.51        4840.22
491           4678.51        4840.22
492           4678.51        4840.22
493           4678.51        4840.21
494           4678.51        4840.21
495           4678.51        4840.21
496           4678.51        4840.21
497           4678.51        4840.21
498           4678.51        4840.21
499           4678.51        4840.21
500           4678.51        4840.21
501           4678.51        4840.21
502           4678.51        4840.21
503           4678.51        4840.21
504           4678.51        4840.21
505           4678.51        4840.21
506           4678.51        4840.21
507           4678.51        4840.21
508           4678.51         4840.2
509           4678.51         4840.2
510           4678.51         4840.2
511           4678.51         4840.2
512           4678.51         4840.2
513           4678.51         4840.2
514           4678.51         4840.2
515           4678.51         4840.2
516           4678.51         4840.2
517           4678.51        4840.17
518           4678.51        4840.17
519           4678.51        4840.17
520           4678.51        4840.16
521           4678.51        4840.16
522           4678.51        4840.16
523           4678.51        4840.16
524           4678.51        4840.16
525           4678.51        4840.16
526           4678.51        4840.16
527           4678.51        4840.16
528           4678.51        4840.16
529           4678.51        4840.16
530           4678.51        4840.16
531           4678.51        4840.15
532           4678.51        4840.15
533           4678.51        4840.15
534           4678.51        4840.14
535           4678.51        4840.14
536           4678.51        4840.14
537           4678.51        4840.14
538           4678.51        4840.14
539           4678.51        4840.13
540           4678.51        4840.13
541           4678.51        4840.13
542           4678.48        4840.12
543           4678.48        4840.12
544           4678.48        4840.12
545           4678.48        4840.12
546           4678.48        4840.12
547           4678.48        4840.12
548           4678.48        4840.12
549           4678.48        4840.12
550           4678.48        4840.12
551           4678.48        4840.12
552           4678.48        4840.12
553           4678.48        4840.12
554           4678.48         4840.1
555           4678.48         4840.1
556           4678.48         4840.1
557           4678.48         4840.1
558           4678.48         4840.1
559           4678.48         4840.1
560           4678.48         4840.1
561           4678.48         4840.1
562           4678.48         4840.1
563           4678.48         4840.1
564           4678.48         4840.1
565           4678.48         4840.1
566           4678.48         4840.1
567           4678.48         4840.1
568           4678.48         4840.1
569           4678.48         4840.1
570           4678.48         4840.1
571           4678.48         4840.1
572           4678.48         4840.1
573           4678.48         4840.1
574           4678.48         4840.1
575           4678.48         4840.1
576           4678.48         4840.1
577           4678.48         4840.1
578           4678.48         4840.1
579           4678.48         4840.1
580           4678.48         4840.1
581           4678.48         4840.1
582           4678.48         4840.1
583           4678.48        4840.09
584           4678.48        4840.09
585           4678.48        4840.09
586           4678.48        4840.09
587           4678.48        4840.09
588           4678.48        4840.08
589           4678.48        4840.07
590           4678.44        4840.07
591           4678.44        4840.07
592           4678.44        4840.07
593           4678.44        4840.07
594           4678.44        4840.07
595           4678.44        4840.07
596           4678.44        4840.07
597           4678.44        4840.07
598           4678.44        4840.07
599           4678.44        4840.07
600           4678.44        4840.07
601           4678.44        4840.07
602           4678.44        4840.07
603           4678.44        4840.07
604           4678.44        4840.07
605           4678.44        4840.07
606           4678.44        4840.07
607           4678.44        4840.07
608           4678.44        4840.07
609           4678.44        4840.07
610           4678.44        4840.07
611           4678.44        4840.06
612           4678.44        4840.06
613           4678.44        4840.06
614           4678.44        4840.06
615           4678.44        4840.06
616           4678.44        4840.06
617           4678.44        4840.06
618           4678.44        4840.06
619           4678.44        4840.06
620           4678.44        4840.06
621           4678.44        4840.06
622           4678.44        4840.06
623           4678.44        4840.06
624           4678.44        4840.06
625           4678.44        4840.06
626           4678.44        4840.04
627           4678.44        4840.04
628           4678.44        4840.04
629           4678.44        4840.04
630           4678.44        4840.04
631           4678.44        4840.04
632           4678.44        4840.04
633           4678.43        4840.03
634           4678.43        4840.03
635           4678.42        4840.03
636            4678.4        4840.02
637            4678.4        4840.01
638            4678.4           4840
639            4678.4           4840
640            4678.4           4840
641           4678.37           4840
642           4678.37           4840
643           4678.37        4839.99
644           4678.37        4839.98
645           4678.37        4839.98
646           4678.37        4839.98
647           4678.37        4839.96
648           4678.37        4839.96
649           4678.37        4839.96
650           4678.37        4839.95
651           4678.37        4839.94
652           4678.37        4839.94
653           4678.35        4839.94
654           4678.35        4839.94
655           4678.32        4839.93
656           4678.32        4839.93
657           4678.32        4839.93
658           4678.32        4839.92
659           4678.32        4839.92
660           4678.32        4839.92
661           4678.32        4839.92
662           4678.32        4839.92
663           4678.32        4839.92
664           4678.32        4839.91
665           4678.32        4839.91
666           4678.32        4839.91
667           4678.32        4839.91
668           4678.32        4839.91
669           4678.32        4839.91
670           4678.32        4839.91
671           4678.32        4839.91
672           4678.32        4839.91
673           4678.32        4839.91
674           4678.26         4839.9
675           4678.26        4839.89
676           4678.26        4839.89
677           4678.26        4839.89
678           4678.26        4839.89
679           4678.26        4839.89
680           4678.26        4839.89
681           4678.26        4839.88
682           4678.26        4839.88
683           4678.26        4839.87
684           4678.26        4839.86
685           4678.26        4839.86
686           4678.26        4839.85
687           4678.25        4839.85
688           4678.25        4839.85
689           4678.25        4839.85
690           4678.25        4839.85
691           4678.25        4839.85
692           4678.25        4839.85
693           4678.25        4839.85
694           4678.25        4839.85
695           4678.25        4839.85
696           4678.25        4839.84
697           4678.25        4839.84
698           4678.25        4839.84
699           4678.25        4839.84
700           4678.25        4839.84
701           4678.25        4839.84
702           4678.25        4839.84
703           4678.25        4839.84
704           4678.25        4839.84
705           4678.25        4839.84
706           4678.25        4839.84
707           4678.25        4839.84
708           4678.25        4839.84
709           4678.25        4839.84
710           4678.25        4839.84
711           4678.25        4839.84
712           4678.25        4839.83
713           4678.25        4839.83
714           4678.25        4839.83
715           4678.25        4839.83
716           4678.25        4839.83
717           4678.25        4839.83
718           4678.25        4839.82
719           4678.25        4839.82
720           4678.25        4839.82
721           4678.25        4839.82
722           4678.25        4839.82
723           4678.25        4839.82
724           4678.25        4839.82
725           4678.25        4839.82
726           4678.25        4839.82
727           4678.25        4839.82
728           4678.25        4839.81
729           4678.25        4839.81
730           4678.25        4839.81
731           4678.25        4839.81
732           4678.25        4839.81
733           4678.22        4839.81
734           4678.22        4839.81
735           4678.22        4839.81
736           4678.22        4839.81
737           4678.22        4839.81
738           4678.22        4839.81
739           4678.22        4839.81
740           4678.22         4839.8
741           4678.22         4839.8
742           4678.22         4839.8
743           4678.22         4839.8
744           4678.22         4839.8
745           4678.22         4839.8
746           4678.22         4839.8
747           4678.22         4839.8
748           4678.22         4839.8
749           4678.22         4839.8
750           4678.22        4839.79
751           4678.22        4839.79
752           4678.22        4839.79
753           4678.22        4839.78
754           4678.22        4839.78
755           4678.22        4839.78
756           4678.22        4839.78
757           4678.22        4839.78
758           4678.22        4839.78
759           4678.22        4839.78
760           4678.22        4839.78
761           4678.22        4839.78
762           4678.22        4839.77
763           4678.22        4839.77
764           4678.22        4839.76
765           4678.22        4839.76
766           4678.22        4839.76
767           4678.22        4839.76
768           4678.22        4839.76
769           4678.22        4839.76
770           4678.22        4839.76
771           4678.22        4839.76
772           4678.22        4839.76
773           4678.22        4839.76
774           4678.22        4839.76
775           4678.22        4839.76
776           4678.22        4839.76
777           4678.22        4839.76
778           4678.22        4839.76
779           4678.22        4839.76
780           4678.22        4839.76
781           4678.22        4839.76
782           4678.22        4839.76
783           4678.22        4839.76
784           4678.22        4839.76
785           4678.22        4839.76
786           4678.22        4839.76
787           4678.22        4839.75
788           4678.22        4839.74
789           4678.22        4839.74
790           4678.22        4839.74
791           4678.22        4839.74
792           4678.22        4839.74
793           4678.22        4839.74
794           4678.22        4839.74
795           4678.22        4839.74
796           4678.22        4839.74
797           4678.22        4839.74
798           4678.22        4839.74
799           4678.22        4839.74
800           4678.22        4839.74
801           4678.22        4839.74
802           4678.22        4839.74
803           4678.22        4839.74
804           4678.22        4839.74
805           4678.22        4839.74
806           4678.22        4839.74
807           4678.22        4839.73
808           4678.22        4839.73
809           4678.22        4839.73
810           4678.22        4839.73
811           4678.22        4839.73
812           4678.22        4839.73
813           4678.22        4839.73
814           4678.22        4839.73
815           4678.21        4839.72
816           4678.21        4839.71
817           4678.21        4839.71
818           4678.21        4839.71
819           4678.21        4839.71
820           4678.21        4839.71
821           4678.21         4839.7
822           4678.21         4839.7
823           4678.21         4839.7
824           4678.21         4839.7
825           4678.21         4839.7
826           4678.21         4839.7
827           4678.21         4839.7
828           4678.21         4839.7
829           4678.21         4839.7
830           4678.21         4839.7
831           4678.21         4839.7
832           4678.12        4839.69
833           4678.12        4839.69
834           4678.12        4839.69
835           4678.12        4839.69
836           4678.12        4839.68
837           4678.12        4839.68
838           4678.12        4839.68
839           4678.12        4839.68
840           4678.12        4839.67
841           4678.12        4839.67
842           4678.12        4839.66
843           4678.12        4839.65
844           4678.12        4839.65
845           4678.12        4839.65
846           4678.12        4839.64
847           4678.12        4839.64
848           4678.12        4839.64
849           4678.12        4839.64
850           4678.12        4839.64
851           4678.12        4839.64
852           4678.12        4839.63
853           4678.12        4839.63
854           4678.12        4839.63
855           4678.12        4839.63
856           4678.12        4839.63
857           4678.12        4839.63
858           4678.12        4839.63
859           4678.12        4839.63
860           4678.12        4839.63
861           4678.12        4839.63
862           4678.12        4839.63
863           4678.12        4839.62
864           4678.12        4839.61
865           4678.12        4839.61
866           4678.12        4839.61
867           4678.12        4839.61
868           4678.08         4839.6
869           4678.08         4839.6
870           4678.08         4839.6
871           4678.08         4839.6
872           4678.08         4839.6
873           4678.08         4839.6
874           4678.08        4839.59
875           4678.08        4839.58
876           4678.08        4839.58
877           4678.08        4839.58
878           4678.08        4839.57
879           4678.08        4839.57
880           4678.08        4839.56
881           4678.08        4839.56
882           4678.08        4839.55
883           4678.08        4839.55
884           4678.08        4839.55
885           4678.08        4839.55
886           4678.08        4839.55
887           4678.05        4839.54
888           4678.05        4839.54
889           4678.03        4839.53
890           4678.03        4839.53
891           4678.03        4839.53
892           4677.99        4839.52
893           4677.99        4839.52
894           4677.99        4839.52
895           4677.99        4839.52
896           4677.99        4839.52
897           4677.99        4839.51
898           4677.99        4839.51
899           4677.99         4839.5
900           4677.99         4839.5
901           4677.99        4839.48
902           4677.99        4839.47
903           4677.99        4839.46
904           4677.99        4839.46
905           4677.99        4839.46
906           4677.99        4839.46
907           4677.98        4839.46
908           4677.94        4839.46
909           4677.94        4839.45
910           4677.94        4839.45
911           4677.94        4839.45
912           4677.94        4839.45
913           4677.94        4839.45
914           4677.94        4839.44
915           4677.94        4839.44
916           4677.87        4839.44
917           4677.87        4839.43
918           4677.87        4839.43
919           4677.87        4839.43
920           4677.87        4839.43
921           4677.87        4839.43
922           4677.87        4839.43
923           4677.87        4839.43
924           4677.87        4839.43
925           4677.87        4839.43
926           4677.87        4839.43
927           4677.87        4839.43
928           4677.83        4839.43
929           4677.83        4839.43
930           4677.83        4839.42
931           4677.83        4839.42
932           4677.83        4839.42
933           4677.83        4839.42
934           4677.83        4839.42
935           4677.83        4839.41
936           4677.83        4839.41
937           4677.83        4839.41
938           4677.83        4839.41
939           4677.83        4839.41
940           4677.83         4839.4
941           4677.83         4839.4
942           4677.83         4839.4
943           4677.83        4839.38
944           4677.83        4839.38
945           4677.83        4839.38
946           4677.83        4839.38
947           4677.83        4839.38
948           4677.83        4839.38
949           4677.83        4839.37
950           4677.83        4839.37
951           4677.83        4839.37
952           4677.83        4839.37
953           4677.83        4839.37
954           4677.83        4839.36
955           4677.83        4839.36
956           4677.83        4839.36
957           4677.83        4839.36
958           4677.83        4839.36
959           4677.83        4839.35
960           4677.83        4839.35
961           4677.83        4839.34
962           4677.83        4839.34
963           4677.83        4839.34
964           4677.83        4839.34
965           4677.83        4839.32
966           4677.83        4839.32
967           4677.83        4839.31
968           4677.83        4839.31
969           4677.83        4839.31
970           4677.83        4839.31
971           4677.82        4839.31
972           4677.82        4839.31
973           4677.82         4839.3
974           4677.82         4839.3
975           4677.82         4839.3
976           4677.82         4839.3
977           4677.82         4839.3
978           4677.82         4839.3
979           4677.82         4839.3
980           4677.82         4839.3
981           4677.82         4839.3
982           4677.82        4839.29
983           4677.82        4839.28
984           4677.81        4839.28
985           4677.78        4839.27
986           4677.78        4839.27
987           4677.78        4839.26
988           4677.78        4839.26
989           4677.78        4839.26
990           4677.72        4839.25
991           4677.72        4839.24
992           4677.72        4839.24
993           4677.72        4839.24
994           4677.72        4839.24
995           4677.72        4839.24
996           4677.72        4839.24
997           4677.72        4839.24
998           4677.72        4839.23
999           4677.72        4839.22
1000           4677.72        4839.22
1001           4677.72        4839.21
1002           4677.72         4839.2
1003           4677.72         4839.2
1004           4677.72         4839.2
1005           4677.72         4839.2
1006           4677.72         4839.2
1007           4677.72        4839.19
1008           4677.72        4839.19
1009           4677.72        4839.19
1010           4677.72        4839.19
1011           4677.72        4839.19
1012           4677.72        4839.19
1013           4677.72        4839.19
1014           4677.72        4839.19
1015           4677.72        4839.19
1016           4677.72        4839.19
1017           4677.72        4839.19
1018           4677.72        4839.19
1019           4677.71        4839.18
1020           4677.71        4839.17
1021           4677.71        4839.17
1022           4677.71        4839.17
1023           4677.71        4839.17
1024           4677.71        4839.17
1025           4677.71        4839.17
1026           4677.71        4839.16
1027           4677.71        4839.16
1028           4677.67        4839.16
1029           4677.67        4839.16
1030           4677.67        4839.16
1031           4677.67        4839.16
1032           4677.67        4839.16
1033           4677.67        4839.16
1034           4677.67        4839.16
1035           4677.67        4839.15
1036           4677.67        4839.14
1037           4677.67        4839.13
1038           4677.67        4839.13
1039           4677.63        4839.13
1040           4677.63        4839.12
1041           4677.63        4839.12
1042           4677.63        4839.12
1043           4677.63        4839.12
1044           4677.63        4839.12
1045           4677.63        4839.12
1046           4677.63        4839.12
1047           4677.63        4839.11
1048           4677.63        4839.11
1049           4677.63        4839.11
1050           4677.63         4839.1
1051           4677.63         4839.1
1052           4677.63         4839.1
1053           4677.63         4839.1
1054           4677.63         4839.1
1055           4677.63        4839.09
1056           4677.63        4839.09
1057           4677.63        4839.09
1058           4677.63        4839.09
1059            4677.6        4839.08
1060            4677.6        4839.08
1061            4677.6        4839.08
1062           4677.58        4839.07
1063           4677.53        4839.07
1064           4677.53        4839.06
1065           4677.53        4839.06
1066           4677.53        4839.06
1067           4677.53        4839.06
1068           4677.53        4839.06
1069           4677.53        4839.06
1070           4677.53        4839.06
1071           4677.53        4839.06
1072           4677.53        4839.06
1073           4677.53        4839.06
1074           4677.53        4839.06
1075           4677.53        4839.05
1076           4677.53        4839.05
1077           4677.53        4839.05
1078           4677.53        4839.05
1079           4677.51        4839.05
1080           4677.51        4839.05
1081           4677.51        4839.05
1082           4677.51        4839.04
1083           4677.51        4839.04
1084           4677.51        4839.04
1085           4677.51        4839.03
1086           4677.51        4839.03
1087           4677.51        4839.03
1088           4677.51        4839.03
1089           4677.51        4839.03
1090           4677.51        4839.03
1091           4677.51        4839.02
1092            4677.5        4839.02
1093            4677.5        4839.01
1094            4677.5        4839.01
1095            4677.5        4839.01
1096            4677.5        4839.01
1097            4677.5        4839.01
1098            4677.5        4839.01
1099            4677.5        4839.01
1100            4677.5        4839.01
1101            4677.5        4839.01
1102            4677.5           4839
1103            4677.5           4839
1104            4677.5           4839
1105            4677.5           4839
1106           4677.47           4839
1107           4677.47        4838.99
1108           4677.47        4838.99
1109           4677.47        4838.99
1110           4677.47        4838.98
1111           4677.47        4838.98
1112           4677.47        4838.98
1113           4677.47        4838.98
1114           4677.47        4838.98
1115           4677.47        4838.98
1116           4677.47        4838.98
1117           4677.47        4838.98
1118           4677.42        4838.98
1119           4677.42        4838.98
1120           4677.42        4838.98
1121           4677.42        4838.98
1122           4677.42        4838.98
1123           4677.38        4838.97
1124           4677.38        4838.97
1125           4677.38        4838.97
1126           4677.38        4838.97
1127           4677.38        4838.96
1128           4677.38        4838.96
1129           4677.38        4838.96
1130           4677.38        4838.96
1131           4677.38        4838.96
1132           4677.38        4838.96
1133           4677.38        4838.96
1134           4677.38        4838.96
1135           4677.38        4838.96
1136           4677.38        4838.96
1137           4677.38        4838.96
1138           4677.38        4838.96
1139           4677.38        4838.95
1140           4677.38        4838.95
1141           4677.38        4838.95
1142           4677.38        4838.95
1143           4677.32        4838.95
1144           4677.32        4838.95
1145           4677.32        4838.94
1146           4677.32        4838.94
1147           4677.32        4838.94
1148           4677.32        4838.94
1149           4677.32        4838.94
1150           4677.32        4838.94
1151           4677.32        4838.94
1152           4677.32        4838.94
1153           4677.32        4838.94
1154           4677.32        4838.93
1155           4677.32        4838.93
1156           4677.32        4838.93
1157           4677.32        4838.93
1158           4677.32        4838.93
1159           4677.32        4838.93
1160           4677.32        4838.93
1161           4677.32        4838.93
1162           4677.32        4838.93
1163           4677.32        4838.93
1164           4677.32        4838.93
1165           4677.32        4838.93
1166           4677.32        4838.93
1167           4677.32        4838.93
1168           4677.32        4838.92
1169           4677.32        4838.92
1170           4677.32        4838.92
1171           4677.32        4838.92
1172           4677.32        4838.92
1173           4677.32        4838.91
1174           4677.32        4838.91
1175           4677.32        4838.91
1176           4677.32        4838.91
1177           4677.32        4838.91
1178           4677.32         4838.9
1179           4677.32         4838.9
1180           4677.32         4838.9
1181           4677.32         4838.9
1182           4677.32         4838.9
1183           4677.32         4838.9
1184           4677.32         4838.9
1185           4677.32        4838.89
1186           4677.32        4838.89
1187           4677.32        4838.89
1188            4677.3        4838.89
1189            4677.3        4838.89
1190            4677.3        4838.89
1191            4677.3        4838.88
1192            4677.3        4838.88
1193            4677.3        4838.88
1194            4677.3        4838.88
1195            4677.3        4838.88
1196            4677.3        4838.88
1197            4677.3        4838.88
1198            4677.3        4838.87
1199            4677.3        4838.87
1200            4677.3        4838.87
1201            4677.3        4838.87
1202            4677.3        4838.87
1203            4677.3        4838.87
1204            4677.3        4838.87
1205            4677.3        4838.87
1206            4677.3        4838.87
1207            4677.3        4838.87
1208            4677.3        4838.87
1209            4677.3        4838.87
1210            4677.3        4838.87
1211            4677.3        4838.87
1212            4677.3        4838.87
1213            4677.3        4838.87
1214            4677.3        4838.87
1215            4677.3        4838.87
1216            4677.3        4838.87
1217            4677.3        4838.87
1218            4677.3        4838.87
1219            4677.3        4838.87
1220            4677.3        4838.87
1221            4677.3        4838.87
1222            4677.3        4838.86
1223            4677.3        4838.86
1224            4677.3        4838.86
1225            4677.3        4838.85
1226            4677.3        4838.85
1227            4677.3        4838.85
1228            4677.3        4838.85
1229            4677.3        4838.85
1230            4677.3        4838.84
1231            4677.3        4838.84
1232            4677.3        4838.84
1233            4677.3        4838.84
1234            4677.3        4838.84
1235            4677.3        4838.84
1236            4677.3        4838.84
1237            4677.3        4838.84
1238            4677.3        4838.84
1239            4677.3        4838.84
1240            4677.3        4838.84
1241            4677.3        4838.84
1242            4677.3        4838.84
1243            4677.3        4838.84
1244            4677.3        4838.84
1245            4677.3        4838.84
1246            4677.3        4838.84
1247            4677.3        4838.84
1248           4677.27        4838.83
1249           4677.27        4838.83
1250           4677.27        4838.83
1251           4677.27        4838.83
1252           4677.27        4838.83
1253           4677.27        4838.83
1254           4677.27        4838.83
1255           4677.27        4838.83
1256           4677.27        4838.82
1257           4677.27        4838.82
1258           4677.24        4838.82
1259           4677.24        4838.82
1260           4677.24        4838.82
1261           4677.24        4838.82
1262           4677.24        4838.82
1263           4677.24        4838.82
1264           4677.24        4838.82
1265           4677.24        4838.82
1266           4677.24        4838.82
1267           4677.24        4838.82
1268           4677.24        4838.82
1269           4677.24        4838.82
1270           4677.24        4838.82
1271           4677.24        4838.82
1272           4677.24        4838.82
1273           4677.24        4838.82
1274           4677.24        4838.82
1275           4677.24        4838.82
1276           4677.24        4838.81
1277           4677.24        4838.81
1278           4677.24        4838.81
1279           4677.24        4838.81
1280           4677.24        4838.81
1281           4677.24        4838.81
1282           4677.24        4838.81
1283           4677.24        4838.81
1284           4677.24        4838.81
1285           4677.24        4838.81
1286           4677.24        4838.81
1287           4677.24        4838.81
1288           4677.24        4838.81
1289           4677.24        4838.81
1290           4677.24        4838.81
1291           4677.24        4838.81
1292           4677.24        4838.81
1293           4677.24        4838.81
1294           4677.24        4838.81
1295           4677.24        4838.81
1296           4677.24        4838.81
1297           4677.24        4838.81
1298           4677.24        4838.81
1299           4677.24        4838.81
1300           4677.24        4838.81
1301           4677.24         4838.8
1302           4677.24         4838.8
1303           4677.24         4838.8
1304           4677.24         4838.8
1305           4677.24         4838.8
1306           4677.24         4838.8
1307           4677.24        4838.79
1308           4677.24        4838.79
1309           4677.24        4838.79
1310           4677.24        4838.79
1311           4677.24        4838.79
1312           4677.24        4838.79
1313           4677.24        4838.79
1314           4677.24        4838.79
1315           4677.24        4838.79
1316           4677.24        4838.79
1317           4677.24        4838.79
1318           4677.24        4838.79
1319           4677.24        4838.79
1320           4677.24        4838.79
1321           4677.24        4838.79
1322           4677.24        4838.79
1323           4677.24        4838.79
1324           4677.24        4838.79
1325           4677.24        4838.78
1326           4677.24        4838.78
1327           4677.24        4838.78
1328           4677.24        4838.78
1329           4677.24        4838.78
1330           4677.24        4838.78
1331           4677.24        4838.78
1332           4677.24        4838.78
1333           4677.24        4838.78
1334           4677.24        4838.78
1335           4677.24        4838.78
1336           4677.24        4838.78
1337           4677.24        4838.78
1338           4677.24        4838.78
1339           4677.24        4838.77
1340           4677.24        4838.77
1341           4677.24        4838.77
1342           4677.24        4838.77
1343           4677.24        4838.77
1344           4677.24        4838.77
1345           4677.24        4838.76
1346           4677.24        4838.76
1347           4677.24        4838.76
1348           4677.24        4838.76
1349           4677.24        4838.76
1350           4677.24        4838.76
1351           4677.24        4838.76
1352           4677.24        4838.76
1353           4677.24        4838.76
1354           4677.24        4838.76
1355           4677.24        4838.76
1356           4677.24        4838.76
1357           4677.24        4838.76
1358           4677.24        4838.76
1359           4677.24        4838.76
1360           4677.24        4838.75
1361           4677.24        4838.75
1362           4677.24        4838.75
1363           4677.24        4838.75
1364           4677.24        4838.75
1365           4677.23        4838.75
1366           4677.23        4838.75
1367           4677.23        4838.75
1368           4677.23        4838.75
1369           4677.23        4838.75
1370           4677.23        4838.74
1371           4677.23        4838.74
1372           4677.23        4838.74
1373           4677.23        4838.74
1374           4677.23        4838.74
1375           4677.23        4838.74
1376           4677.23        4838.74
1377           4677.23        4838.74
1378           4677.23        4838.74
1379           4677.23        4838.74
1380           4677.23        4838.74
1381           4677.23        4838.74
1382           4677.23        4838.74
1383           4677.23        4838.74
1384           4677.23        4838.74
1385           4677.23        4838.74
1386           4677.23        4838.74
1387           4677.23        4838.74
1388           4677.23        4838.74
1389           4677.23        4838.74
1390           4677.23        4838.73
1391           4677.23        4838.73
1392           4677.23        4838.73
1393           4677.23        4838.73
1394           4677.23        4838.73
1395           4677.23        4838.73
1396           4677.23        4838.73
1397           4677.23        4838.73
1398           4677.23        4838.73
1399           4677.23        4838.73
1400           4677.23        4838.73
1401           4677.23        4838.73
1402           4677.23        4838.73
1403           4677.23        4838.73
1404           4677.23        4838.73
1405           4677.23        4838.73
1406           4677.23        4838.73
1407           4677.23        4838.73
1408           4677.23        4838.73
1409           4677.23        4838.73
1410           4677.23        4838.73
1411           4677.22        4838.73
1412           4677.15        4838.72
1413           4677.15        4838.72
1414           4677.15        4838.72
1415           4677.15        4838.72
1416           4677.15        4838.72
1417           4677.15        4838.72
1418           4677.15        4838.72
1419           4677.15        4838.72
1420           4677.15        4838.71
1421           4677.15        4838.71
1422           4677.15        4838.71
1423           4677.15        4838.71
1424           4677.15        4838.71
1425           4677.15        4838.71
1426           4677.15        4838.71
1427           4677.15        4838.71
1428           4677.15        4838.71
1429           4677.15        4838.71
1430           4677.15        4838.71
1431           4677.15        4838.71
1432           4677.15        4838.71
1433           4677.15        4838.71
1434           4677.15        4838.71
1435           4677.15        4838.71
1436           4677.15        4838.71
1437           4677.15        4838.71
1438           4677.15        4838.71
1439           4677.15        4838.71
1440           4677.15        4838.71
1441           4677.15        4838.71
1442           4677.15         4838.7
1443           4677.15         4838.7
1444           4677.15         4838.7
1445           4677.15         4838.7
1446           4677.15         4838.7
1447           4677.15         4838.7
1448           4677.15         4838.7
1449           4677.15         4838.7
1450           4677.15         4838.7
1451           4677.15         4838.7
1452           4677.15         4838.7
1453           4677.15         4838.7
1454           4677.15         4838.7
1455           4677.15         4838.7
1456           4677.15         4838.7
1457           4677.15         4838.7
1458           4677.15         4838.7
1459           4677.15         4838.7
1460           4677.15         4838.7
1461           4677.15         4838.7
1462           4677.15         4838.7
1463           4677.15         4838.7
1464           4677.15         4838.7
1465           4677.15         4838.7
1466           4677.15         4838.7
1467           4677.15         4838.7
1468           4677.15         4838.7
1469           4677.15         4838.7
1470           4677.15         4838.7
1471           4677.15         4838.7
1472           4677.15         4838.7
1473           4677.15         4838.7
1474           4677.15         4838.7
1475           4677.15         4838.7
1476           4677.15         4838.7
1477           4677.15         4838.7
1478           4677.15         4838.7
1479           4677.15         4838.7
1480           4677.15         4838.7
1481           4677.15         4838.7
1482           4677.15         4838.7
1483           4677.15         4838.7
1484           4677.15         4838.7
1485           4677.15         4838.7
1486           4677.15         4838.7
1487           4677.15         4838.7
1488           4677.15         4838.7
1489           4677.15         4838.7
1490           4677.15         4838.7
1491           4677.15         4838.7
1492           4677.15         4838.7
1493           4677.15         4838.7
1494           4677.15         4838.7
1495           4677.15         4838.7
1496           4677.15         4838.7
1497           4677.15        4838.69
1498           4677.15        4838.68
1499           4677.15        4838.68
1500           4677.15        4838.68
1501           4677.15        4838.68
1502           4677.15        4838.68
1503           4677.15        4838.68
1504           4677.15        4838.68
1505           4677.15        4838.68
1506           4677.15        4838.68
1507           4677.15        4838.68
1508           4677.15        4838.68
1509           4677.08        4838.67
1510           4677.08        4838.67
1511           4677.08        4838.67
1512           4677.08        4838.67
1513           4677.08        4838.67
1514           4677.08        4838.67
1515           4677.08        4838.67
1516           4677.08        4838.67
1517           4677.08        4838.67
1518           4677.08        4838.67
1519           4677.08        4838.67
1520           4677.08        4838.67
1521           4677.08        4838.67
1522           4677.08        4838.66
1523           4677.08        4838.66
1524           4677.08        4838.66
1525           4677.08        4838.66
1526           4677.08        4838.66
1527           4677.08        4838.65
1528           4677.08        4838.65
1529           4677.08        4838.65
1530           4677.08        4838.65
1531           4677.08        4838.65
1532           4677.08        4838.65
1533           4677.08        4838.65
1534           4677.08        4838.65
1535           4677.08        4838.65
1536           4677.08        4838.65
1537           4677.08        4838.65
1538           4677.08        4838.65
1539           4677.08        4838.65
1540           4677.08        4838.65
1541           4677.08        4838.65
1542           4677.08        4838.65
1543           4677.08        4838.65
1544           4677.08        4838.65
1545           4677.08        4838.65
1546           4677.08        4838.65
1547           4677.08        4838.65
1548           4677.08        4838.65
1549           4677.08        4838.65
1550           4677.08        4838.65
1551           4677.08        4838.64
1552           4677.08        4838.64
1553           4677.08        4838.64
1554           4677.08        4838.64
1555           4677.08        4838.64
1556           4677.08        4838.64
1557           4677.08        4838.64
1558           4677.08        4838.64
1559           4677.08        4838.64
1560           4677.08        4838.63
1561           4677.08        4838.63
1562           4677.08        4838.63
1563           4677.08        4838.63
1564           4677.08        4838.63
1565           4677.08        4838.63
1566           4677.08        4838.63
1567           4677.08        4838.63
1568           4677.08        4838.63
1569           4677.08        4838.63
1570           4677.08        4838.63
1571           4677.08        4838.63
1572           4677.08        4838.63
1573           4677.08        4838.63
1574           4677.08        4838.63
1575           4677.08        4838.63
1576           4677.08        4838.63
1577           4677.08        4838.63
1578           4677.08        4838.63
1579           4677.08        4838.63
1580           4677.08        4838.63
1581           4677.08        4838.63
1582           4677.08        4838.63
1583           4677.08        4838.63
1584           4677.08        4838.63
1585           4677.08        4838.63
1586           4677.08        4838.63
1587           4677.08        4838.63
1588           4677.08        4838.62
1589           4677.08        4838.62
1590           4677.08        4838.62
1591           4677.08        4838.62
1592           4677.08        4838.62
1593           4677.08        4838.62
1594           4677.08        4838.62
1595           4677.08        4838.62
1596           4677.08        4838.62
1597           4677.08        4838.62
1598           4677.08        4838.62
1599           4677.08        4838.62
1600           4677.08        4838.62
1601           4677.08        4838.62
1602           4677.08        4838.62
1603           4677.08        4838.61
1604           4677.08        4838.61
1605           4677.08        4838.61
1606           4677.08        4838.61
1607           4677.08        4838.61
1608           4677.08        4838.61
1609           4677.08        4838.61
1610           4677.08         4838.6
1611           4677.08         4838.6
1612           4677.08         4838.6
1613           4677.08        4838.59
1614           4677.08        4838.59
1615           4677.08        4838.59
1616           4677.08        4838.59
1617           4677.08        4838.59
1618           4677.08        4838.59
1619           4677.08        4838.59
1620           4677.08        4838.59
1621           4677.08        4838.59
1622           4677.08        4838.59
1623           4677.08        4838.59
1624           4677.08        4838.59
1625           4677.08        4838.59
1626           4677.08        4838.59
1627           4677.08        4838.59
1628           4677.08        4838.59
1629           4677.08        4838.59
1630           4677.08        4838.59
1631           4677.08        4838.59
1632           4677.08        4838.59
1633           4677.08        4838.59
1634           4677.08        4838.59
1635           4677.08        4838.59
1636           4677.08        4838.59
1637           4677.08        4838.59
1638           4677.08        4838.59
1639           4677.08        4838.59
1640           4677.08        4838.59
1641           4677.08        4838.59
1642           4677.08        4838.59
1643           4677.08        4838.59
1644           4677.08        4838.59
1645           4677.08        4838.59
1646           4677.08        4838.59
1647           4677.08        4838.59
1648           4677.08        4838.59
1649           4677.08        4838.59
1650           4677.08        4838.58
1651           4677.08        4838.58
1652           4677.08        4838.58
1653           4677.08        4838.58
1654           4677.08        4838.58
1655           4677.08        4838.58
1656           4677.08        4838.58
1657           4677.08        4838.58
1658           4677.08        4838.58
1659           4677.08        4838.58
1660           4677.08        4838.58
1661           4677.08        4838.58
1662           4677.08        4838.58
1663           4677.08        4838.58
1664           4677.08        4838.58
1665           4677.08        4838.58
1666           4677.07        4838.58
1667           4677.07        4838.58
1668           4677.07        4838.58
1669           4677.07        4838.58
1670           4677.07        4838.58
1671           4677.07        4838.58
1672           4677.07        4838.58
1673           4677.07        4838.58
1674           4677.07        4838.58
1675           4677.07        4838.57
1676           4677.07        4838.57
1677           4677.07        4838.57
1678           4677.07        4838.57
1679           4677.07        4838.57
1680           4677.07        4838.57
1681           4677.07        4838.57
1682           4677.07        4838.57
1683           4677.07        4838.57
1684           4677.07        4838.57
1685           4677.07        4838.57
1686           4677.07        4838.57
1687           4677.07        4838.57
1688           4677.07        4838.57
1689           4677.07        4838.57
1690           4677.07        4838.57
1691           4677.07        4838.57
1692           4677.07        4838.57
1693           4677.07        4838.57
1694           4677.07        4838.57
1695           4677.07        4838.57
1696           4677.07        4838.57
1697           4677.07        4838.57
1698           4677.07        4838.57
1699           4677.07        4838.57
1700           4677.07        4838.57
1701           4677.07        4838.57
1702           4677.07        4838.57
1703           4677.07        4838.57
1704           4677.07        4838.57
1705           4677.07        4838.57
1706           4677.07        4838.57
1707           4677.07        4838.57
1708           4677.07        4838.57
1709           4677.07        4838.57
1710           4677.07        4838.57
1711           4677.07        4838.57
1712           4677.07        4838.57
1713           4677.07        4838.57
1714           4677.07        4838.57
1715           4677.07        4838.57
1716           4677.07        4838.57
1717           4677.07        4838.57
1718           4677.07        4838.57
1719           4677.07        4838.57
1720           4677.07        4838.57
1721           4677.07        4838.57
1722           4677.07        4838.57
1723           4677.07        4838.57
1724           4677.07        4838.57
1725           4677.07        4838.57
1726           4677.07        4838.57
1727           4677.07        4838.57
1728           4677.07        4838.57
1729           4677.07        4838.57
1730           4677.07        4838.57
1731           4677.07        4838.57
1732           4677.07        4838.57
1733           4677.07        4838.57
1734           4677.07        4838.57
1735           4677.07        4838.56
1736           4677.07        4838.56
1737           4677.07        4838.56
1738           4677.07        4838.56
1739           4677.07        4838.56
1740           4677.07        4838.56
1741           4677.07        4838.56
1742           4677.07        4838.56
1743           4677.07        4838.56
1744           4677.07        4838.56
1745           4677.07        4838.56
1746           4677.07        4838.56
1747           4677.07        4838.56
1748           4677.07        4838.56
1749           4677.07        4838.56
1750           4677.07        4838.56
1751           4677.07        4838.56
1752           4677.07        4838.56
1753           4677.07        4838.56
1754           4677.07        4838.56
1755           4677.07        4838.56
1756           4677.07        4838.56
1757           4677.07        4838.56
1758           4677.07        4838.56
1759           4677.07        4838.56
1760           4677.07        4838.56
1761           4677.07        4838.56
1762           4677.07        4838.55
1763           4677.07        4838.55
1764           4677.07        4838.55
1765           4677.07        4838.55
1766           4677.07        4838.55
1767           4677.07        4838.55
1768           4677.07        4838.55
1769           4677.07        4838.55
1770           4677.07        4838.55
1771           4677.07        4838.55
1772           4677.07        4838.55
1773           4677.07        4838.55
1774           4677.07        4838.55
1775           4677.07        4838.55
1776           4677.07        4838.55
1777           4677.07        4838.55
1778           4677.07        4838.55
1779           4677.07        4838.55
1780           4677.07        4838.54
1781           4677.07        4838.54
1782           4677.07        4838.54
1783           4677.07        4838.54
1784           4677.07        4838.54
1785           4677.07        4838.54
1786           4677.07        4838.54
1787           4677.07        4838.54
1788           4677.07        4838.54
1789           4677.07        4838.54
1790           4677.07        4838.54
1791           4677.07        4838.54
1792           4677.07        4838.54
1793           4677.07        4838.54
1794           4677.07        4838.54
1795           4677.07        4838.54
1796           4677.07        4838.54
1797           4677.07        4838.54
1798           4677.07        4838.54
1799           4677.07        4838.54
1800           4677.07        4838.54
1801           4677.07        4838.54
1802           4677.07        4838.54
1803           4677.07        4838.54
1804           4677.07        4838.53
1805           4677.07        4838.53
1806           4677.07        4838.53
1807           4677.07        4838.53
1808           4677.07        4838.53
1809           4677.07        4838.53
1810           4677.07        4838.53
1811           4677.07        4838.53
1812           4677.07        4838.53
1813           4677.07        4838.53
1814           4677.07        4838.53
1815           4677.07        4838.53
1816           4677.07        4838.53
1817           4677.07        4838.53
1818           4677.07        4838.53
1819           4677.07        4838.53
1820           4677.07        4838.53
1821           4677.07        4838.53
1822           4677.07        4838.53
1823           4677.07        4838.53
1824           4677.07        4838.53
1825           4677.07        4838.53
1826           4677.07        4838.53
1827           4677.07        4838.53
1828           4677.07        4838.53
1829           4677.07        4838.53
1830           4677.07        4838.53
1831           4677.07        4838.53
1832           4677.07        4838.53
1833           4677.07        4838.53
1834           4677.07        4838.53
1835           4677.07        4838.53
1836           4677.07        4838.53
1837           4677.07        4838.53
1838           4677.07        4838.53
1839           4677.07        4838.53
1840           4677.07        4838.53
1841           4677.07        4838.53
1842           4677.07        4838.53
1843           4677.07        4838.53
1844           4677.07        4838.53
1845           4677.07        4838.53
1846           4677.07        4838.53
1847           4677.07        4838.53
1848           4677.07        4838.53
1849           4677.07        4838.53
1850           4677.07        4838.53
1851           4677.07        4838.53
1852           4677.07        4838.53
1853           4677.07        4838.53
1854           4677.07        4838.53
1855           4677.07        4838.53
1856           4677.07        4838.53
1857           4677.07        4838.53
1858           4677.07        4838.53
1859           4677.07        4838.53
1860           4677.07        4838.53
1861           4677.07        4838.53
1862           4677.07        4838.53
1863           4677.07        4838.53
1864           4677.07        4838.53
1865           4677.07        4838.53
1866           4677.07        4838.53
1867           4677.07        4838.53
1868           4677.07        4838.53
1869           4677.07        4838.53
1870           4677.07        4838.53
1871           4677.07        4838.53
1872           4677.07        4838.53
1873           4677.07        4838.53
1874           4677.07        4838.53
1875           4677.07        4838.53
1876           4677.07        4838.52
1877           4677.07        4838.52
1878           4677.07        4838.52
1879           4677.07        4838.52
1880           4677.07        4838.52
1881           4677.07        4838.52
1882           4677.07        4838.52
1883           4677.07        4838.52
1884           4677.07        4838.52
1885           4677.07        4838.52
1886           4677.07        4838.52
1887           4677.07        4838.52
1888           4677.07        4838.52
1889           4677.07        4838.52
1890           4677.07        4838.52
1891           4677.07        4838.52
1892           4677.07        4838.52
1893           4677.07        4838.52
1894           4677.07        4838.52
1895           4677.07        4838.52
1896           4677.07        4838.52
1897           4677.07        4838.52
1898           4677.07        4838.52
1899           4677.07        4838.52
1900           4677.07        4838.52
1901           4677.07        4838.52
1902           4677.07        4838.52
1903           4677.07        4838.52
1904           4677.07        4838.52
1905           4677.07        4838.52
1906           4677.07        4838.52
1907           4677.07        4838.52
1908           4677.07        4838.52
1909           4677.07        4838.52
1910           4677.07        4838.52
1911           4677.07        4838.52
1912           4677.07        4838.52
1913           4677.07        4838.52
1914           4677.07        4838.52
1915           4677.07        4838.52
1916           4677.07        4838.52
1917           4677.07        4838.52
1918           4677.07        4838.52
1919           4677.07        4838.52
1920           4677.07        4838.52
1921           4677.07        4838.52
1922           4677.07        4838.52
1923           4677.07        4838.52
1924           4677.07        4838.52
1925           4677.07        4838.52
1926           4677.07        4838.52
1927           4677.07        4838.52
1928           4677.07        4838.52
1929           4677.07        4838.51
1930           4677.07        4838.51
1931           4677.07        4838.51
1932           4677.07        4838.51
1933           4677.07        4838.51
1934           4677.07        4838.51
1935           4677.07        4838.51
1936           4677.07        4838.51
1937           4677.07        4838.51
1938           4677.07        4838.51
1939           4677.07        4838.51
1940           4677.07        4838.51
1941           4677.07        4838.51
1942           4677.07        4838.51
1943           4677.07        4838.51
1944           4677.07        4838.51
1945           4677.07        4838.51
1946           4677.07        4838.51
1947           4677.07        4838.51
1948           4677.07        4838.51
1949           4677.07        4838.51
1950           4677.07        4838.51
1951           4677.07        4838.51
1952           4677.07        4838.51
1953           4677.07        4838.51
1954           4677.07        4838.51
1955           4677.07        4838.51
1956           4677.07        4838.51
1957           4677.07        4838.51
1958           4677.07        4838.51
1959           4677.07        4838.51
1960           4677.07        4838.51
1961           4677.07        4838.51
1962           4677.07        4838.51
1963           4677.07        4838.51
1964           4677.07        4838.51
1965           4677.07        4838.51
1966           4677.07        4838.51
1967           4677.07        4838.51
1968           4677.07        4838.51
1969           4677.07        4838.51
1970           4677.07        4838.51
1971           4677.07        4838.51
1972           4677.07        4838.51
1973           4677.07        4838.51
1974           4677.07        4838.51
1975           4677.07        4838.51
1976           4677.07        4838.51
1977           4677.07        4838.51
1978           4677.07        4838.51
1979           4677.07        4838.51
1980           4677.07        4838.51
1981           4677.07        4838.51
1982           4677.07        4838.51
1983           4677.07        4838.51
1984           4677.07        4838.51
1985           4677.07        4838.51
1986           4677.07        4838.51
1987           4677.07        4838.51
1988           4677.07        4838.51
1989           4677.07        4838.51
1990           4677.07        4838.51
1991           4677.07        4838.51
1992           4677.07        4838.51
1993           4677.07        4838.51
1994           4677.07        4838.51
1995           4677.07        4838.51
1996           4677.07        4838.51
1997           4677.07        4838.51
1998           4677.07        4838.51
1999           4677.07        4838.51
2000           4677.07        4838.51
2001           4677.07        4838.51
2002           4677.07        4838.51
2003           4677.07        4838.51
2004           4677.07        4838.51
2005           4677.07        4838.51
2006           4677.07        4838.51
2007           4677.07        4838.51
2008           4677.07        4838.51
2009           4677.07        4838.51
2010           4677.07        4838.51
2011           4677.07        4838.51
2012           4677.07         4838.5
2013           4677.07         4838.5
2014           4677.07         4838.5
2015           4677.07         4838.5
2016           4677.07         4838.5
2017           4677.07         4838.5
2018           4677.07         4838.5
2019           4677.07         4838.5
2020           4677.07         4838.5
2021           4677.07         4838.5
2022           4677.07         4838.5
2023           4677.07         4838.5
2024           4677.07         4838.5
2025           4677.07         4838.5
2026           4677.07         4838.5
2027           4677.07         4838.5
2028           4677.07         4838.5
2029           4677.07         4838.5
2030           4677.07         4838.5
2031           4677.07         4838.5
2032           4677.07         4838.5
2033           4677.07         4838.5
2034           4677.07        4838.49
2035           4677.07        4838.49
2036           4677.07        4838.49
2037           4677.07        4838.49
2038           4677.07        4838.49
2039           4677.07        4838.49
2040           4677.07        4838.49
2041           4677.07        4838.49
2042           4677.07        4838.49
2043           4677.07        4838.49
2044           4677.07        4838.49
2045           4677.07        4838.49
2046           4677.07        4838.49
2047           4677.07        4838.49
2048           4677.07        4838.49
2049           4677.07        4838.49
2050           4677.07        4838.49
2051           4677.07        4838.49
2052           4677.07        4838.49
2053           4677.07        4838.49
2054           4677.07        4838.49
2055           4677.07        4838.49
2056           4677.07        4838.49
2057           4677.07        4838.49
2058           4677.07        4838.49
2059           4677.07        4838.49
2060           4677.07        4838.49
2061           4677.07        4838.49
2062           4677.07        4838.49
2063           4677.07        4838.49
2064           4677.07        4838.49
2065           4677.07        4838.49
2066           4677.07        4838.49
2067           4677.07        4838.49
2068           4677.07        4838.49
2069           4677.07        4838.49
2070           4677.07        4838.49
2071           4677.07        4838.49
2072           4677.07        4838.49
2073           4677.07        4838.49
2074           4677.07        4838.49
2075           4677.07        4838.49
2076           4677.07        4838.49
2077           4677.07        4838.49
2078           4677.07        4838.49
2079           4677.07        4838.49
2080           4677.07        4838.49
2081           4677.07        4838.49
2082           4677.07        4838.49
2083           4677.07        4838.48
2084           4677.07        4838.48
2085           4677.07        4838.48
2086           4677.07        4838.48
2087           4677.07        4838.48
2088           4677.07        4838.48
2089           4677.07        4838.48
2090           4677.07        4838.48
2091           4677.07        4838.48
2092           4677.07        4838.48
2093           4677.07        4838.48
2094           4677.07        4838.48
2095           4677.07        4838.48
2096           4677.07        4838.48
2097           4677.07        4838.48
2098           4677.07        4838.48
2099           4677.07        4838.48
2100           4677.07        4838.48
2101           4677.07        4838.48
2102           4677.07        4838.48
2103           4677.07        4838.48
2104           4677.07        4838.48
2105           4677.07        4838.48
2106           4677.07        4838.48
2107           4677.07        4838.48
2108           4677.07        4838.48
2109           4677.07        4838.48
2110           4677.07        4838.48
2111           4677.07        4838.48
2112           4677.07        4838.48
2113           4677.07        4838.48
2114           4677.07        4838.48
2115           4677.07        4838.48
2116           4677.07        4838.48
2117           4677.07        4838.48
2118           4677.07        4838.48
2119           4677.07        4838.48
2120           4677.07        4838.48
2121           4677.07        4838.48
2122           4677.07        4838.48
2123           4677.07        4838.48
2124           4677.07        4838.48
2125           4677.07        4838.48
2126           4677.07        4838.48
2127           4677.07        4838.48
2128           4677.07        4838.48
2129           4677.07        4838.48
2130           4677.07        4838.48
2131           4677.07        4838.48
2132           4677.07        4838.48
2133           4677.07        4838.48
2134           4677.07        4838.48
2135           4677.07        4838.48
2136           4677.07        4838.48
2137           4677.07        4838.48
2138           4677.07        4838.48
2139           4677.07        4838.48
2140           4677.07        4838.48
2141           4677.07        4838.48
2142           4677.07        4838.48
2143           4677.07        4838.48
2144           4677.07        4838.48
2145           4677.07        4838.48
2146           4677.07        4838.48
2147           4677.07        4838.48
2148           4677.07        4838.48
2149           4677.07        4838.48
2150           4677.07        4838.48
2151           4677.07        4838.48
2152           4677.07        4838.48
2153           4677.07        4838.48
2154           4677.07        4838.48
2155           4677.07        4838.48
2156           4677.07        4838.48
2157           4677.07        4838.48
2158           4677.07        4838.48
2159           4677.07        4838.48
2160           4677.07        4838.48
2161           4677.07        4838.48
2162           4677.07        4838.48
2163           4677.07        4838.48
2164           4677.07        4838.48
2165           4677.07        4838.48
2166           4677.07        4838.47
2167           4677.07        4838.47
2168           4677.06        4838.47
2169           4677.05        4838.47
2170           4677.05        4838.47
2171           4677.05        4838.47
2172           4677.05        4838.47
2173           4677.05        4838.47
2174           4677.05        4838.47
2175           4677.05        4838.47
2176           4677.05        4838.47
2177           4677.05        4838.47
2178           4677.05        4838.47
2179           4677.05        4838.47
2180           4677.05        4838.47
2181           4677.05        4838.47
2182           4677.05        4838.47
2183           4677.05        4838.47
2184           4677.05        4838.47
2185           4677.05        4838.47
2186           4677.05        4838.47
2187           4677.05        4838.46
2188           4677.05        4838.46
2189           4677.05        4838.46
2190           4677.05        4838.46
2191           4677.05        4838.46
2192           4677.05        4838.46
2193           4677.05        4838.46
2194           4677.05        4838.46
2195           4677.05        4838.46
2196           4677.05        4838.46
2197           4677.05        4838.46
2198           4677.05        4838.46
2199           4677.05        4838.46
2200           4677.05        4838.46
2201           4677.05        4838.46
2202           4677.05        4838.46
2203           4677.05        4838.46
2204           4677.05        4838.46
2205           4677.05        4838.46
2206           4677.05        4838.46
2207           4677.05        4838.46
2208           4677.05        4838.46
2209           4677.05        4838.46
2210           4677.05        4838.46
2211           4677.05        4838.46
2212           4677.05        4838.46
2213           4677.03        4838.46
2214           4677.03        4838.46
2215           4677.03        4838.46
2216           4677.03        4838.46
2217           4677.03        4838.46
2218           4677.03        4838.46
2219           4677.03        4838.46
2220           4677.03        4838.46
2221           4677.03        4838.46
2222           4677.03        4838.46
2223           4677.03        4838.46
2224           4677.03        4838.46
2225           4677.03        4838.46
2226           4677.03        4838.46
2227           4677.03        4838.46
2228           4677.03        4838.46
2229           4677.03        4838.46
2230           4677.03        4838.46
2231           4677.03        4838.46
2232           4677.03        4838.46
2233           4677.03        4838.46
2234           4677.03        4838.46
2235           4677.03        4838.46
2236           4677.03        4838.46
2237           4677.03        4838.46
2238           4677.03        4838.46
2239           4677.03        4838.46
2240           4677.03        4838.46
2241           4677.03        4838.46
2242           4677.03        4838.46
2243           4677.03        4838.46
2244           4677.03        4838.46
2245           4677.03        4838.46
2246           4677.03        4838.46
2247           4677.03        4838.46
2248           4677.03        4838.46
2249           4677.03        4838.46
2250           4677.03        4838.46
2251           4677.03        4838.46
2252           4677.03        4838.46
2253           4677.03        4838.46
2254           4677.03        4838.45
2255           4677.03        4838.45
2256           4677.03        4838.45
2257           4677.03        4838.45
2258           4677.03        4838.45
2259           4677.03        4838.45
2260           4677.03        4838.45
2261           4677.03        4838.45
2262           4677.03        4838.45
2263           4677.03        4838.45
2264           4677.03        4838.45
2265           4677.03        4838.45
2266           4677.03        4838.45
2267           4677.03        4838.45
2268           4677.03        4838.45
2269           4677.03        4838.45
2270           4677.03        4838.45
2271           4677.03        4838.45
2272           4677.03        4838.45
2273           4677.03        4838.45
2274           4677.03        4838.45
2275           4677.03        4838.45
2276           4677.03        4838.45
2277           4677.03        4838.45
2278           4677.03        4838.45
2279           4677.03        4838.45
2280           4677.03        4838.45
2281           4677.03        4838.45
2282           4677.03        4838.45
2283           4677.03        4838.45
2284           4677.03        4838.45
2285           4677.03        4838.45
2286           4677.03        4838.45
2287           4677.03        4838.45
2288           4677.03        4838.45
2289           4677.03        4838.45
2290           4677.03        4838.45
2291           4677.03        4838.45
2292           4677.03        4838.45
2293           4677.03        4838.45
2294           4677.03        4838.45
2295           4677.03        4838.45
2296           4677.03        4838.45
2297           4677.03        4838.45
2298           4677.03        4838.45
2299           4677.03        4838.45
2300           4677.03        4838.45
2301           4677.03        4838.45
2302           4677.03        4838.45
2303           4677.01        4838.45
2304           4677.01        4838.45
2305           4677.01        4838.45
2306           4677.01        4838.44
2307           4677.01        4838.44
2308           4677.01        4838.44
2309           4677.01        4838.44
2310           4677.01        4838.44
2311           4677.01        4838.44
2312           4677.01        4838.44
2313           4677.01        4838.44
2314           4677.01        4838.44
2315           4677.01        4838.44
2316           4677.01        4838.44
2317           4677.01        4838.44
2318           4677.01        4838.44
2319           4677.01        4838.44
2320           4677.01        4838.44
2321           4677.01        4838.44
2322           4677.01        4838.44
2323           4677.01        4838.44
2324           4677.01        4838.44
2325           4677.01        4838.44
2326           4677.01        4838.44
2327           4677.01        4838.44
2328           4677.01        4838.44
2329           4677.01        4838.44
2330           4677.01        4838.44
2331           4677.01        4838.44
2332           4677.01        4838.44
2333           4677.01        4838.44
2334           4677.01        4838.44
2335           4677.01        4838.44
2336           4677.01        4838.44
2337           4677.01        4838.44
2338           4677.01        4838.44
2339           4677.01        4838.44
2340           4677.01        4838.44
2341           4677.01        4838.44
2342           4677.01        4838.44
2343           4677.01        4838.44
2344           4677.01        4838.44
2345           4677.01        4838.44
2346           4677.01        4838.44
2347           4677.01        4838.44
2348           4677.01        4838.44
2349           4677.01        4838.44
2350           4677.01        4838.44
2351           4677.01        4838.44
2352           4677.01        4838.44
2353           4677.01        4838.44
2354           4677.01        4838.44
2355           4677.01        4838.44
2356           4677.01        4838.44
2357           4677.01        4838.44
2358           4677.01        4838.44
2359           4677.01        4838.44
2360           4677.01        4838.44
2361           4677.01        4838.44
2362           4677.01        4838.44
2363           4677.01        4838.44
2364           4677.01        4838.44
2365           4677.01        4838.44
2366           4677.01        4838.44
2367           4677.01        4838.44
2368           4677.01        4838.44
2369           4677.01        4838.44
2370           4677.01        4838.44
2371           4677.01        4838.44
2372           4677.01        4838.44
2373           4677.01        4838.44
2374           4677.01        4838.44
2375           4677.01        4838.43
2376           4677.01        4838.43
2377           4677.01        4838.43
2378           4677.01        4838.42
2379           4677.01        4838.42
2380           4677.01        4838.42
2381           4677.01        4838.42
2382           4677.01        4838.42
2383           4677.01        4838.42
2384           4677.01        4838.42
2385           4677.01        4838.42
2386           4677.01        4838.42
2387           4677.01        4838.42
2388           4677.01        4838.42
2389           4677.01        4838.42
2390           4677.01        4838.42
2391           4677.01        4838.42
2392           4677.01        4838.42
2393           4677.01        4838.41
2394           4677.01        4838.41
2395           4677.01        4838.41
2396           4677.01        4838.41
2397           4677.01        4838.41
2398           4677.01        4838.41
2399           4677.01        4838.41
2400           4677.01        4838.41
2401           4677.01        4838.41
2402           4677.01        4838.41
2403           4677.01        4838.41
2404           4677.01        4838.41
2405           4677.01        4838.41
2406           4677.01        4838.41
2407           4677.01        4838.41
2408           4677.01        4838.41
2409           4677.01        4838.41
2410           4677.01        4838.41
2411           4677.01        4838.41
2412           4677.01        4838.41
2413           4677.01        4838.41
2414           4677.01        4838.41
2415           4677.01        4838.41
2416           4677.01        4838.41
2417           4677.01        4838.41
2418           4677.01        4838.41
2419           4677.01        4838.41
2420           4677.01        4838.41
2421           4677.01        4838.41
2422           4677.01        4838.41
2423           4677.01        4838.41
2424           4677.01        4838.41
2425           4677.01        4838.41
2426           4677.01        4838.41
2427           4677.01        4838.41
2428           4677.01        4838.41
2429           4677.01        4838.41
2430           4677.01        4838.41
2431           4677.01        4838.41
2432           4677.01         4838.4
2433           4677.01         4838.4
2434           4677.01         4838.4
2435           4677.01         4838.4
2436           4677.01         4838.4
2437           4677.01         4838.4
2438           4677.01         4838.4
2439           4677.01         4838.4
2440           4677.01         4838.4
2441           4677.01         4838.4
2442           4677.01         4838.4
2443           4677.01         4838.4
2444           4677.01         4838.4
2445           4677.01         4838.4
2446           4677.01         4838.4
2447           4677.01         4838.4
2448           4677.01         4838.4
2449           4677.01         4838.4
2450           4677.01         4838.4
2451           4677.01         4838.4
2452           4677.01         4838.4
2453           4677.01         4838.4
2454           4677.01         4838.4
2455           4677.01         4838.4
2456           4677.01         4838.4
2457           4677.01         4838.4
2458           4677.01         4838.4
2459           4677.01         4838.4
2460           4677.01         4838.4
2461           4677.01         4838.4
2462           4677.01         4838.4
2463           4677.01         4838.4
2464           4677.01         4838.4
2465           4677.01         4838.4
2466           4677.01         4838.4
2467           4677.01         4838.4
2468           4677.01         4838.4
2469           4677.01         4838.4
2470           4677.01         4838.4
2471           4677.01         4838.4
2472           4677.01         4838.4
2473           4677.01         4838.4
2474           4677.01         4838.4
2475           4677.01         4838.4
2476           4677.01         4838.4
2477           4677.01         4838.4
2478           4677.01         4838.4
2479           4677.01         4838.4
2480           4677.01         4838.4
2481           4677.01         4838.4
2482           4677.01         4838.4
2483           4677.01         4838.4
2484           4677.01         4838.4
2485           4677.01         4838.4
2486           4677.01         4838.4
2487           4677.01         4838.4
2488           4677.01         4838.4
2489           4677.01         4838.4
2490           4677.01         4838.4
2491           4677.01         4838.4
2492           4677.01         4838.4
2493           4677.01         4838.4
2494           4677.01         4838.4
2495           4677.01         4838.4
2496           4677.01         4838.4
2497           4677.01         4838.4
2498           4677.01         4838.4
2499           4677.01         4838.4
2500           4677.01         4838.4
